26_Soldier_Drilling_Soldiers_Drilling_26_262
142
758 325 24 30 0.9971179 
919 283 27 34 0.99690706 
954 292 26 31 0.9959649 
802 285 23 29 0.9957248 
619 316 25 29 0.9953371 
575 273 23 29 0.99430895 
693 276 23 28 0.99374086 
474 310 24 29 0.99326515 
168 265 25 29 0.99315506 
448 270 22 29 0.99142283 
274 293 24 30 0.99088293 
725 282 24 28 0.9904349 
404 193 13 17 0.99009377 
76 259 25 29 0.98914355 
852 291 23 28 0.98717207 
609 273 22 28 0.9855341 
535 267 24 28 0.98472077 
763 249 19 25 0.98461574 
635 282 23 26 0.9833581 
126 263 22 26 0.9832727 
223 261 21 27 0.97832286 
781 273 20 26 0.97814375 
485 241 14 19 0.9768752 
37 272 22 27 0.97647685 
59 253 22 29 0.9750748 
370 218 13 17 0.97507316 
1004 266 22 34 0.97297835 
299 263 22 27 0.9719206 
439 218 16 19 0.9667223 
324 217 18 21 0.96539414 
302 213 15 19 0.9641675 
218 231 18 22 0.96379083 
527 219 13 16 0.95872754 
864 253 21 24 0.95510435 
5 262 22 27 0.9540393 
169 212 12 16 0.95400035 
650 235 13 16 0.95233226 
341 256 24 29 0.9433792 
965 236 20 24 0.9379959 
249 216 15 18 0.9357244 
585 227 11 16 0.930311 
683 221 14 17 0.9250255 
241 259 20 27 0.92119634 
474 229 13 16 0.91882455 
509 267 20 26 0.9177412 
420 256 15 22 0.9019077 
592 243 14 16 0.90012145 
123 238 18 20 0.897517 
219 210 13 15 0.8848723 
690 251 19 20 0.8500267 
150 249 14 20 0.8297534 
89 214 15 17 0.8246992 
497 223 12 15 0.77471614 
388 263 19 24 0.7738357 
430 260 19 27 0.7436995 
205 252 14 18 0.69844306 
602 221 14 17 0.61297077 
331 267 16 22 0.54876626 
399 226 12 15 0.54335237 
351 231 13 15 0.52783257 
804 249 13 16 0.51294005 
823 289 18 22 0.48337075 
105 259 18 24 0.4650451 
714 236 17 22 0.43566748 
385 219 13 16 0.42700315 
927 251 22 24 0.41877383 
519 244 19 21 0.3954406 
265 210 13 19 0.378781 
522 266 21 27 0.34229586 
814 287 20 26 0.3402852 
263 236 14 20 0.30325425 
115 223 11 14 0.2914777 
52 213 14 17 0.2655537 
838 280 16 23 0.25844947 
322 256 14 23 0.23176128 
131 74 31 31 0.22749057 
45 211 15 18 0.20117387 
117 261 20 25 0.19332443 
179 229 15 17 0.18675645 
44 236 16 18 0.18497284 
451 218 13 17 0.18229084 
977 280 15 21 0.17806068 
36 251 16 21 0.17717896 
327 261 14 24 0.17558227 
897 285 13 17 0.16547276 
308 259 21 28 0.15870646 
833 252 15 15 0.15603775 
721 239 17 20 0.12919213 
899 241 16 21 0.12721261 
379 286 15 26 0.1259959 
698 247 17 19 0.11564782 
154 252 15 24 0.115264006 
832 285 18 24 0.11524456 
844 244 11 16 0.110044114 
262 252 15 21 0.10824119 
877 311 16 19 0.10721668 
414 236 15 16 0.09875591 
813 257 17 18 0.097954035 
678 216 11 17 0.094192795 
809 252 16 18 0.09381716 
39 205 10 14 0.092728786 
262 216 13 18 0.09127028 
843 284 20 27 0.09108273 
59 212 12 17 0.0796792 
42 206 13 16 0.06984853 
38 243 21 25 0.06166306 
809 244 15 17 0.05905057 
542 243 15 18 0.057587847 
503 265 16 22 0.052594427 
485 228 11 14 0.046506923 
355 223 13 15 0.046461787 
41 224 21 23 0.043664258 
133 86 16 21 0.043569192 
322 239 17 22 0.04169522 
746 260 14 18 0.04144954 
412 254 14 21 0.041032016 
829 255 15 17 0.040925898 
516 240 16 19 0.04062449 
988 121 10 15 0.03936071 
297 213 12 16 0.039338022 
524 256 16 23 0.039003152 
911 255 22 27 0.038416225 
820 254 14 17 0.036982186 
406 256 14 20 0.03655253 
282 234 13 20 0.03637084 
528 248 17 23 0.034814943 
156 261 15 23 0.031314872 
902 251 21 28 0.030092169 
461 219 10 14 0.029856762 
611 220 11 14 0.027393188 
521 221 13 15 0.027382366 
882 282 15 20 0.02623112 
318 213 14 19 0.025070177 
388 223 14 16 0.024839666 
181 222 13 15 0.02295464 
320 226 22 25 0.022753855 
487 223 10 12 0.022635655 
272 234 19 26 0.022307899 
406 231 14 17 0.022177422 
624 273 22 29 0.022102775 
512 246 21 26 0.021373294 
381 270 17 23 0.02030899 
