26_Soldier_Drilling_Soldiers_Drilling_26_619
19
815 242 26 29 0.9932596 
460 216 29 35 0.9879731 
382 251 18 19 0.86657166 
69 240 17 21 0.7302256 
131 251 17 23 0.5409239 
765 299 25 26 0.46813595 
701 248 12 17 0.3585751 
210 147 17 21 0.29942518 
118 251 15 19 0.16356072 
124 251 17 21 0.13955711 
678 314 14 17 0.11871902 
103 252 12 17 0.05414999 
893 374 14 16 0.039518345 
60 244 18 22 0.035534125 
706 245 13 19 0.029802252 
191 409 10 13 0.024787033 
111 276 11 14 0.023758415 
110 251 12 17 0.023749352 
4 272 17 23 0.022799872 
