26_Soldier_Drilling_Soldiers_Drilling_26_832
18
437 202 63 93 0.9977847 
788 214 65 94 0.9969902 
541 263 53 63 0.9846206 
889 277 37 53 0.25132746 
41 303 12 14 0.24144012 
985 322 14 18 0.23656052 
707 301 16 20 0.23446816 
105 299 12 15 0.11254553 
435 153 11 15 0.06279905 
981 327 22 28 0.056717712 
70 319 9 11 0.054840375 
647 286 14 17 0.05435619 
177 319 14 15 0.043777652 
15 310 10 12 0.032664802 
21 310 9 12 0.02597991 
10 333 12 15 0.023829458 
159 357 11 15 0.021994999 
65 323 12 15 0.020653762 
