11_Meeting_Meeting_11_Meeting_Meeting_11_574
139
850 294 29 35 0.99671054 
970 288 31 36 0.9965708 
712 321 31 38 0.99626285 
956 332 36 42 0.9960387 
638 283 26 32 0.9943732 
262 298 22 29 0.9940591 
532 243 16 21 0.99300414 
349 301 23 28 0.9907726 
197 290 24 29 0.9893758 
800 265 23 29 0.98909235 
453 219 16 21 0.9874237 
356 257 17 23 0.97742075 
509 238 14 18 0.9750431 
123 294 22 27 0.97291994 
739 289 25 30 0.9666353 
435 215 14 20 0.9664882 
49 335 40 71 0.9651077 
353 236 16 21 0.96214366 
926 220 15 18 0.961047 
865 241 18 21 0.9596643 
728 240 16 19 0.9484983 
688 260 19 28 0.9450979 
483 259 17 22 0.93980277 
304 258 16 22 0.9374528 
495 224 13 17 0.9355283 
568 198 11 13 0.92456114 
399 276 20 25 0.9237312 
515 208 13 17 0.9190905 
588 194 11 14 0.91646063 
804 236 14 17 0.9160245 
784 257 18 24 0.9105582 
127 53 19 33 0.9064485 
706 251 17 23 0.9034859 
592 231 12 17 0.89434755 
398 253 17 19 0.87586987 
659 205 11 14 0.868258 
932 203 13 16 0.86389446 
920 195 10 13 0.85749847 
752 219 13 18 0.84590745 
624 219 11 14 0.8425593 
529 207 10 13 0.83719504 
771 208 11 13 0.79589355 
551 234 14 17 0.79528415 
872 216 15 17 0.79422534 
951 258 20 26 0.78108525 
942 236 14 16 0.683839 
555 198 12 15 0.67933476 
412 239 15 19 0.66428185 
613 200 11 14 0.59623694 
705 190 10 12 0.56549186 
785 208 10 12 0.54632413 
821 189 9 11 0.5135236 
636 189 9 12 0.5083725 
544 223 11 13 0.50264364 
824 207 11 14 0.4985861 
958 242 14 16 0.49273363 
646 221 11 14 0.4761003 
571 213 10 12 0.44830707 
604 192 10 12 0.41584355 
693 195 9 12 0.38903648 
675 246 15 19 0.37158644 
646 194 10 12 0.3569653 
468 245 14 18 0.31123 
833 198 11 12 0.24030472 
838 190 8 11 0.16352588 
703 184 10 11 0.1480876 
680 191 9 11 0.14229392 
637 245 13 17 0.13327137 
602 196 10 12 0.13225783 
674 227 13 15 0.12839279 
949 240 14 16 0.11484721 
792 196 9 11 0.10567248 
675 235 14 17 0.10538686 
678 196 9 11 0.10384128 
771 261 13 18 0.101352684 
303 132 12 15 0.10115721 
882 192 9 12 0.101007976 
664 189 8 11 0.095114656 
663 185 8 10 0.09469814 
407 243 15 18 0.08209003 
807 206 9 11 0.07141793 
446 216 15 24 0.07021607 
956 250 17 22 0.06709654 
905 243 14 18 0.06593232 
615 222 11 13 0.064103216 
671 196 9 11 0.062169455 
815 204 10 13 0.058941305 
747 268 16 18 0.0554474 
691 173 8 10 0.054402273 
834 192 9 10 0.05359004 
674 222 11 13 0.053225596 
814 199 10 12 0.052500617 
613 189 10 12 0.05210438 
608 203 12 13 0.05123191 
687 190 10 12 0.05105609 
691 309 19 22 0.04919059 
887 293 13 18 0.047714952 
804 213 10 12 0.04610792 
639 194 11 13 0.044464573 
800 206 9 12 0.04297268 
834 203 12 14 0.041928988 
728 285 25 28 0.041521486 
715 234 13 15 0.040872943 
695 228 11 15 0.040415213 
633 173 8 10 0.03948954 
784 231 11 14 0.03861925 
918 199 13 16 0.037014462 
708 193 10 13 0.035428774 
656 190 8 10 0.03530504 
809 201 9 11 0.035175223 
195 147 16 17 0.03470308 
674 215 12 13 0.033806402 
556 236 14 19 0.03379813 
686 184 9 11 0.033399805 
796 198 9 11 0.03247604 
812 227 14 18 0.032472394 
843 288 24 32 0.032270502 
600 206 10 12 0.03210653 
805 221 11 13 0.031921715 
662 199 10 12 0.0319047 
396 261 20 27 0.03167105 
813 264 20 27 0.029600596 
799 220 11 12 0.028744454 
414 233 12 15 0.02871695 
819 225 13 17 0.027796784 
847 205 10 13 0.026437374 
680 184 9 11 0.025706047 
672 207 9 11 0.02545198 
834 228 14 17 0.024526097 
826 266 14 20 0.024001589 
605 220 11 14 0.023784878 
657 183 9 11 0.023177203 
765 236 13 17 0.023074629 
541 236 14 17 0.022576066 
909 204 10 14 0.021825522 
582 220 11 14 0.021794342 
795 191 10 12 0.020799905 
571 205 11 14 0.02041704 
821 196 11 13 0.02036123 
