11_Meeting_Meeting_11_Meeting_Meeting_11_385
72
940 246 56 79 0.99700385 
832 89 25 36 0.99590105 
769 211 41 50 0.9941831 
159 207 30 47 0.9938361 
714 170 24 34 0.9924522 
660 161 22 29 0.98937756 
281 180 22 32 0.9882733 
803 175 25 36 0.9822681 
296 168 19 25 0.9733767 
75 221 35 59 0.9730199 
360 153 16 22 0.96491706 
834 217 38 46 0.9636545 
600 147 11 14 0.95816773 
644 157 14 20 0.9577412 
31 255 54 73 0.94602734 
433 102 9 12 0.9459664 
773 145 13 17 0.94346565 
910 162 16 19 0.9207663 
454 147 12 15 0.867611 
791 139 11 14 0.8636055 
287 172 22 31 0.8600608 
704 112 8 11 0.85832536 
758 145 12 16 0.82801384 
576 108 9 12 0.8209462 
958 165 16 19 0.7524494 
526 104 8 13 0.7322223 
736 100 9 11 0.71864825 
662 131 9 11 0.6996 
618 146 12 17 0.6936049 
384 149 13 15 0.6660793 
925 579 60 96 0.5628893 
651 143 11 14 0.5471598 
716 108 8 12 0.52349263 
789 165 17 18 0.5050958 
735 137 9 13 0.4833725 
1011 169 13 23 0.4767618 
550 108 8 11 0.3737115 
510 110 12 16 0.3540747 
970 163 15 18 0.25039944 
653 158 19 28 0.18492225 
490 180 11 13 0.18238121 
517 107 12 15 0.15269321 
648 147 13 17 0.14855519 
377 170 11 14 0.1241958 
767 146 13 17 0.11498594 
582 151 9 10 0.100695 
416 18 26 30 0.08462516 
782 142 11 15 0.08048822 
663 140 11 14 0.0727431 
751 143 11 15 0.07031293 
827 207 27 40 0.06389116 
812 179 27 36 0.05976347 
885 180 16 19 0.053856872 
710 133 11 13 0.049442295 
714 161 19 24 0.04854928 
558 103 9 11 0.04294051 
742 142 10 13 0.042250935 
580 180 9 11 0.040118013 
503 113 13 17 0.03936005 
593 136 9 11 0.038773004 
325 188 13 18 0.038402926 
582 176 8 10 0.036398448 
559 109 8 11 0.034069136 
648 152 15 22 0.03193059 
309 113 13 16 0.029484408 
569 110 8 11 0.026297674 
797 161 22 29 0.024418382 
593 149 10 13 0.023125257 
593 140 10 13 0.02259913 
409 177 10 11 0.022333616 
400 184 11 11 0.021171993 
668 140 10 13 0.020710241 
