11_Meeting_Meeting_11_Meeting_Meeting_11_774
347
14 602 50 58 0.99882823 
402 438 23 28 0.98765093 
234 412 17 21 0.9871148 
600 441 22 28 0.9758887 
708 415 18 20 0.9728854 
830 309 10 12 0.9721406 
452 379 12 16 0.97023624 
449 436 19 25 0.9687074 
348 418 17 21 0.96639675 
272 401 18 23 0.95963794 
567 473 21 26 0.95600986 
101 395 12 15 0.95473605 
472 391 16 22 0.9547128 
742 358 10 13 0.9518427 
102 354 15 18 0.94943213 
597 406 15 19 0.9493372 
499 420 18 25 0.9484327 
742 395 17 23 0.942888 
194 373 14 19 0.9381972 
301 421 18 24 0.93481666 
358 342 10 14 0.93464357 
790 353 12 15 0.932902 
765 390 15 20 0.93070304 
845 365 10 14 0.93004215 
479 371 12 14 0.9247435 
423 386 12 15 0.908079 
250 380 14 18 0.9047245 
800 374 14 16 0.90378326 
440 336 8 11 0.903543 
537 469 23 27 0.88710463 
715 369 15 17 0.8858921 
392 411 17 21 0.8772843 
396 389 14 17 0.8700332 
820 373 13 16 0.86392605 
508 365 11 14 0.85762495 
284 371 10 15 0.85576385 
174 358 14 17 0.8438932 
128 390 12 14 0.8383898 
783 299 9 12 0.8335401 
507 390 15 19 0.8328064 
886 323 12 16 0.8317576 
521 349 9 11 0.8282115 
649 451 16 20 0.8254107 
424 408 17 20 0.8251864 
346 369 15 18 0.81648314 
653 362 11 14 0.8134108 
132 352 11 14 0.81332445 
628 395 12 18 0.799168 
200 347 11 14 0.7911118 
271 349 11 14 0.7834128 
232 365 12 13 0.76116794 
145 365 11 14 0.74307835 
430 357 12 15 0.7188158 
411 359 12 16 0.7117516 
565 341 8 11 0.7103418 
480 353 10 12 0.7083913 
108 335 9 12 0.6996945 
13 97 8 10 0.69884217 
107 376 12 14 0.69871944 
245 361 11 15 0.68021595 
184 393 13 18 0.6624802 
329 351 11 13 0.64761084 
298 389 13 17 0.63015634 
229 376 11 15 0.627934 
322 373 12 15 0.618048 
617 348 9 12 0.6138919 
158 390 12 16 0.60506713 
546 344 9 11 0.59900737 
66 379 13 17 0.563456 
457 355 11 13 0.5278087 
324 331 9 12 0.5163413 
93 101 7 9 0.51078296 
659 389 13 16 0.50646996 
68 366 12 13 0.50391775 
671 51 11 15 0.4978799 
374 369 14 17 0.47648895 
760 45 12 14 0.4462064 
706 353 9 11 0.44168735 
525 305 7 10 0.4401315 
417 301 8 9 0.43701872 
944 327 11 14 0.42729256 
734 344 10 13 0.42333493 
238 339 10 11 0.42297474 
418 334 10 13 0.4164553 
156 342 10 14 0.41602147 
464 511 18 22 0.4102668 
375 344 10 11 0.3962329 
210 329 8 10 0.39503616 
831 393 12 15 0.39388263 
109 308 8 10 0.3765001 
245 325 8 10 0.37491766 
822 347 10 13 0.3728778 
300 342 10 12 0.37255132 
528 420 12 15 0.36889195 
582 386 10 14 0.3658504 
467 111 14 17 0.3566118 
39 98 8 9 0.33818054 
391 329 7 10 0.33620548 
69 347 10 12 0.33323058 
182 341 9 11 0.3269297 
565 380 11 14 0.3265975 
255 336 10 13 0.31621903 
669 309 8 10 0.3155873 
646 300 7 9 0.3002096 
368 329 8 10 0.28872532 
430 351 10 12 0.27801093 
214 304 7 9 0.2743365 
497 348 9 10 0.2706816 
660 433 15 22 0.25973085 
230 111 7 9 0.25419816 
307 360 12 16 0.2518165 
509 83 13 15 0.25082523 
231 352 10 12 0.2364851 
146 384 9 12 0.23616932 
362 403 15 18 0.22396263 
601 344 9 11 0.22058249 
163 117 7 9 0.21484298 
334 297 7 8 0.2116457 
230 358 12 12 0.21024828 
714 302 8 11 0.20719503 
730 348 10 12 0.20292072 
797 47 9 12 0.20224309 
501 348 9 11 0.20145282 
460 332 9 11 0.19035314 
432 443 14 20 0.18827215 
634 347 8 12 0.1874066 
67 372 13 16 0.18721938 
614 374 10 14 0.18098162 
577 356 8 10 0.17736158 
717 67 11 16 0.17610915 
183 110 6 8 0.17380093 
516 102 14 16 0.16899009 
702 69 12 17 0.16288249 
295 327 8 11 0.15581018 
640 367 10 13 0.15152588 
128 334 8 10 0.14916708 
46 356 9 11 0.14537928 
532 335 9 10 0.14499773 
606 372 10 13 0.13851741 
569 101 16 20 0.13714336 
339 399 15 19 0.13676602 
827 348 12 14 0.13315134 
473 340 8 11 0.13256623 
1 377 10 15 0.12572229 
643 57 12 15 0.1230573 
151 412 12 17 0.12294692 
184 335 8 10 0.12281843 
401 340 9 11 0.11818543 
824 394 13 15 0.11689072 
66 350 9 11 0.11666359 
312 112 8 9 0.11355319 
264 326 7 10 0.11164062 
548 382 10 14 0.11039016 
710 67 14 18 0.10999813 
450 97 14 19 0.108733214 
346 395 13 16 0.10520923 
302 324 9 11 0.097890176 
311 323 9 11 0.09732436 
601 95 20 19 0.09529559 
29 333 9 11 0.092371464 
567 375 11 15 0.090641424 
633 395 13 19 0.089886114 
566 85 9 12 0.08894092 
668 408 14 22 0.088106185 
386 332 7 10 0.08500672 
203 343 12 15 0.08476729 
300 347 12 14 0.08288037 
492 108 10 13 0.08248638 
640 297 9 10 0.08160941 
174 353 12 14 0.07907066 
652 442 16 22 0.07674927 
633 295 8 10 0.076365426 
705 53 10 11 0.07565294 
237 358 12 15 0.07477169 
118 321 7 10 0.07393768 
350 334 10 11 0.07289811 
444 333 9 12 0.072368674 
67 129 9 10 0.07170261 
70 105 7 9 0.07094889 
344 332 8 10 0.07030426 
66 109 8 10 0.06944924 
517 334 9 10 0.06865451 
701 372 11 14 0.06729614 
525 412 15 17 0.065004416 
568 367 9 11 0.06467145 
686 373 9 14 0.06444589 
552 472 23 28 0.06394645 
227 125 8 10 0.06314703 
157 336 8 10 0.06301975 
400 393 15 20 0.061898414 
248 334 10 12 0.06127701 
422 339 9 12 0.06102554 
182 346 11 14 0.060831755 
703 302 9 12 0.059830952 
351 109 10 14 0.058660384 
277 335 9 11 0.05865132 
296 127 8 10 0.057950433 
274 334 8 11 0.056304928 
379 349 9 12 0.055783268 
118 109 7 9 0.055230174 
526 406 13 14 0.05513393 
532 363 11 15 0.0535622 
571 373 11 13 0.0533299 
469 428 14 18 0.052645776 
752 374 13 15 0.052544706 
142 120 7 9 0.052177537 
192 334 8 10 0.050334927 
141 125 8 10 0.049678035 
115 111 6 9 0.04923489 
113 325 8 10 0.048671547 
388 108 8 11 0.048618317 
55 358 8 11 0.04792586 
300 382 13 17 0.045595136 
365 341 10 13 0.045180988 
573 366 10 12 0.045021005 
151 387 10 14 0.044012867 
321 328 9 12 0.043490294 
529 70 11 12 0.04325936 
516 427 13 18 0.043097954 
448 328 8 10 0.042943303 
605 348 9 11 0.04222389 
530 89 15 18 0.04190583 
369 402 14 17 0.041070346 
352 410 20 23 0.040031385 
511 106 16 18 0.039620038 
214 129 7 8 0.03959004 
415 327 9 10 0.03940459 
771 348 13 16 0.039061926 
247 134 7 10 0.03886977 
666 388 12 16 0.038820162 
684 69 9 12 0.038499273 
572 432 14 20 0.03798828 
277 342 11 14 0.03774863 
677 93 13 16 0.03758313 
523 97 14 17 0.037559733 
102 321 9 10 0.037282776 
695 294 7 9 0.036962967 
13 343 8 12 0.036001988 
365 348 10 13 0.035488367 
515 93 14 16 0.035488334 
167 114 7 9 0.035450958 
435 410 14 19 0.03534967 
237 141 8 11 0.035313874 
297 155 9 11 0.03527619 
144 168 9 11 0.034529842 
631 363 10 13 0.03414228 
8 346 10 14 0.03325183 
41 388 10 13 0.032477546 
606 67 10 12 0.032304015 
233 371 13 16 0.031713266 
546 461 18 29 0.031384602 
581 429 13 20 0.03124329 
758 63 12 14 0.03084066 
695 372 12 14 0.030740693 
94 391 13 17 0.030594416 
504 377 212 302 0.030563254 
408 350 10 12 0.030422429 
75 364 11 14 0.029858682 
234 348 12 14 0.02983902 
558 364 11 13 0.029695451 
707 96 15 19 0.029615449 
351 104 9 11 0.029475927 
477 335 8 10 0.029361749 
185 329 8 10 0.029336771 
692 99 13 16 0.02904818 
33 110 8 9 0.028673083 
214 133 8 9 0.028438397 
260 332 10 13 0.028005334 
62 357 9 11 0.027978443 
780 385 14 16 0.027977506 
372 334 9 10 0.027887113 
213 307 9 12 0.02740966 
463 330 8 9 0.027233405 
16 380 9 13 0.02720905 
460 428 16 21 0.026923163 
126 339 9 12 0.026920559 
559 360 9 11 0.026910957 
860 414 9 12 0.02679344 
574 380 12 15 0.026734997 
200 136 8 10 0.026684795 
558 376 12 14 0.026368093 
108 388 12 17 0.02632764 
337 334 8 10 0.026321005 
318 368 12 16 0.026168425 
817 344 11 14 0.026016809 
250 141 8 11 0.025917735 
301 335 10 14 0.025908062 
511 349 9 11 0.025725983 
742 473 15 17 0.025663694 
246 339 11 14 0.025600648 
425 349 9 12 0.025513854 
296 366 11 15 0.025500221 
406 336 9 11 0.025399435 
905 360 10 13 0.025184909 
426 358 10 14 0.025174078 
768 354 11 14 0.025048826 
192 350 10 12 0.024927352 
718 322 11 13 0.024917236 
831 0 9 9 0.02481597 
371 294 7 8 0.024596598 
446 103 14 17 0.024555093 
299 370 13 15 0.024488674 
658 364 11 12 0.02436384 
530 74 14 16 0.024136493 
46 135 8 11 0.024104552 
216 316 10 13 0.024100784 
121 390 10 13 0.024032282 
165 157 9 14 0.024003237 
270 388 13 16 0.023984024 
638 343 8 12 0.023954654 
747 455 18 19 0.02391131 
639 356 9 13 0.023760112 
415 320 9 10 0.02354821 
606 376 13 16 0.023348454 
66 105 8 9 0.02332679 
753 68 10 13 0.023307411 
176 336 9 10 0.023143383 
159 368 10 13 0.023086177 
480 328 7 9 0.023057299 
234 341 11 12 0.022937922 
460 360 13 15 0.022903735 
528 474 25 25 0.022899963 
246 129 8 10 0.022804314 
663 74 13 16 0.02265199 
334 371 13 16 0.022542138 
41 135 9 10 0.022399405 
602 101 25 24 0.022187099 
154 396 12 15 0.022111697 
48 365 10 12 0.021759328 
197 335 10 11 0.021596363 
463 121 23 24 0.02152027 
141 341 10 11 0.02141171 
366 318 8 9 0.021283088 
119 349 10 12 0.021146147 
22 327 10 11 0.020895647 
740 352 11 14 0.020885898 
47 109 7 10 0.02085702 
533 369 11 15 0.020769218 
395 398 19 26 0.020752616 
259 128 7 10 0.020706944 
708 82 15 19 0.020463582 
24 396 10 12 0.020446895 
179 110 7 9 0.020341102 
375 354 13 15 0.020255882 
609 334 9 10 0.020089444 
364 381 13 15 0.02004856 
1 357 10 14 0.020027092 
