11_Meeting_Meeting_11_Meeting_Meeting_11_176
26
792 91 46 62 0.9989611 
336 227 27 33 0.99863464 
121 246 32 41 0.99811965 
214 266 28 34 0.9968882 
410 218 27 32 0.99545985 
187 211 23 30 0.99507844 
498 213 23 28 0.9939877 
15 236 26 30 0.993501 
653 203 22 28 0.98955464 
692 247 36 47 0.988118 
166 76 20 27 0.9804529 
775 240 33 42 0.9710489 
571 213 20 24 0.96147555 
284 213 20 25 0.9587934 
646 277 24 54 0.5572531 
352 222 22 29 0.3838337 
436 321 30 63 0.19490238 
290 343 49 75 0.1292955 
888 228 22 31 0.09919194 
588 255 14 16 0.07667322 
765 226 29 43 0.033938665 
569 325 20 25 0.025554596 
897 236 18 23 0.023704188 
874 228 30 37 0.0234448 
363 227 15 22 0.02189866 
190 145 8 9 0.021470146 
