11_Meeting_Meeting_11_Meeting_Meeting_11_587
238
418 306 18 23 0.9812811 
805 319 15 24 0.98090255 
274 309 18 20 0.9705593 
735 250 13 19 0.9671125 
588 300 16 21 0.9651437 
221 314 17 24 0.95754975 
959 239 12 14 0.9557309 
721 299 16 19 0.94989294 
544 220 9 13 0.94017786 
159 253 11 16 0.9316783 
650 283 15 19 0.92516387 
557 298 17 20 0.92058235 
876 226 11 14 0.9199732 
8 181 11 15 0.91303724 
772 271 12 18 0.8920483 
562 320 14 23 0.89110374 
493 219 10 13 0.8882425 
316 238 12 17 0.8854227 
191 241 11 14 0.8790636 
435 325 14 18 0.8373605 
1008 245 12 16 0.8255725 
803 351 17 27 0.8204756 
233 190 10 12 0.81701624 
254 277 11 17 0.8068737 
921 232 10 12 0.78795725 
193 187 11 13 0.7709102 
643 214 11 13 0.7595664 
57 184 8 10 0.7425386 
259 240 13 14 0.73519456 
765 250 12 14 0.70394087 
113 158 8 10 0.66289586 
240 129 7 9 0.6618838 
849 289 14 18 0.65194666 
658 203 10 12 0.6436014 
101 180 9 11 0.6398546 
46 171 9 11 0.6388917 
916 255 11 15 0.6298466 
871 262 14 17 0.62509614 
304 169 8 10 0.59948224 
489 187 9 11 0.590754 
346 290 13 20 0.5556996 
544 254 8 10 0.5496477 
261 190 8 10 0.5276899 
761 152 6 8 0.5190546 
422 232 15 19 0.5022962 
425 161 7 8 0.496797 
910 161 8 10 0.4866143 
201 275 11 16 0.46555787 
417 175 9 11 0.4653102 
907 273 12 17 0.4258523 
94 173 9 10 0.4135576 
362 167 8 11 0.4121651 
166 165 7 9 0.40300772 
383 177 9 12 0.39005858 
861 160 8 9 0.36933172 
568 231 9 13 0.34893504 
1014 157 7 10 0.33641478 
427 353 15 21 0.3260003 
388 356 14 16 0.32027325 
476 172 8 11 0.3200667 
239 169 9 10 0.28660405 
819 258 12 15 0.27453613 
273 168 9 11 0.2646619 
497 129 6 8 0.25169978 
762 215 7 10 0.2507152 
712 225 8 10 0.24913271 
473 191 8 11 0.24862312 
517 180 9 11 0.24059838 
1000 395 24 46 0.23418443 
445 180 9 11 0.21508348 
777 173 7 9 0.21163142 
122 168 8 11 0.20948985 
381 389 20 36 0.2057585 
646 140 6 9 0.1868054 
742 209 7 9 0.17503192 
205 159 7 9 0.17373304 
328 169 7 9 0.17105077 
742 212 9 11 0.16889122 
462 165 6 9 0.16066544 
557 188 8 9 0.15898271 
332 254 11 14 0.15257885 
729 205 7 10 0.14658308 
477 191 8 11 0.14505066 
528 247 8 10 0.14135672 
870 254 11 14 0.136232 
321 199 9 14 0.134494 
751 216 8 9 0.13318606 
281 154 7 8 0.11872682 
186 150 7 10 0.11866226 
352 199 9 12 0.11785702 
277 171 8 10 0.116984844 
846 237 7 11 0.116145276 
389 176 9 12 0.106069535 
815 254 11 14 0.104914635 
965 265 8 10 0.1033716 
559 253 8 12 0.10293591 
518 205 8 9 0.102702774 
489 174 9 11 0.10061239 
489 167 7 9 0.09673098 
214 151 8 10 0.095510826 
680 224 10 11 0.09350843 
303 149 6 8 0.09163912 
268 270 10 13 0.08709847 
142 157 7 9 0.08638641 
231 207 9 13 0.08574118 
684 228 9 11 0.0855346 
531 174 7 10 0.08544946 
999 159 7 9 0.08363461 
574 189 7 8 0.08074849 
526 167 7 8 0.08071073 
736 156 7 8 0.07791396 
686 224 8 10 0.07585082 
928 265 11 13 0.075076304 
1015 267 8 13 0.07242871 
317 189 8 10 0.0721898 
303 216 9 12 0.07130683 
571 235 10 13 0.07015327 
378 180 9 11 0.069684766 
898 214 9 10 0.06967946 
656 290 16 16 0.06900253 
265 214 9 11 0.06773848 
888 293 11 15 0.06679621 
463 193 8 10 0.06642805 
753 208 7 9 0.06641661 
602 181 7 9 0.06610372 
670 219 8 12 0.064736724 
253 204 9 11 0.062533244 
902 253 9 12 0.061048664 
145 190 8 11 0.059703786 
460 162 7 9 0.05792683 
426 229 20 25 0.057742175 
427 221 13 16 0.057670258 
887 213 8 10 0.057511885 
318 166 8 10 0.056191795 
137 174 8 10 0.054580346 
559 247 8 12 0.054124102 
443 176 7 10 0.052601058 
738 208 7 10 0.052242637 
494 174 8 10 0.0518612 
457 176 7 9 0.050776884 
770 160 7 9 0.050402272 
250 205 8 11 0.050053846 
193 165 7 9 0.04972579 
856 248 8 11 0.04966416 
230 244 9 11 0.04923069 
574 173 8 11 0.048810903 
126 172 8 10 0.048443504 
457 180 7 10 0.04813862 
737 213 8 11 0.044704203 
942 255 10 13 0.043810077 
587 137 6 8 0.042387433 
462 181 7 10 0.042345103 
206 206 8 11 0.041357156 
326 154 7 8 0.0393618 
336 166 7 10 0.039034694 
820 279 9 13 0.038868744 
322 173 7 9 0.03860738 
869 248 10 13 0.038579985 
744 223 8 10 0.038312852 
876 255 12 15 0.038270026 
361 171 8 11 0.03728953 
522 246 8 11 0.037012655 
502 167 7 9 0.03661307 
911 230 9 11 0.03652392 
458 193 7 10 0.036075566 
262 206 10 13 0.03575533 
699 159 8 10 0.03564384 
504 256 8 11 0.035271548 
895 221 9 11 0.03502582 
737 244 13 19 0.03445845 
237 208 10 12 0.03423639 
252 363 13 13 0.034113556 
719 207 7 9 0.034016304 
729 201 7 8 0.033715636 
210 152 6 9 0.033314366 
530 214 7 9 0.033185083 
41 188 8 10 0.032532897 
319 159 8 10 0.03135118 
554 185 8 10 0.031216137 
418 235 11 15 0.031049294 
747 184 7 9 0.030845862 
758 169 7 10 0.030763622 
901 246 9 12 0.030666133 
933 262 10 13 0.030169593 
605 177 8 9 0.030093085 
557 168 7 9 0.02997007 
736 223 7 10 0.029942084 
644 138 7 9 0.02956255 
596 292 13 17 0.029507577 
436 218 12 15 0.029369676 
263 197 8 10 0.029284727 
503 174 7 10 0.029204046 
418 161 7 10 0.029117638 
417 165 8 10 0.028692199 
913 213 9 11 0.027989928 
309 258 11 17 0.027563354 
550 252 9 12 0.027286872 
496 167 7 9 0.026458379 
764 256 12 18 0.02629131 
472 127 6 8 0.025944002 
314 185 7 9 0.025844378 
462 176 7 10 0.025810245 
428 159 7 9 0.02577409 
312 167 8 10 0.025594378 
714 207 7 9 0.025265843 
712 369 13 21 0.025232857 
186 238 12 14 0.025168644 
111 163 10 12 0.025114795 
992 255 9 11 0.02453316 
567 246 9 12 0.024041388 
646 209 9 11 0.02391357 
236 272 9 12 0.023912366 
273 197 8 11 0.023882074 
633 205 8 9 0.022783592 
554 247 7 10 0.022770146 
896 253 10 13 0.022736592 
918 206 9 11 0.022421332 
832 270 10 14 0.022391021 
906 231 8 11 0.0223647 
889 221 9 12 0.022317197 
574 223 10 11 0.022191608 
694 142 7 10 0.022190213 
289 206 9 11 0.022139767 
200 164 8 10 0.02173459 
286 152 7 9 0.02166406 
719 213 7 10 0.021635262 
577 253 9 11 0.021408375 
234 277 8 11 0.021402625 
565 252 9 12 0.021396298 
314 159 7 10 0.020952698 
323 153 7 8 0.02089589 
297 214 9 12 0.02080229 
630 165 7 9 0.02073206 
716 223 9 11 0.020582104 
479 182 9 11 0.020393379 
520 254 7 10 0.020345597 
321 235 14 19 0.020335678 
430 207 9 11 0.020065168 
