11_Meeting_Meeting_11_Meeting_Meeting_11_26
79
308 250 15 19 0.99283457 
248 258 17 21 0.9885013 
727 249 13 17 0.97873485 
340 238 15 17 0.9767174 
672 237 11 14 0.97376615 
780 264 19 25 0.96544945 
218 271 20 26 0.96137816 
693 243 10 14 0.9585972 
178 281 19 29 0.94346315 
828 291 19 28 0.9419322 
749 251 12 18 0.94131833 
656 234 10 14 0.93322724 
806 274 20 26 0.92760473 
271 253 13 19 0.9256345 
157 304 22 34 0.87571967 
423 231 9 11 0.8426122 
612 228 9 11 0.8404716 
380 237 10 13 0.8389016 
165 233 11 14 0.8257046 
78 330 24 35 0.79667705 
291 247 13 17 0.791006 
400 236 11 12 0.7269487 
630 233 11 14 0.7027226 
1003 203 12 14 0.6715115 
265 201 8 10 0.65852356 
442 231 9 11 0.6345318 
705 244 10 14 0.6174736 
202 235 14 18 0.528281 
204 281 15 24 0.5114479 
609 246 12 14 0.47688982 
298 269 10 14 0.20417467 
234 238 11 13 0.15309261 
249 226 10 12 0.15185243 
181 232 9 11 0.14052315 
365 263 10 13 0.13972396 
862 314 14 29 0.13925558 
458 227 9 11 0.13206579 
755 258 13 17 0.11233646 
525 220 8 10 0.110237226 
645 230 10 12 0.09760014 
637 230 10 13 0.094898686 
177 231 8 12 0.08952158 
456 410 17 19 0.0832208 
648 235 11 14 0.07613013 
582 235 9 11 0.073527865 
168 290 22 31 0.0730277 
152 404 46 76 0.060219876 
646 256 11 13 0.056097213 
977 216 21 28 0.055572905 
708 239 12 13 0.05264986 
963 507 40 50 0.051183227 
853 285 14 23 0.048279766 
473 231 8 10 0.04393757 
683 278 11 14 0.04390026 
414 247 8 10 0.041650616 
409 254 8 10 0.038740832 
391 260 10 12 0.038386803 
445 234 9 11 0.037601836 
926 336 21 31 0.036045518 
193 236 11 15 0.035973266 
689 240 10 13 0.035240725 
668 270 10 12 0.03177378 
281 246 11 16 0.031467315 
860 295 18 29 0.030938338 
150 309 18 26 0.03062972 
926 300 26 32 0.02889347 
359 266 11 12 0.028527072 
845 286 14 19 0.028409488 
163 299 18 26 0.027569387 
577 237 9 11 0.026767708 
404 233 9 11 0.02612879 
592 245 9 10 0.02397396 
763 260 13 15 0.023568137 
303 368 58 95 0.022511223 
871 434 50 55 0.022246178 
190 231 10 12 0.022009045 
257 255 17 24 0.02178414 
924 421 32 45 0.021506943 
753 246 14 20 0.021134606 
