11_Meeting_Meeting_11_Meeting_Meeting_11_507
112
55 252 28 34 0.9978084 
131 361 30 38 0.99716324 
76 403 34 45 0.9970222 
821 355 27 36 0.9964479 
750 236 13 18 0.98929775 
906 409 36 49 0.9888943 
686 283 14 19 0.9844359 
191 241 18 22 0.97691536 
876 289 15 19 0.97458047 
241 235 13 17 0.96820873 
661 281 14 18 0.96552914 
282 288 15 18 0.9631301 
845 300 17 23 0.96175677 
309 283 12 17 0.9533901 
706 314 17 23 0.95139796 
775 231 13 18 0.9330825 
811 246 16 21 0.93147534 
866 354 20 38 0.9139193 
254 304 16 20 0.9029835 
889 306 20 23 0.89995706 
648 276 11 14 0.87024426 
1011 249 12 19 0.8494452 
697 299 16 22 0.8332924 
734 320 16 24 0.8041398 
893 316 22 26 0.78253424 
149 294 15 19 0.7739726 
962 247 13 16 0.6699205 
630 263 9 12 0.655764 
299 229 10 15 0.6220242 
200 361 18 25 0.6149142 
1004 227 11 13 0.56761384 
763 223 11 14 0.5381227 
979 354 20 21 0.5157974 
332 274 11 13 0.48747876 
352 261 9 12 0.4141939 
615 256 9 12 0.39801246 
599 253 9 11 0.27112392 
962 223 10 12 0.26080713 
901 232 8 10 0.24721538 
660 256 9 11 0.2401084 
345 262 9 11 0.23623669 
731 270 13 16 0.2341194 
271 269 13 16 0.16220997 
885 270 13 15 0.15370062 
920 230 9 12 0.13119203 
681 259 9 12 0.1235985 
733 238 9 12 0.11938897 
788 314 17 21 0.1093496 
734 246 11 15 0.10686018 
215 272 13 15 0.096032605 
167 276 12 16 0.09160688 
257 262 11 13 0.08095982 
655 282 14 16 0.07718056 
6 311 14 18 0.069505654 
657 259 9 11 0.06925707 
744 223 9 12 0.06865261 
352 221 7 10 0.06650745 
862 344 20 35 0.063626155 
936 372 13 16 0.06278598 
173 293 10 14 0.060496617 
545 269 8 10 0.059625734 
985 244 11 15 0.05519846 
277 429 19 19 0.05450075 
591 251 8 11 0.05339228 
739 308 22 25 0.049386054 
924 235 11 13 0.04932504 
915 277 14 17 0.048557945 
605 254 9 11 0.048199978 
782 320 19 23 0.043806225 
378 255 8 9 0.041429926 
586 252 8 10 0.041153073 
632 255 8 11 0.040048525 
648 253 9 11 0.038654745 
521 240 7 9 0.035364423 
649 249 8 10 0.034771927 
778 327 17 21 0.033739325 
244 317 15 18 0.033469226 
801 348 17 22 0.032298576 
218 316 13 14 0.030484913 
715 288 14 18 0.030238403 
769 233 12 16 0.02962523 
684 254 10 14 0.029331412 
634 262 10 13 0.028325804 
884 297 20 25 0.028208528 
608 260 8 11 0.028167473 
1012 275 11 19 0.028029546 
991 221 9 10 0.027923342 
600 259 9 11 0.027063768 
637 268 10 12 0.027018424 
732 258 14 18 0.025455574 
457 244 8 11 0.025220107 
366 297 8 10 0.024350755 
591 279 9 11 0.023844505 
974 359 19 20 0.023789555 
317 267 10 12 0.023439484 
934 277 12 14 0.023407238 
150 164 9 11 0.023316972 
326 238 9 11 0.0226186 
171 283 12 17 0.022517977 
687 237 9 12 0.02220164 
392 248 8 10 0.022132415 
382 255 8 10 0.021959651 
897 234 10 12 0.021876276 
344 267 10 12 0.021711765 
617 300 11 14 0.021397736 
264 358 18 20 0.021344854 
934 373 21 27 0.021293242 
311 390 16 16 0.021222616 
976 231 11 11 0.02061487 
631 249 8 9 0.020481186 
935 268 12 14 0.02043491 
880 275 13 17 0.020428577 
