11_Meeting_Meeting_11_Meeting_Meeting_11_529
19
9 312 55 73 0.99967253 
459 282 48 56 0.99880135 
633 282 50 63 0.9987299 
538 351 66 82 0.99845815 
665 458 73 94 0.9984377 
828 316 53 65 0.99833256 
66 230 33 39 0.99712783 
173 303 42 55 0.99629897 
842 402 78 99 0.99452025 
420 123 37 45 0.99402785 
354 401 41 60 0.9903047 
729 294 30 35 0.9767661 
14 249 42 54 0.96482074 
286 286 31 36 0.5923179 
780 291 25 31 0.1106473 
522 468 31 57 0.039687563 
114 298 28 36 0.03879557 
314 432 27 41 0.028462674 
197 269 13 16 0.023924699 
