11_Meeting_Meeting_11_Meeting_Meeting_11_702
99
441 298 51 58 0.9996216 
748 321 59 66 0.99906176 
624 191 30 38 0.99884534 
792 185 36 42 0.9982262 
890 163 36 36 0.9981437 
408 201 29 37 0.9973515 
417 236 39 48 0.9970908 
822 152 28 32 0.99701536 
669 148 22 28 0.99673057 
680 256 41 49 0.9963735 
20 193 30 32 0.9962819 
374 184 26 31 0.9961606 
719 164 25 31 0.9960747 
1 299 43 39 0.99588084 
889 246 48 50 0.99538124 
579 177 24 30 0.99516606 
959 181 42 41 0.99488974 
119 211 28 29 0.9937304 
44 170 27 29 0.9914613 
508 132 15 20 0.9908076 
805 122 16 20 0.99028975 
943 143 25 27 0.98985785 
782 109 13 17 0.9892586 
768 134 23 27 0.98883355 
913 119 21 23 0.9876605 
713 131 20 24 0.98745733 
330 132 16 19 0.98667836 
401 142 18 22 0.98528165 
544 159 21 27 0.9850671 
859 128 20 23 0.9831312 
359 167 21 27 0.98283535 
617 139 21 25 0.9805392 
0 211 19 35 0.9792058 
683 123 18 23 0.9787629 
373 126 17 21 0.9769884 
944 113 18 20 0.9745263 
984 126 24 27 0.9742624 
479 128 15 20 0.97415406 
879 108 15 18 0.97109014 
525 140 19 26 0.9653966 
981 100 12 14 0.95850897 
813 95 12 14 0.95493335 
751 113 13 16 0.9496514 
657 122 15 19 0.9415857 
923 101 12 14 0.9395748 
834 118 15 18 0.9387662 
345 156 17 22 0.9363938 
698 108 13 14 0.93550825 
899 101 11 14 0.89322746 
570 127 15 18 0.8600307 
801 75 9 12 0.73226905 
533 122 14 16 0.7204418 
631 119 11 13 0.5693812 
999 106 12 14 0.53793114 
1012 111 12 16 0.5190113 
365 172 23 31 0.5012592 
751 68 10 12 0.49981037 
641 132 14 17 0.44029382 
773 74 10 12 0.35009497 
1006 109 12 15 0.19577281 
936 92 9 11 0.18177119 
915 71 9 10 0.12109032 
176 411 19 19 0.08729991 
769 72 9 11 0.08570164 
925 85 10 11 0.08005661 
790 72 8 10 0.063830815 
921 86 9 11 0.062479015 
634 123 14 18 0.053933714 
337 215 12 16 0.053390082 
726 111 10 12 0.04787341 
814 77 9 11 0.047638576 
833 362 53 58 0.04668622 
605 129 14 19 0.042080753 
910 92 11 13 0.041933417 
992 108 12 13 0.039194703 
345 187 12 15 0.039191183 
650 143 19 20 0.038009837 
940 93 9 12 0.03674059 
686 103 9 11 0.036320977 
668 115 12 16 0.035477012 
344 271 28 25 0.034550555 
344 180 12 16 0.03446375 
881 132 15 17 0.032776542 
322 183 13 16 0.031496853 
602 156 16 20 0.03139255 
972 155 16 18 0.03085565 
718 108 11 13 0.030747764 
996 114 14 17 0.030312706 
665 123 14 17 0.03000521 
791 77 8 10 0.028568782 
538 118 12 15 0.027266674 
350 160 19 28 0.02658279 
531 128 16 19 0.025138153 
720 101 9 12 0.024142781 
685 108 12 13 0.024112627 
785 77 8 10 0.024035726 
926 81 9 11 0.023895074 
784 72 9 10 0.022971738 
717 114 13 15 0.021590907 
