11_Meeting_Meeting_11_Meeting_Meeting_11_295
21
609 371 50 62 0.999199 
231 338 27 33 0.9975803 
120 451 69 101 0.99647 
800 297 22 29 0.9895314 
690 291 21 29 0.98924375 
491 330 28 43 0.9870467 
55 336 35 52 0.9866622 
899 310 21 30 0.98505646 
140 371 30 55 0.9778872 
592 312 20 37 0.96769285 
791 321 21 34 0.9601355 
442 219 16 21 0.92588174 
812 547 61 121 0.84357834 
503 232 14 22 0.49644193 
398 531 50 88 0.26973107 
794 309 21 31 0.21547885 
541 183 8 10 0.033090632 
13 349 16 22 0.031177843 
463 328 25 36 0.023626748 
191 179 12 14 0.023145884 
161 206 9 11 0.023040613 
