11_Meeting_Meeting_11_Meeting_Meeting_11_206
21
802 216 34 45 0.9977685 
476 253 34 45 0.99700695 
188 367 47 85 0.99649245 
616 234 33 44 0.9960491 
90 322 42 62 0.9958553 
301 278 36 43 0.99500066 
50 191 16 20 0.9713576 
140 184 18 24 0.9711142 
314 184 15 19 0.96009374 
876 310 34 74 0.791962 
273 192 15 19 0.67002666 
221 189 17 24 0.6124019 
612 210 25 28 0.24943335 
92 210 15 22 0.14313538 
955 290 35 66 0.124804206 
84 217 21 23 0.08945671 
73 229 27 28 0.07575539 
614 219 29 37 0.059767786 
895 247 39 43 0.038615808 
2 82 19 27 0.03163038 
843 240 27 32 0.023506798 
