6_Funeral_Funeral_6_676
56
562 142 614 209 0.9192304
734 35 764 74 0.6999363
610 251 659 317 0.46214265
836 153 891 214 0.4408782
855 44 890 90 0.43096197
72 356 113 409 0.41138083
504 242 537 283 0.25173876
683 174 716 218 0.22992475
315 251 348 293 0.16795313
917 229 957 279 0.15076198
360 247 398 296 0.110619895
47 280 78 319 0.069165744
182 356 216 399 0.06593807
443 176 490 236 0.06369588
333 155 377 210 0.05017962
860 -1 897 33 0.04702137
651 47 686 90 0.045089033
655 282 720 356 0.042174622
227 298 259 337 0.040371016
121 329 153 370 0.03960812
278 271 308 309 0.03910704
74 258 99 290 0.038787168
888 1 925 36 0.038721956
987 235 1026 296 0.03846138
106 254 132 287 0.037898242
478 146 511 191 0.035044234
743 193 784 248 0.033518065
718 25 779 99 0.032900725
484 219 521 271 0.03276556
221 196 249 232 0.032531973
19 225 53 263 0.032520566
207 230 235 266 0.03186931
255 253 286 292 0.030459402
707 142 742 188 0.029897135
686 68 723 116 0.028601296
889 34 926 82 0.028585128
57 123 82 154 0.027534204
172 177 197 207 0.0273204
148 332 174 367 0.027112838
919 2 960 40 0.026459742
50 155 74 185 0.026413212
459 121 492 162 0.02626103
47 205 75 239 0.025213126
334 125 363 161 0.023559328
914 28 959 79 0.023435151
636 173 679 226 0.023219803
0 201 22 234 0.02285376
105 309 136 345 0.022691844
525 223 562 267 0.022521999
335 355 365 394 0.022361888
260 177 287 212 0.02134
323 229 357 268 0.021073464
222 249 253 287 0.02094962
77 202 102 235 0.020868212
28 174 53 203 0.020633345
125 177 148 207 0.020490095
