6_Funeral_Funeral_6_572
45
612 301 642 339 0.92726237
284 344 309 376 0.72764194
797 290 826 327 0.72244465
551 354 576 385 0.6432168
230 358 251 385 0.63890666
414 348 440 381 0.61531836
552 295 582 336 0.5999792
356 367 380 398 0.5682592
501 338 526 372 0.51665103
740 312 771 350 0.47956166
663 347 690 381 0.45371696
341 323 362 350 0.2485516
163 366 192 403 0.22362849
430 333 456 367 0.14894138
339 376 363 407 0.09156076
456 330 485 369 0.08330637
555 329 583 364 0.067286424
672 276 702 317 0.05631776
632 409 660 444 0.052600663
815 351 844 389 0.04043016
561 484 588 517 0.038513858
817 327 841 358 0.035751514
436 310 461 342 0.033014596
838 351 867 389 0.031745158
618 426 644 458 0.03055802
303 336 325 364 0.030157166
789 300 831 353 0.028984327
599 287 659 358 0.028172124
541 505 566 535 0.025798874
996 474 1024 518 0.02568046
173 410 201 443 0.024880067
685 404 713 441 0.023567658
312 381 335 409 0.023313921
684 331 715 371 0.023002615
458 305 486 339 0.022757538
410 373 435 403 0.022422962
541 372 569 405 0.022404032
440 403 468 436 0.022164749
670 373 697 409 0.021860681
525 333 586 405 0.021698382
359 488 389 524 0.021221358
385 357 410 391 0.021146253
338 504 360 533 0.02105912
641 332 705 406 0.02079928
385 413 407 440 0.020313181
