6_Funeral_Funeral_6_760
33
207 127 310 254 0.9739819
100 208 173 292 0.31039706
775 155 806 192 0.16166288
953 218 985 260 0.10325993
892 298 917 330 0.05858626
834 130 865 170 0.05748465
821 173 850 209 0.052419934
921 230 947 264 0.043928843
666 126 695 163 0.03589908
611 125 639 161 0.035351135
948 332 975 367 0.03162885
737 148 763 178 0.02974699
870 283 896 315 0.028415421
636 151 661 182 0.027599689
668 358 692 388 0.026278712
867 198 903 245 0.025941392
723 176 748 207 0.02553411
790 190 823 232 0.025391845
210 341 287 441 0.025298072
898 129 924 163 0.02521481
759 149 824 228 0.024826428
685 149 714 182 0.02477245
71 262 120 326 0.024297189
888 173 920 210 0.023755914
413 319 447 360 0.022322623
550 196 588 245 0.021555835
435 301 465 340 0.021214899
643 376 672 413 0.021135163
639 125 666 161 0.021109205
431 378 475 432 0.020911142
948 72 974 106 0.020231722
843 219 874 261 0.02017639
846 73 875 108 0.020036522
