6_Funeral_Funeral_6_759
134
897 282 936 330 0.89388657
196 151 239 204 0.8504592
58 155 102 211 0.8383618
105 259 146 315 0.8209437
950 210 988 260 0.7180496
727 56 762 100 0.7044682
376 107 412 152 0.67677736
645 180 686 234 0.65004253
546 188 584 236 0.63953507
122 83 158 129 0.63434327
323 73 355 113 0.61553174
379 10 411 47 0.6142995
429 69 458 108 0.5943687
442 158 480 208 0.59239036
798 22 833 66 0.5867853
871 94 903 135 0.5777564
265 159 303 211 0.57357776
333 181 367 224 0.5719521
777 206 811 250 0.5646403
847 269 880 311 0.56230414
907 43 940 86 0.5379633
800 93 834 136 0.52080065
634 7 668 47 0.50160974
124 7 158 48 0.47762164
951 142 986 187 0.45587543
489 251 528 301 0.4535432
684 7 716 44 0.42072052
96 74 129 115 0.41484985
235 54 267 94 0.40311092
976 316 1007 357 0.3920151
171 63 203 103 0.38794476
561 11 594 52 0.34936646
688 48 720 89 0.32811168
325 3 355 36 0.2909157
672 250 711 299 0.25451496
747 338 783 386 0.24633135
957 92 994 141 0.24200882
253 90 288 136 0.20107238
719 149 753 190 0.19837162
202 4 232 39 0.19549066
362 51 395 93 0.18793783
16 97 48 136 0.18713617
669 72 699 111 0.18484509
495 22 526 61 0.16899996
453 9 484 46 0.16889654
653 125 688 170 0.14978659
341 230 383 287 0.14688036
609 77 639 116 0.1302281
276 286 315 333 0.1238532
953 45 979 82 0.122176334
279 45 305 76 0.11098972
541 40 569 77 0.10706915
197 102 228 141 0.09389725
50 294 83 333 0.09180376
488 73 518 112 0.08541586
708 325 741 368 0.0818788
220 122 255 168 0.080805406
304 273 339 318 0.07778409
77 276 114 322 0.07767521
398 142 433 191 0.077624865
862 136 897 179 0.07586787
774 4 802 35 0.07514642
633 96 665 136 0.074986264
946 19 977 58 0.074621506
709 17 741 56 0.06897298
176 87 212 132 0.06891632
915 0 948 32 0.06208454
79 51 107 87 0.057099987
813 4 846 39 0.05685378
844 73 875 114 0.056073308
177 125 218 173 0.054196488
870 43 900 81 0.05230442
413 47 443 86 0.051803265
806 152 839 192 0.051314183
842 0 873 33 0.050549377
734 21 767 60 0.049369007
454 73 481 110 0.04693282
271 69 303 110 0.046898823
845 323 875 360 0.045524713
610 112 644 162 0.044264447
224 398 249 431 0.043044694
326 105 360 151 0.04258908
589 89 626 137 0.04194175
913 175 946 215 0.041877635
488 147 517 187 0.041616376
952 298 983 339 0.04016737
817 274 848 314 0.039814696
182 16 216 55 0.038762037
577 195 610 236 0.038475435
24 150 55 189 0.036770675
406 95 443 141 0.03610962
50 129 83 171 0.036070477
993 17 1023 62 0.03416214
687 124 718 165 0.033414103
527 112 572 168 0.03232485
44 68 78 112 0.032103263
174 217 216 268 0.031057525
762 117 796 159 0.030784864
764 42 797 86 0.030722098
251 21 287 63 0.030367212
402 299 429 334 0.030281875
806 192 843 241 0.030126827
816 326 846 364 0.030090274
536 1 568 36 0.02938187
143 111 180 156 0.028839644
389 330 417 369 0.028394807
294 142 328 191 0.028135484
965 0 996 34 0.027964287
224 20 258 60 0.027894296
639 409 802 550 0.027822617
300 229 334 274 0.027460933
889 138 921 177 0.026892902
203 43 232 85 0.0265489
358 0 423 72 0.026394686
456 43 484 79 0.026383111
686 163 729 220 0.025553277
428 123 463 169 0.02491527
866 0 898 32 0.024683623
457 219 490 262 0.024503404
911 83 944 125 0.023562666
124 144 161 191 0.023161361
618 39 653 84 0.022795549
986 87 1021 140 0.022276234
302 313 340 360 0.022105377
554 94 598 145 0.021977162
11 380 44 426 0.021945318
918 125 948 166 0.021782346
357 145 391 193 0.02117826
73 17 105 56 0.021151092
730 117 770 165 0.020921564
70 313 110 360 0.020905131
507 200 543 246 0.020865532
741 192 774 237 0.020632286
578 43 612 85 0.020389399
