6_Funeral_Funeral_6_618
20
744 488 865 634 0.79712236
545 2046 741 2261 0.5948958
238 538 313 633 0.22325146
41 640 126 747 0.11462567
522 1233 645 1388 0.105741635
643 3328 922 3640 0.09902039
253 2476 326 2574 0.07366637
616 2006 933 2347 0.04804018
649 1149 729 1245 0.035313033
864 556 982 709 0.032968007
94 661 187 773 0.032051094
743 538 932 749 0.030791156
398 2118 530 2292 0.028036214
14 2365 176 2593 0.027784368
427 1193 505 1290 0.024677884
936 4312 1014 4441 0.024054581
369 558 442 646 0.023191469
147 518 201 590 0.02285775
44 491 108 575 0.022344496
299 502 375 602 0.02035005
