6_Funeral_Funeral_6_109
42
659 291 685 325 0.27265713
122 205 155 249 0.26131102
200 222 227 254 0.2600576
452 300 477 332 0.1927913
588 306 615 338 0.19197619
390 311 415 343 0.11064683
258 211 285 245 0.10622984
305 202 330 233 0.076893575
714 286 739 315 0.06961169
702 235 726 263 0.06622433
542 225 562 252 0.06577962
356 224 378 252 0.060227267
642 225 666 252 0.05641286
828 252 851 281 0.05420285
467 225 490 254 0.054159757
718 246 746 278 0.05354516
849 9 897 61 0.052911095
418 234 440 261 0.047909357
282 224 308 257 0.047029715
511 233 533 260 0.0464219
881 257 903 284 0.04291429
490 232 513 261 0.041228447
303 226 327 256 0.040065993
444 284 469 316 0.038610987
776 231 798 258 0.033696737
795 232 817 258 0.032136954
613 256 638 286 0.031101242
565 204 588 236 0.030818319
454 322 481 356 0.029063785
839 195 868 231 0.028233236
620 206 645 238 0.025679104
571 322 600 356 0.023940988
738 274 764 307 0.02375131
595 228 618 256 0.023629893
388 204 411 234 0.023566552
973 227 997 258 0.023362871
716 330 746 365 0.023139972
488 283 512 313 0.021809464
840 230 863 259 0.02149543
235 205 263 243 0.021485204
888 271 916 305 0.021429455
542 329 565 358 0.020378513
