6_Funeral_Funeral_6_696
52
889 129 942 196 0.9729307
458 171 520 248 0.95343316
681 116 741 199 0.90468895
563 204 625 288 0.8995845
563 67 622 151 0.8141295
967 166 1016 236 0.741358
331 175 360 210 0.7213884
816 143 869 218 0.63013434
100 172 130 209 0.59710133
728 235 791 309 0.4136553
57 194 85 229 0.35427764
408 103 453 163 0.3384822
266 145 299 188 0.32314923
161 194 190 232 0.29528317
377 159 409 200 0.15922828
729 87 770 141 0.15436326
559 310 600 365 0.13443848
583 1 626 48 0.12582003
15 171 41 204 0.12299147
306 115 342 162 0.12119289
86 155 109 185 0.0919413
20 196 48 232 0.088846974
530 153 564 200 0.07451295
445 99 483 148 0.07207927
407 53 437 95 0.06973007
210 171 236 206 0.06346094
172 159 197 190 0.062802024
79 176 107 213 0.058085244
121 192 149 228 0.05623581
548 265 624 371 0.056052137
761 90 795 142 0.055346217
277 100 311 144 0.05039239
653 -3 704 50 0.050081242
622 85 659 140 0.048294205
636 232 684 301 0.045932353
910 19 959 82 0.04160073
910 348 947 401 0.04049801
250 404 284 447 0.033690233
760 137 797 187 0.03287417
709 -1 745 37 0.03272674
181 250 215 293 0.030291634
666 298 752 399 0.029941244
296 379 369 474 0.029846666
226 155 251 187 0.02904647
500 87 540 142 0.028167158
706 44 747 95 0.026218062
310 187 346 231 0.025113517
431 75 462 116 0.024407966
55 276 83 312 0.024150275
859 16 897 67 0.022314537
176 221 207 260 0.021089453
866 95 898 138 0.020676553
