6_Funeral_Funeral_6_160
43
904 95 953 160 0.8245664
876 261 936 338 0.447955
755 185 808 254 0.34693274
206 186 263 253 0.34689587
849 121 889 174 0.26258355
146 220 190 273 0.17297985
27 239 78 313 0.17072336
993 105 1041 175 0.13931939
361 306 402 359 0.11101312
148 260 195 316 0.088450305
507 373 553 428 0.085031964
39 85 92 156 0.066879675
315 694 362 751 0.06423633
150 486 201 540 0.06340409
278 945 324 1004 0.05982852
465 343 503 391 0.057596434
269 187 314 244 0.0550005
0 152 44 229 0.054737374
729 159 776 220 0.04926482
475 449 527 510 0.047580525
274 433 319 490 0.047394365
268 1048 318 1109 0.04475728
120 540 167 597 0.044287298
185 309 228 359 0.039443802
498 308 536 352 0.034781948
312 374 350 423 0.03268762
180 250 232 311 0.029854596
357 219 393 266 0.029631065
851 183 897 242 0.02817349
429 263 469 312 0.027723039
301 874 347 932 0.02689253
794 210 846 280 0.026801301
610 226 650 277 0.02241293
145 770 192 826 0.022298615
848 343 893 406 0.022098808
614 382 649 427 0.021828566
121 383 266 538 0.021688852
878 196 929 260 0.021603195
308 265 346 314 0.021107825
393 947 433 997 0.021041565
666 308 702 356 0.020867847
77 184 121 242 0.02064764
300 1194 343 1248 0.020584796
