32_Worker_Laborer_Worker_Laborer_32_400
24
699 175 741 227 0.7427389
994 356 1020 394 0.05317915
583 583 613 621 0.046757206
893 283 921 317 0.0448647
865 635 889 664 0.03902852
797 459 824 490 0.037486494
852 449 881 485 0.03552044
968 327 991 358 0.032211132
791 405 817 440 0.030568786
505 86 539 130 0.03040679
123 113 211 262 0.02994854
528 407 560 444 0.029793879
637 431 668 473 0.028987959
854 618 877 647 0.028103728
890 335 916 367 0.02412133
719 555 747 592 0.02329813
846 167 878 207 0.023147905
872 293 903 329 0.022308104
616 613 641 645 0.022094525
894 587 918 618 0.022071557
758 612 785 646 0.02206888
683 101 719 143 0.020896152
918 300 942 330 0.020142883
464 356 493 392 0.020119658
