32_Worker_Laborer_Worker_Laborer_32_516
35
752 94 797 151 0.9698896
300 118 340 168 0.9510124
959 47 1022 137 0.9427151
49 28 114 108 0.936073
426 128 451 160 0.5428563
255 112 284 150 0.44802934
523 103 553 138 0.39537296
821 143 854 186 0.17009784
579 344 623 397 0.1568017
232 125 264 163 0.12871167
661 4 696 44 0.07357127
645 123 673 160 0.070460595
768 325 810 374 0.06747806
962 170 1022 254 0.06580242
148 38 184 85 0.057535525
860 137 899 184 0.042325564
128 12 165 62 0.042195287
215 142 247 183 0.03827625
363 148 388 179 0.037371833
432 105 458 139 0.03674603
594 104 621 139 0.0356046
672 319 709 363 0.035564017
525 144 560 183 0.035007752
558 102 583 134 0.03481164
506 86 571 159 0.031680238
295 65 328 105 0.02808144
714 89 751 138 0.025606036
336 73 362 108 0.024578357
814 24 850 69 0.024004452
457 101 485 136 0.023812717
689 114 723 159 0.022082292
627 210 663 255 0.021971378
739 203 774 245 0.02195919
404 109 462 183 0.020600362
277 1 311 37 0.020024044
