32_Worker_Laborer_Worker_Laborer_32_987
24
608 61 663 136 0.78392094
761 54 825 133 0.7067408
534 195 566 236 0.15769693
900 114 974 205 0.15615894
687 44 764 131 0.1415369
301 358 347 418 0.0854804
277 217 320 275 0.07712975
293 264 338 326 0.051673092
244 452 280 502 0.046299163
131 330 161 368 0.040291473
327 167 358 207 0.039194413
697 356 727 396 0.03638861
196 170 223 207 0.034084983
775 44 901 198 0.03231747
301 308 368 386 0.031749032
533 327 573 379 0.029779594
297 164 337 213 0.0269348
356 193 388 233 0.026688911
73 361 110 410 0.026568295
526 174 592 257 0.02604621
436 302 470 346 0.025119517
326 242 363 292 0.021772066
3 331 32 375 0.021509841
550 293 584 338 0.02100966
