32_Worker_Laborer_Worker_Laborer_32_944
17
420 364 510 463 0.8678961
653 563 713 642 0.058807082
406 28 433 65 0.043108113
615 598 652 644 0.0425406
603 454 636 494 0.036305442
520 247 550 285 0.036168605
534 481 588 549 0.03565141
255 214 280 244 0.026449917
506 590 553 654 0.026400696
826 694 880 759 0.02442075
700 622 743 677 0.022969611
629 518 670 573 0.022611782
611 45 635 77 0.022211902
818 777 981 937 0.02213202
149 864 179 901 0.02210895
591 428 623 469 0.020513278
579 469 620 520 0.020397564
