32_Worker_Laborer_Worker_Laborer_32_595
59
232 180 277 235 0.29383624
158 143 195 188 0.19356553
406 171 437 209 0.11446705
823 141 854 180 0.10715093
715 332 748 371 0.06333061
953 431 977 461 0.061923474
902 398 935 436 0.060035426
303 297 339 347 0.058092106
379 280 410 317 0.051132534
431 223 459 259 0.050855715
384 172 412 209 0.050250255
752 224 803 279 0.049450323
686 327 717 362 0.04629771
52 89 84 129 0.04545943
320 333 362 381 0.042063642
353 268 390 312 0.04094003
587 304 613 333 0.04048549
352 165 388 207 0.038816217
484 334 513 365 0.036535006
666 323 693 355 0.036347263
717 149 747 184 0.0361713
541 312 566 338 0.03606174
986 140 1015 184 0.034297753
148 189 180 226 0.03372047
489 299 514 329 0.033515453
989 221 1019 266 0.03337104
206 143 234 182 0.032674596
284 215 316 257 0.03228752
279 173 307 209 0.030717285
620 358 644 385 0.029996186
440 305 470 341 0.029192405
851 408 883 448 0.028245596
304 168 334 203 0.0281416
794 146 824 183 0.027795132
355 374 399 422 0.026682314
918 207 945 241 0.02665829
921 273 949 307 0.02632171
610 305 640 338 0.026173186
481 401 510 434 0.026092527
554 331 580 359 0.025990652
775 456 796 482 0.025693398
203 169 238 218 0.025567286
894 206 922 240 0.025205754
3 124 33 171 0.024123305
-16 243 117 411 0.023951638
898 256 928 290 0.023762515
691 274 721 310 0.023632059
966 240 1001 284 0.023323923
633 278 660 309 0.02321598
704 198 847 360 0.023068693
993 479 1019 517 0.022892267
645 151 674 187 0.022248082
906 373 945 415 0.021814099
383 220 414 257 0.020813588
584 326 612 355 0.020757254
326 225 360 263 0.020752693
433 350 461 382 0.020709785
970 406 1000 446 0.020494144
838 163 874 205 0.02037215
