32_Worker_Laborer_Worker_Laborer_32_723
35
300 83 353 150 0.9518717
442 157 495 227 0.88772273
0 203 49 286 0.6390295
651 174 705 238 0.529514
797 66 845 127 0.5147464
585 235 639 304 0.4282319
179 0 223 46 0.42591614
342 272 405 326 0.38220242
150 182 195 234 0.27356327
511 196 549 253 0.2546673
80 86 116 132 0.17289291
527 276 578 332 0.16133222
818 279 852 319 0.13198851
781 137 823 188 0.119738474
114 282 149 322 0.11594532
-1 138 20 172 0.082363315
217 257 275 322 0.0813192
752 99 790 143 0.07864579
195 197 228 238 0.068044946
537 210 579 263 0.06609615
266 18 311 70 0.062214836
115 152 152 201 0.06136403
693 -2 726 32 0.048372265
791 0 830 44 0.047315527
605 22 647 71 0.044509664
625 152 661 199 0.03621395
281 190 322 238 0.03571531
298 2 339 45 0.03482523
154 278 194 320 0.029900465
858 175 910 241 0.028777309
599 194 638 244 0.028641623
877 50 908 92 0.026866445
269 107 302 151 0.023303023
648 260 685 303 0.021237176
95 96 147 157 0.020605195
