32_Worker_Laborer_Worker_Laborer_32_932
27
812 789 882 874 0.75564563
684 771 740 839 0.38297993
516 801 576 880 0.37642837
275 867 343 954 0.36914364
60 841 133 930 0.2820689
956 779 1006 841 0.2385806
106 772 160 843 0.12264294
360 815 416 891 0.07893896
659 939 711 1000 0.07480254
245 782 298 851 0.065285124
283 122 344 198 0.061512727
751 872 803 937 0.058684982
661 986 719 1056 0.04281822
696 900 757 971 0.038238756
949 864 1006 929 0.035202052
208 1123 282 1212 0.032554932
667 806 736 895 0.030127877
428 895 497 976 0.028262952
707 1019 771 1096 0.027038716
784 897 840 964 0.025391215
609 691 669 764 0.024669586
829 703 874 757 0.024202805
363 898 425 977 0.02287617
858 753 914 823 0.022217134
612 603 668 670 0.022037258
99 924 160 1005 0.02184176
246 601 301 671 0.021541417
