42_Car_Racing_Car_Racing_42_906
43
193 106 220 140 0.6448922
589 103 614 135 0.6365658
301 99 325 131 0.5184394
838 100 865 133 0.38369188
248 86 272 117 0.2860557
653 80 675 108 0.21002479
493 79 516 109 0.1787756
332 101 356 133 0.1714577
708 69 731 97 0.16798739
763 79 785 107 0.14534095
415 92 438 122 0.13502294
380 136 408 169 0.12363932
570 72 591 99 0.115147084
865 98 891 132 0.05946424
288 82 314 115 0.055763192
226 156 252 188 0.051877964
746 93 771 125 0.046700962
352 100 376 133 0.043570396
146 122 171 152 0.042386036
172 171 198 203 0.04026703
516 153 543 186 0.038227234
534 231 555 256 0.03763817
458 233 481 261 0.03612508
669 129 694 160 0.03422045
582 82 606 111 0.033658978
536 126 560 157 0.03028167
799 229 823 259 0.029925054
790 77 812 107 0.029749623
359 123 387 157 0.02966438
885 95 915 131 0.029056352
615 155 640 185 0.028525665
426 333 452 368 0.025977954
633 147 657 177 0.025940856
606 121 632 152 0.025913274
711 202 735 231 0.02518008
688 129 713 160 0.024917083
639 305 665 337 0.024386311
336 147 363 179 0.023920918
377 129 446 202 0.023782732
760 277 785 308 0.023257831
767 148 794 182 0.022530824
791 98 815 129 0.021427896
760 301 786 335 0.021269485
