42_Car_Racing_Nascar_42_828
47
330 78 378 141 0.9039899
458 86 507 146 0.89268804
539 75 580 129 0.85045636
784 175 818 217 0.28964296
294 223 363 309 0.25853136
405 88 438 130 0.24063303
743 101 777 143 0.15330328
735 201 773 246 0.13559869
641 242 673 282 0.11093474
937 237 975 284 0.09356154
433 92 468 141 0.07634784
379 86 413 130 0.07436398
506 25 539 67 0.07287598
404 153 433 189 0.069514655
574 170 615 218 0.06215572
377 201 407 240 0.05559763
469 41 510 89 0.0545586
643 137 686 188 0.053202953
333 143 368 191 0.05073415
495 71 558 153 0.04726143
122 32 154 75 0.045746293
612 98 643 137 0.04305436
686 74 715 112 0.04303327
580 92 612 133 0.042761922
297 181 332 225 0.035760205
584 219 623 264 0.034109358
974 165 1007 209 0.032850876
458 190 498 236 0.03277575
708 174 751 222 0.03238134
159 92 186 129 0.031829547
797 277 825 309 0.029547175
407 273 436 311 0.029389812
461 253 499 299 0.02896681
736 300 767 339 0.02864055
715 118 755 163 0.027851548
228 126 262 171 0.027439611
171 124 201 164 0.026762858
429 301 460 341 0.026013387
765 144 804 192 0.02517444
738 247 776 290 0.025141569
389 350 417 386 0.024498483
913 304 944 342 0.0232563
657 300 687 337 0.023202341
518 254 551 299 0.022409573
423 24 457 65 0.02091099
380 251 410 292 0.020896964
764 272 795 309 0.02009312
