42_Car_Racing_Nascar_42_661
29
823 256 853 294 0.6257486
731 201 799 288 0.42227224
527 419 571 465 0.10330804
906 169 940 211 0.08672838
326 303 362 345 0.085036695
564 327 600 371 0.08373784
603 168 643 218 0.08044053
947 155 979 196 0.07422913
326 45 368 102 0.05486129
581 257 622 305 0.047830652
617 250 657 296 0.04768707
316 275 351 318 0.044684626
788 156 819 193 0.041250788
949 352 979 391 0.038988885
207 176 237 215 0.036477514
971 120 1007 164 0.03157934
870 248 902 285 0.031003151
965 447 1006 500 0.030646676
945 269 976 305 0.029871551
971 267 1011 314 0.027381701
804 235 869 311 0.026120929
488 43 517 80 0.02421726
944 325 977 363 0.024077725
707 325 744 366 0.02369632
896 266 931 308 0.023059774
528 176 556 213 0.022613158
423 412 465 458 0.020330222
255 320 296 367 0.020240055
459 174 488 210 0.020123381
