42_Car_Racing_Car_Racing_42_263
27
960 191 1001 244 0.97646016
589 174 631 229 0.955365
400 182 448 250 0.95408803
801 125 843 180 0.94956607
26 139 93 229 0.9069432
578 262 616 309 0.35920033
604 253 639 296 0.17697209
609 317 644 361 0.11241726
490 351 530 402 0.099154234
462 328 489 364 0.062479407
556 330 594 375 0.062204745
413 347 443 384 0.062061556
872 178 911 227 0.058845107
561 8 597 48 0.056001216
993 446 1021 487 0.04471749
586 293 628 342 0.043588936
354 316 391 360 0.0405826
486 438 517 473 0.039443735
485 269 515 306 0.03896554
679 291 715 336 0.03802628
587 347 622 390 0.036289506
355 276 385 315 0.027747946
666 345 706 392 0.024632486
427 325 459 367 0.023173144
427 373 457 411 0.022252358
565 372 602 413 0.021460138
484 305 512 342 0.020729078
