57_Angler_peoplefishing_57_566
19
326 421 13 16 0.9381551 
422 434 11 13 0.8938086 
503 221 9 12 0.8603235 
265 415 10 14 0.82156736 
472 387 12 14 0.6912279 
249 408 10 13 0.5466647 
381 429 9 10 0.21494803 
504 445 12 18 0.14473876 
501 423 10 13 0.10080423 
416 277 7 10 0.06456196 
598 168 12 14 0.06385355 
471 376 14 17 0.04474303 
459 429 10 12 0.039275583 
447 532 15 16 0.030421937 
459 436 11 14 0.029867431 
431 294 13 17 0.02805113 
405 436 10 12 0.024397913 
416 273 7 9 0.020789923 
402 433 9 10 0.020436056 
