57_Angler_peoplefishing_57_661
34
104 427 13 19 0.9634137 
205 416 12 14 0.8141446 
364 411 10 13 0.80820006 
498 402 7 10 0.6145309 
241 387 10 12 0.5302579 
402 409 10 11 0.456952 
235 408 10 13 0.2481988 
699 431 74 82 0.21222089 
448 412 8 10 0.20702009 
281 419 10 12 0.15573071 
285 415 10 13 0.14005604 
6 410 11 18 0.06242434 
55 386 7 9 0.0585791 
13 408 12 17 0.055736523 
5 418 12 18 0.05200173 
37 419 11 15 0.050919984 
7 460 12 15 0.045333352 
0 396 7 11 0.045110248 
73 421 9 12 0.035307903 
335 421 9 11 0.034572084 
304 377 7 9 0.033619437 
441 408 8 10 0.0312088 
11 466 12 15 0.029603165 
367 439 10 12 0.026173914 
670 427 65 81 0.025780372 
45 423 9 14 0.025727049 
1 418 10 17 0.024096249 
19 407 14 18 0.023303445 
501 403 8 11 0.022221858 
952 335 8 10 0.021834267 
440 423 10 12 0.021829586 
381 430 10 12 0.02049581 
311 397 8 11 0.020412883 
318 422 8 11 0.020075843 
