55_Sports_Coach_Trainer_sportcoaching_55_569
25
336 41 50 68 0.99958783 
891 34 52 63 0.99938023 
181 79 55 81 0.9988747 
733 190 57 73 0.99883133 
251 255 41 53 0.9987619 
99 235 26 36 0.993246 
60 243 23 29 0.9921672 
909 198 44 54 0.991096 
591 19 22 27 0.97619116 
376 244 20 31 0.9709309 
695 15 14 26 0.5985259 
933 -2 65 59 0.41714177 
37 255 9 11 0.32849798 
181 271 9 10 0.092928216 
177 270 8 11 0.08423823 
159 346 10 12 0.058793206 
0 254 7 11 0.058591384 
133 269 11 13 0.04191078 
163 297 13 16 0.033718757 
915 10 53 61 0.032647677 
168 268 8 10 0.028579965 
44 300 14 15 0.028476419 
181 265 9 10 0.023931028 
34 259 8 12 0.020501066 
177 265 9 11 0.020325106 
