55_Sports_Coach_Trainer_sportcoaching_55_774
56
847 56 56 85 0.99963117 
794 273 60 85 0.9994223 
443 170 26 34 0.99858034 
751 126 60 82 0.99857247 
601 144 29 37 0.9971834 
473 196 29 37 0.99634993 
659 100 25 32 0.9960337 
125 261 41 57 0.99166954 
518 295 42 48 0.9854152 
482 172 25 28 0.97749454 
361 176 28 33 0.96568274 
330 80 19 22 0.95991206 
488 115 24 27 0.95658916 
345 97 19 27 0.95555925 
383 5 13 18 0.93331707 
381 71 16 21 0.91531676 
419 41 13 15 0.8320224 
417 102 22 26 0.80430144 
343 5 14 16 0.7932129 
674 12 9 11 0.5569159 
322 14 14 19 0.47054803 
371 20 15 20 0.44676265 
369 40 15 19 0.27896154 
409 14 11 15 0.26728618 
328 130 27 33 0.17746289 
337 87 21 29 0.1635122 
356 20 12 15 0.09724693 
406 72 14 16 0.09424897 
445 12 10 12 0.09208399 
436 0 12 10 0.08154384 
331 0 12 9 0.080865756 
375 14 13 17 0.05773436 
358 15 12 14 0.052562986 
652 6 10 13 0.046408772 
404 91 16 22 0.04514264 
445 322 34 36 0.04362899 
639 2 11 13 0.040199287 
583 121 22 27 0.036312412 
646 4 11 13 0.032134358 
388 70 18 23 0.032042325 
323 103 11 18 0.031704832 
443 18 12 14 0.031626638 
365 44 15 21 0.03089553 
396 69 14 18 0.030648842 
425 20 11 13 0.030234994 
340 135 26 31 0.028687812 
332 8 17 24 0.027063157 
379 49 15 19 0.024222577 
475 119 16 19 0.023448046 
340 45 21 25 0.0234231 
344 57 19 21 0.02263959 
376 25 15 17 0.022629546 
379 36 14 17 0.02262272 
387 12 15 20 0.022171963 
427 15 11 13 0.021809747 
352 25 14 16 0.020038942 
