55_Sports_Coach_Trainer_sportcoaching_55_789
23
271 226 45 64 0.9993926 
453 244 43 62 0.9991887 
146 217 46 68 0.9990853 
929 328 45 59 0.9987067 
762 165 42 64 0.9983215 
630 281 43 54 0.9982672 
231 187 42 59 0.9982515 
672 199 39 58 0.99795604 
66 241 44 60 0.9979406 
731 333 40 59 0.9974654 
541 257 42 54 0.99716103 
920 158 44 64 0.9966613 
198 147 38 46 0.99604416 
391 223 41 58 0.9949456 
88 173 41 50 0.99455476 
366 284 40 58 0.99448484 
823 321 40 54 0.99407357 
465 160 40 56 0.99381953 
589 219 38 56 0.9917835 
326 130 36 54 0.98785746 
51 129 41 52 0.98752606 
422 124 37 55 0.9837293 
614 114 38 58 0.9790668 
