57_Angler_peoplefishing_57_401
28
615 206 641 239 0.12527646
639 201 666 235 0.07808437
896 351 931 395 0.062869
596 219 624 254 0.05699938
865 233 893 268 0.052882694
848 321 910 404 0.050913382
721 253 749 287 0.04828724
749 322 780 361 0.047154106
741 222 773 261 0.043679282
664 223 693 258 0.03680556
588 276 627 328 0.032238934
903 202 932 237 0.030434687
619 176 644 208 0.03002127
993 298 1024 344 0.029849013
918 328 947 363 0.028191028
663 152 689 184 0.028125148
846 276 876 312 0.027079614
141 322 211 422 0.026268614
543 250 572 285 0.025014132
683 249 718 288 0.024603045
691 204 715 234 0.023940954
334 297 365 334 0.023395136
871 279 902 318 0.02278561
91 341 137 399 0.022260815
940 305 969 339 0.021807699
636 249 671 293 0.02178476
722 206 748 239 0.02164374
566 203 592 234 0.02027174
