57_Angler_peoplefishing_57_1009
21
854 131 925 224 0.98846555
538 161 607 249 0.98614776
340 160 410 254 0.98267704
450 94 509 174 0.98028445
683 145 750 233 0.9797064
82 98 148 183 0.9780854
217 139 284 226 0.96028674
616 268 663 331 0.24832083
437 189 495 271 0.14470294
22 216 71 280 0.0791607
700 230 748 294 0.058257967
683 273 733 342 0.058169343
265 231 329 316 0.054962672
778 269 815 322 0.03846011
549 317 589 369 0.035132006
718 280 779 363 0.027803207
848 261 887 316 0.026457755
531 264 577 328 0.024389813
966 234 1014 302 0.023321072
28 220 114 332 0.021432053
105 197 185 310 0.020408276
