57_Angler_peoplefishing_57_139
57
843 358 868 391 0.27002856
787 391 814 424 0.24220306
734 375 764 413 0.15681802
481 352 503 379 0.09982478
800 330 823 359 0.0942175
658 379 683 410 0.092365235
889 326 914 358 0.0872587
757 451 787 488 0.0765114
691 276 714 305 0.05915529
642 337 662 363 0.05259816
825 351 850 384 0.05190037
638 355 661 384 0.049887143
4 57 33 104 0.048792254
950 298 979 334 0.048226677
643 303 665 329 0.04676713
539 312 559 336 0.04585399
739 280 760 306 0.04391353
797 304 823 337 0.04329776
404 382 428 412 0.039990313
863 228 891 265 0.03884424
258 331 282 359 0.038487215
280 352 302 378 0.03664442
557 454 580 483 0.036386147
378 376 403 408 0.035285924
618 435 641 463 0.034288213
121 46 161 96 0.03293523
689 359 711 387 0.02888572
693 304 716 333 0.028481621
716 325 740 353 0.027720083
768 303 792 334 0.027681293
915 253 943 288 0.027591938
662 329 686 358 0.026933078
411 334 434 362 0.026407834
635 435 661 465 0.026361246
765 359 789 388 0.026336469
516 306 537 333 0.026289975
579 353 607 388 0.025735851
306 358 327 382 0.025686072
383 337 406 364 0.025333961
464 500 489 531 0.025001671
618 286 639 311 0.024974316
483 300 510 331 0.024542384
414 437 438 465 0.024471194
992 328 1019 368 0.023989206
430 332 455 363 0.023704132
715 256 741 289 0.023512814
592 409 616 437 0.023329923
613 456 640 488 0.023281837
969 333 997 371 0.02286632
411 280 438 312 0.02267538
411 357 430 383 0.022664817
694 331 715 357 0.022403197
893 272 919 306 0.02237365
947 385 975 419 0.02216545
169 25 212 72 0.021655539
857 381 884 414 0.021153582
897 350 923 382 0.020808114
