55_Sports_Coach_Trainer_sportcoaching_55_867
75
510 268 536 304 0.60238487
388 262 416 299 0.2993513
458 425 508 487 0.29707873
55 302 77 331 0.1854601
21 322 47 355 0.17777693
483 351 511 385 0.1755072
221 300 249 338 0.16813795
659 381 693 423 0.14313081
17 441 51 485 0.14047998
130 407 157 440 0.12442361
150 406 177 441 0.11831168
175 424 207 464 0.11212494
92 354 124 392 0.09881413
229 405 254 436 0.09547707
211 324 241 362 0.09344928
505 328 532 365 0.09237975
556 282 582 316 0.08907808
713 281 740 318 0.08492472
566 372 594 406 0.084732704
219 355 245 389 0.07652952
533 277 560 314 0.07363286
125 481 153 514 0.071074
-1 375 25 413 0.063864104
71 308 93 336 0.0613578
3 403 29 443 0.06096568
84 406 109 437 0.05952902
439 277 473 320 0.0571968
613 411 641 449 0.056081004
249 406 278 441 0.052964117
207 408 232 439 0.05210036
537 329 563 365 0.05152072
635 406 669 450 0.04997679
578 351 608 387 0.04814588
537 224 565 259 0.048113685
104 460 134 494 0.04804553
262 356 292 394 0.04390171
237 461 282 518 0.043816783
97 424 128 459 0.043060098
73 325 101 359 0.037258495
681 349 710 387 0.03695467
274 294 303 333 0.036079347
153 457 177 488 0.034891568
822 428 852 464 0.033766802
146 383 172 415 0.03290254
39 434 72 474 0.032330256
273 330 301 366 0.03140776
688 427 715 462 0.031002605
184 358 210 391 0.030106552
715 402 743 439 0.029985435
150 482 176 516 0.028226342
683 456 714 495 0.027965998
474 375 510 418 0.02777338
567 485 598 523 0.027483035
813 276 840 310 0.027379809
581 294 614 333 0.02718999
491 257 520 294 0.027114807
738 391 773 436 0.02693619
695 294 725 330 0.026268413
201 455 229 493 0.02549284
76 456 105 491 0.025468674
361 454 396 497 0.025313128
363 275 393 312 0.025197757
19 347 49 385 0.025053693
665 296 693 330 0.024713282
313 330 340 365 0.024000585
591 403 620 440 0.023822416
562 331 590 369 0.023621328
78 511 104 541 0.02269627
713 256 739 289 0.02184562
49 318 78 356 0.0216745
719 375 748 413 0.02045431
82 379 109 412 0.02045265
464 330 494 368 0.02027568
331 282 362 320 0.020203805
378 402 409 438 0.020126775
