55_Sports_Coach_Trainer_sportcoaching_55_569
42
888 31 939 94 0.9880332
182 82 238 157 0.97572803
339 41 390 108 0.96947676
247 254 290 309 0.9324607
788 86 848 154 0.26613152
739 200 782 252 0.2615122
693 7 726 46 0.194089
577 79 604 113 0.123493746
40 290 64 320 0.11209604
911 198 959 255 0.07627517
91 240 116 272 0.07616907
158 286 183 319 0.07429437
639 67 665 99 0.07195261
12 254 41 290 0.06822417
52 123 81 161 0.058138527
370 239 402 282 0.054776788
91 306 119 340 0.05469865
731 249 763 288 0.054154042
214 196 318 327 0.050307706
931 -5 978 45 0.049371652
641 307 684 352 0.04726972
579 35 613 77 0.044421613
315 16 357 69 0.04435044
521 -5 554 29 0.04147361
60 284 83 313 0.040130425
40 239 63 269 0.03819118
658 14 695 57 0.03573144
854 95 891 143 0.03221524
478 0 514 33 0.03210979
458 30 496 73 0.03154638
15 305 51 343 0.031542424
760 2 801 47 0.029021826
321 264 357 313 0.028378163
438 1 471 33 0.027177576
111 118 140 158 0.027027264
1 280 27 315 0.02537532
471 21 540 97 0.023918347
552 61 580 99 0.02381632
133 284 161 320 0.023574641
718 12 749 53 0.02240986
147 83 182 128 0.020698639
683 51 713 88 0.020328172
