55_Sports_Coach_Trainer_sportcoaching_55_809
59
381 543 442 624 0.96124476
821 377 889 466 0.82441896
709 654 765 728 0.24846752
678 443 724 500 0.1992032
231 567 276 626 0.18363537
197 791 244 844 0.15908012
74 531 122 594 0.11800928
346 727 395 786 0.10381382
141 868 191 926 0.09871789
4 869 45 929 0.09770994
470 596 522 661 0.097653866
543 572 588 632 0.09209795
33 563 74 621 0.09048359
674 523 727 587 0.086773545
151 572 189 623 0.070959166
731 521 778 579 0.06780377
317 637 368 703 0.06729687
200 606 242 658 0.06318618
-1 910 46 978 0.0630947
613 913 661 969 0.056252085
918 407 956 457 0.055701092
43 415 78 460 0.055040766
918 1052 966 1117 0.052394085
4 306 39 371 0.046994463
196 567 238 623 0.045266606
198 647 243 702 0.044285875
682 605 734 672 0.042761184
115 571 155 623 0.04030298
480 713 529 778 0.03884488
61 716 114 780 0.038627572
43 641 107 718 0.03850125
654 572 704 632 0.038084656
2 592 43 650 0.03748838
535 448 577 501 0.03312968
626 598 675 659 0.032534767
675 299 730 362 0.031930402
69 414 106 462 0.03066816
401 682 460 750 0.030661924
339 672 392 737 0.030536335
140 645 189 702 0.030344062
96 871 271 1071 0.030075708
257 238 319 312 0.029775836
117 677 165 741 0.029761229
161 536 203 591 0.027299132
250 537 303 601 0.026875043
369 833 437 912 0.02636288
422 425 464 479 0.024440484
-3 535 45 606 0.024223745
470 863 530 943 0.023888504
448 748 498 812 0.023149377
218 725 262 780 0.022484694
570 533 614 590 0.022322612
268 802 314 857 0.0222944
570 442 612 497 0.022155145
505 493 554 555 0.022093909
744 637 805 715 0.02178955
268 718 314 777 0.021581426
299 453 344 508 0.021313988
530 522 577 583 0.020918613
