55_Sports_Coach_Trainer_sportcoaching_55_196
50
285 171 314 209 0.5090001
798 25 859 102 0.32036188
507 162 534 199 0.30667713
100 157 136 202 0.18751611
172 145 202 183 0.17303173
318 230 348 267 0.17183523
536 179 568 219 0.15582874
453 175 482 211 0.1389226
233 251 264 293 0.09244359
589 227 623 269 0.06979017
261 173 290 212 0.053921364
80 253 109 290 0.05247688
432 191 464 231 0.049024705
731 67 768 120 0.04693011
948 80 985 127 0.045850333
22 283 49 319 0.043357234
146 226 172 261 0.042317823
745 171 774 211 0.04209313
231 152 256 183 0.04165357
642 147 673 187 0.038719658
687 254 715 290 0.0370825
358 172 390 210 0.036804814
959 142 1003 206 0.036600474
414 176 441 209 0.0325321
54 255 81 289 0.030865025
158 168 186 204 0.030679252
95 274 122 311 0.030546458
184 232 209 265 0.030514816
476 119 505 155 0.029089173
244 36 278 80 0.028659398
491 196 518 232 0.027547823
662 115 698 161 0.02737329
714 253 740 287 0.026878133
768 53 809 112 0.026513416
644 196 672 231 0.025977466
436 157 465 192 0.024185397
331 144 361 184 0.022695757
659 175 689 215 0.02266571
711 117 740 159 0.022439761
815 108 852 154 0.021686735
714 174 740 210 0.021468071
909 120 943 161 0.021295523
665 218 695 255 0.021278858
233 333 258 364 0.020893257
765 123 798 166 0.020462647
694 177 720 212 0.020430233
379 250 407 285 0.020164767
328 70 363 114 0.020144535
620 173 648 206 0.020017015
850 29 895 92 0.020015378
