55_Sports_Coach_Trainer_sportcoaching_55_859
32
407 282 457 348 0.9924193
265 289 311 349 0.98345274
144 282 200 354 0.98150176
587 259 643 328 0.9611112
804 256 869 344 0.94918066
72 197 137 281 0.88428557
124 675 162 720 0.15946887
50 729 93 781 0.11127237
159 484 206 543 0.09874232
192 631 226 678 0.07488481
89 783 122 823 0.07055811
47 686 89 732 0.06187553
371 399 413 448 0.059676446
571 369 614 419 0.05039031
24 637 53 675 0.040065125
401 363 443 412 0.03536329
-4 789 20 823 0.033595834
608 346 651 396 0.025710322
401 464 452 520 0.024116598
576 474 642 552 0.02381009
884 493 956 584 0.023457315
458 368 492 413 0.023429735
273 505 313 554 0.023347815
339 450 384 509 0.023072705
199 784 235 831 0.02234075
785 427 831 479 0.022278842
377 557 411 601 0.021722121
66 914 98 955 0.021548782
320 371 356 418 0.021084998
231 708 259 745 0.020617066
143 730 172 768 0.020171309
1 662 28 701 0.020141123
