55_Sports_Coach_Trainer_sportcoaching_55_643
33
7 299 41 347 0.3094629
790 206 814 238 0.09287637
839 254 865 286 0.07863402
513 225 533 251 0.066307954
890 97 935 152 0.052553933
466 236 487 260 0.045717914
774 221 800 254 0.03847677
286 255 308 282 0.03829963
19 101 51 140 0.036043514
537 369 567 408 0.035485048
919 220 946 251 0.0340484
690 261 713 290 0.034038637
863 303 893 342 0.031213278
415 259 438 286 0.030929133
559 255 580 281 0.026784241
791 280 813 308 0.025882319
428 152 452 182 0.02547464
465 411 488 440 0.024352318
47 274 79 321 0.024153266
434 259 455 284 0.024122573
492 208 515 236 0.023461357
772 253 797 284 0.023311425
871 190 909 235 0.02309307
539 280 565 312 0.022175593
817 222 844 256 0.02167643
821 266 853 303 0.021227209
641 255 662 283 0.02120807
438 235 461 263 0.021052232
456 279 481 309 0.021038301
432 279 456 308 0.020940341
788 351 819 390 0.020639949
715 275 739 305 0.020241106
486 231 508 257 0.020204844
