55_Sports_Coach_Trainer_sportcoaching_55_516
105
116 297 158 351 0.98608494
476 323 515 373 0.97991383
689 373 734 431 0.97226375
374 324 414 375 0.957027
254 323 296 375 0.9298383
593 336 632 386 0.920731
508 189 535 225 0.8839571
665 196 691 229 0.85948765
253 212 282 247 0.8513973
778 362 821 414 0.7950747
575 136 607 177 0.7040882
837 196 862 227 0.69395316
386 211 411 242 0.6071397
323 208 347 239 0.5921421
445 190 471 223 0.56169444
434 453 465 494 0.4775385
779 212 802 241 0.4279271
199 353 230 392 0.4133238
730 208 755 240 0.21267387
843 349 881 396 0.19528107
798 301 823 332 0.173139
820 281 843 310 0.1560604
388 105 412 135 0.12302402
326 324 357 361 0.11099634
298 445 331 487 0.10724293
322 349 356 390 0.08959816
532 274 560 311 0.08794864
332 440 362 478 0.08774375
771 303 795 335 0.08767971
744 307 771 343 0.0872506
486 274 512 306 0.08057522
879 275 904 307 0.07987006
219 449 255 493 0.07445048
554 503 582 538 0.072376125
640 282 668 316 0.07014435
401 121 431 159 0.0700068
388 174 411 203 0.058325697
399 221 427 256 0.05721563
842 278 866 309 0.057137042
404 149 433 186 0.056871623
620 502 648 538 0.054887082
683 325 714 363 0.05270729
439 300 466 335 0.052454196
721 306 749 341 0.051186122
633 143 664 182 0.047956668
351 486 380 523 0.047552094
531 463 559 498 0.04738228
479 513 512 551 0.046043254
536 484 567 522 0.045984197
824 329 854 367 0.04492307
846 471 878 521 0.043241385
765 282 788 311 0.04256382
699 274 724 306 0.04093007
734 500 764 541 0.040843684
364 204 390 239 0.040530484
351 453 379 489 0.04006858
362 175 388 207 0.039724622
455 477 483 513 0.038746327
207 125 234 159 0.038197868
743 255 772 288 0.037862904
467 251 496 288 0.036344696
490 179 550 249 0.036329273
231 300 263 341 0.035543237
431 75 458 108 0.03484872
390 501 421 539 0.03421337
617 127 645 165 0.033980966
358 284 386 318 0.03356167
215 493 257 546 0.03350181
565 324 605 374 0.033332944
867 412 892 444 0.03313999
666 354 701 399 0.032557305
416 434 445 470 0.032257415
680 180 707 215 0.031903464
307 307 338 347 0.031648695
412 74 437 104 0.03136468
661 121 687 155 0.03111819
543 149 570 183 0.030989604
231 106 257 140 0.030272037
669 304 696 338 0.029857274
638 326 672 371 0.029721176
153 411 191 458 0.028946806
405 306 433 342 0.028943524
587 488 613 523 0.028055057
707 456 742 503 0.026409317
646 179 710 251 0.02631681
41 295 82 352 0.025889298
511 513 541 553 0.025578788
205 301 234 340 0.025215466
633 483 661 519 0.02499864
425 178 486 248 0.024816565
385 245 415 281 0.02410917
774 42 801 76 0.023751419
537 319 573 364 0.02325012
381 281 410 316 0.023241984
813 179 876 250 0.022813197
173 372 209 415 0.022763133
279 176 307 211 0.022401463
786 329 820 368 0.022211805
662 282 689 316 0.021525925
843 300 870 332 0.021134268
506 406 539 449 0.020827364
432 49 457 80 0.020639136
609 198 641 234 0.020501286
234 202 294 269 0.020404793
517 250 545 286 0.02011052
