55_Sports_Coach_Trainer_sportcoaching_55_588
27
601 255 628 290 0.21199445
666 250 687 278 0.20134263
441 275 475 317 0.115718484
744 402 777 442 0.091978684
694 248 716 278 0.08572927
642 412 668 445 0.08320673
715 255 737 283 0.080461815
734 295 762 332 0.07113001
648 254 671 284 0.06843701
619 383 644 415 0.056317687
658 326 686 363 0.055766296
725 453 758 494 0.04821758
721 276 748 311 0.047377575
868 284 894 315 0.044972837
638 276 663 308 0.038701404
492 273 521 309 0.0343792
634 302 662 338 0.03345427
745 255 767 283 0.033065908
769 256 790 284 0.032530166
662 269 687 301 0.03123827
815 302 844 335 0.03088783
512 326 538 359 0.030369587
412 293 444 337 0.024007007
893 301 919 333 0.023357866
537 304 567 340 0.022079477
796 325 823 359 0.021294286
377 355 405 389 0.02115343
