55_Sports_Coach_Trainer_sportcoaching_55_365
20
468 212 534 301 0.9345035
657 120 718 199 0.8814022
251 164 309 249 0.79182196
338 97 398 174 0.41867116
798 155 854 229 0.36244318
791 237 845 315 0.3099583
407 152 453 218 0.25647035
707 369 757 434 0.18832238
603 327 644 386 0.15726383
838 112 881 168 0.14856823
190 271 243 343 0.09670169
806 463 861 515 0.08546295
746 454 803 508 0.046555027
681 456 729 506 0.04571982
419 35 455 85 0.036766134
833 256 882 322 0.035134915
638 295 673 338 0.03504564
287 0 335 54 0.026331913
514 470 569 523 0.024244586
689 398 766 486 0.020907493
