55_Sports_Coach_Trainer_sportcoaching_55_773
34
328 96 383 160 0.94388384
635 86 685 148 0.9390792
-1 149 38 211 0.88380307
385 84 439 154 0.81885463
843 145 888 202 0.65988225
476 115 515 172 0.5024849
643 150 694 220 0.436574
986 102 1021 158 0.35144526
987 227 1023 283 0.25647098
319 199 367 267 0.22783254
717 69 754 119 0.2049103
165 165 200 215 0.17622049
151 228 191 284 0.16414887
606 197 648 254 0.16153571
811 82 847 127 0.11333226
845 254 882 301 0.08660637
274 158 313 211 0.080882065
688 92 722 137 0.06844104
191 141 226 188 0.055448446
249 209 299 275 0.04228208
579 214 622 269 0.039886624
352 267 390 324 0.037968297
705 135 751 199 0.036732696
605 317 641 362 0.035594992
916 276 952 325 0.033629246
193 180 234 233 0.03271112
757 88 800 144 0.031342536
-4 296 74 401 0.027666569
205 501 242 551 0.02721338
227 319 258 361 0.025979465
336 341 371 385 0.025301214
757 48 795 95 0.021995183
168 193 244 291 0.021815065
529 290 607 397 0.021151707
