17_Ceremony_Ceremony_17_592
53
300 285 16 18 0.98698854 
4 371 18 21 0.9823078 
160 252 31 38 0.9780031 
57 308 18 23 0.9734543 
510 289 13 15 0.92685777 
690 197 27 42 0.90645283 
791 340 12 14 0.85881466 
592 320 11 14 0.71293616 
175 250 25 36 0.5567666 
551 304 13 15 0.5311583 
708 350 8 10 0.22280905 
186 255 16 24 0.20053218 
367 193 37 51 0.18169922 
196 338 19 20 0.1688801 
696 185 24 40 0.13728198 
727 318 12 15 0.094489396 
269 292 10 13 0.0864709 
544 280 8 11 0.08564167 
419 336 18 20 0.081522256 
179 299 16 23 0.07420413 
594 289 13 16 0.07214773 
552 269 9 10 0.068041354 
552 279 9 11 0.063567296 
340 198 24 31 0.06180457 
557 264 8 11 0.05874293 
280 288 9 11 0.053895917 
557 279 8 11 0.051843617 
249 314 17 20 0.04685572 
847 138 21 39 0.044395268 
556 320 11 12 0.04210286 
31 408 16 22 0.04058362 
69 333 15 18 0.038775686 
346 189 24 31 0.038575597 
207 306 13 18 0.03770703 
551 315 11 15 0.03681993 
471 309 9 10 0.035934996 
459 286 10 13 0.035516504 
574 323 9 13 0.034973554 
463 304 8 11 0.034817886 
608 324 10 12 0.03234099 
603 286 12 14 0.030751044 
544 307 12 18 0.030258358 
725 331 11 14 0.02864325 
229 298 15 21 0.025141882 
429 269 14 18 0.024462352 
473 293 9 11 0.024033343 
226 281 16 18 0.023803318 
428 252 10 12 0.023730129 
390 254 11 13 0.021590449 
357 345 11 12 0.021470862 
403 289 14 17 0.02134461 
454 290 14 15 0.020716421 
698 215 18 28 0.020675609 
