17_Ceremony_Ceremony_17_803
48
323 20 96 133 0.9996141 
642 72 90 130 0.9994261 
942 175 25 30 0.996021 
491 129 15 19 0.9925708 
92 140 24 30 0.9909147 
573 139 17 20 0.98810184 
172 141 18 24 0.9813927 
598 123 15 19 0.98062515 
557 130 13 17 0.9789434 
632 151 22 30 0.97598267 
150 123 14 20 0.9757775 
627 108 14 18 0.97509795 
125 125 16 21 0.97441655 
441 114 15 20 0.9666667 
527 115 13 16 0.9592234 
606 143 20 26 0.9556192 
211 126 12 16 0.9154491 
479 120 13 17 0.9124751 
568 115 13 17 0.90308756 
505 116 13 16 0.89600056 
0 61 98 261 0.8853447 
541 153 20 28 0.88016456 
90 111 15 19 0.8533166 
115 143 14 20 0.84902054 
417 115 15 16 0.8212941 
163 106 13 15 0.70894426 
239 127 14 17 0.63622713 
194 129 13 19 0.6234907 
223 117 10 13 0.41877744 
205 109 9 10 0.4035318 
242 112 10 12 0.21282718 
160 70 8 10 0.124475144 
225 112 10 12 0.102655 
199 118 12 14 0.0848476 
215 94 9 12 0.053218603 
224 133 10 13 0.04382698 
229 108 9 11 0.041976616 
204 114 11 14 0.037193894 
461 124 14 16 0.029798431 
617 147 22 28 0.028854152 
469 124 13 15 0.026803415 
450 116 13 17 0.025636476 
202 105 9 11 0.024623599 
165 112 13 17 0.024219913 
543 115 11 14 0.02378283 
561 117 11 14 0.023237308 
568 138 13 18 0.021136692 
583 123 12 16 0.020650135 
