17_Ceremony_Ceremony_17_171
41
646 305 96 141 0.9996613 
24 223 60 74 0.99955016 
518 321 94 119 0.99926704 
333 141 50 65 0.99920326 
199 237 59 76 0.998865 
580 1 33 39 0.99884593 
633 153 61 68 0.99884295 
252 243 72 87 0.99879116 
477 163 53 74 0.99861526 
764 54 48 68 0.998059 
149 234 51 68 0.9973803 
94 125 32 44 0.99682766 
7 131 38 45 0.9967361 
396 311 86 96 0.99615014 
290 31 32 41 0.9960504 
455 134 47 65 0.99553055 
266 56 36 47 0.99511945 
515 85 45 51 0.99478453 
152 48 32 41 0.99450904 
722 71 45 61 0.99375665 
663 75 44 57 0.99165523 
246 151 37 49 0.99082863 
526 21 35 45 0.99081475 
938 374 79 152 0.9889703 
302 157 38 53 0.9786684 
696 179 65 81 0.9537064 
356 276 65 79 0.95334494 
867 247 57 70 0.9476667 
964 165 53 99 0.90231854 
144 86 18 25 0.78717136 
463 152 50 70 0.14386363 
626 5 40 48 0.07437122 
848 268 62 74 0.063183285 
714 8 18 19 0.062264506 
56 136 23 31 0.041453194 
615 85 32 41 0.038726803 
673 170 53 66 0.031135816 
730 200 74 84 0.028232655 
247 60 21 33 0.028094094 
461 71 26 30 0.025457865 
623 1 26 36 0.020771852 
