17_Ceremony_Ceremony_17_227
49
261 494 12 15 0.9894763 
312 490 11 15 0.9603625 
957 464 12 15 0.9481564 
164 495 12 16 0.93330556 
909 451 12 14 0.92196345 
575 461 11 14 0.78795373 
113 494 13 17 0.6521398 
198 507 16 19 0.245675 
206 677 12 15 0.11960663 
277 660 14 17 0.09215783 
184 656 11 15 0.082265496 
37 709 13 17 0.08144391 
495 662 11 15 0.07787596 
44 701 12 16 0.06899145 
248 702 14 18 0.06811393 
471 634 13 15 0.06488686 
878 618 13 16 0.051311616 
481 692 11 15 0.047181267 
909 458 11 14 0.046580438 
198 653 11 15 0.045098882 
212 474 12 17 0.044717107 
323 650 14 18 0.042886894 
187 654 13 15 0.04032393 
837 678 20 30 0.0398802 
160 532 11 13 0.037001412 
286 660 12 16 0.03628238 
389 701 16 20 0.034695853 
741 724 12 18 0.033956368 
500 662 13 16 0.03253046 
734 708 11 14 0.031753216 
364 673 16 19 0.030610677 
788 667 37 46 0.028651064 
861 431 7 10 0.027551662 
641 674 14 15 0.026441287 
630 657 13 17 0.02332115 
733 721 13 19 0.023145726 
942 676 12 18 0.023007309 
411 643 11 15 0.022812594 
152 522 11 14 0.022226412 
384 730 13 16 0.022212505 
484 662 13 18 0.021614606 
855 742 11 12 0.021408305 
701 724 15 20 0.021378849 
51 707 12 16 0.02124998 
717 705 12 16 0.021195017 
853 751 13 14 0.021011157 
270 516 13 15 0.02078048 
466 704 18 21 0.020453148 
50 517 12 15 0.020034859 
