17_Ceremony_Ceremony_17_253
184
882 700 14 16 0.583827 
972 130 14 17 0.41380218 
340 336 9 12 0.38288242 
314 343 8 11 0.35932687 
127 369 9 11 0.30466667 
280 344 8 11 0.29920045 
102 381 9 12 0.25645137 
55 396 9 10 0.21927069 
956 678 11 13 0.21615562 
672 671 10 13 0.20328543 
639 683 9 13 0.202116 
74 410 11 14 0.18315758 
814 721 13 17 0.1765725 
549 675 10 14 0.16265878 
920 684 13 16 0.15733965 
464 689 11 15 0.15682895 
180 374 9 11 0.1538313 
429 321 9 11 0.14553317 
90 452 12 14 0.14463136 
190 424 12 13 0.14424165 
51 427 12 14 0.13922165 
848 708 11 15 0.13723823 
772 355 9 13 0.12964043 
311 383 8 11 0.1242557 
785 342 9 11 0.119965844 
478 702 9 12 0.11605754 
848 668 13 17 0.11555669 
746 692 12 15 0.11318145 
199 365 8 11 0.11228488 
537 336 9 11 0.11211027 
953 655 11 13 0.11155583 
873 140 8 11 0.10952879 
66 183 7 11 0.10936494 
905 87 8 11 0.10023034 
357 455 9 12 0.09155862 
680 94 6 8 0.0914323 
912 654 9 12 0.0901706 
921 757 14 13 0.08788085 
744 382 9 12 0.08746082 
585 711 12 15 0.08675643 
14 714 14 17 0.08475116 
254 384 9 12 0.08348108 
73 384 9 11 0.08310385 
677 670 11 14 0.08249981 
601 680 11 12 0.078323275 
40 722 11 15 0.07241574 
140 427 11 13 0.07123607 
366 440 8 10 0.071038984 
287 393 8 10 0.07007347 
800 356 9 11 0.069865204 
936 708 10 12 0.06833241 
870 456 8 11 0.06823176 
142 422 12 14 0.06810076 
338 376 9 12 0.067245126 
549 752 12 13 0.06697085 
937 365 8 10 0.065088704 
904 360 9 11 0.06479593 
988 671 21 35 0.06095427 
59 710 15 17 0.060510434 
583 114 7 8 0.06024082 
566 736 9 11 0.059907172 
800 662 10 14 0.059001237 
825 117 6 9 0.057764396 
462 714 10 14 0.054320008 
936 123 12 15 0.05380069 
234 141 8 10 0.05379401 
779 692 11 13 0.053191055 
626 668 9 12 0.052418746 
318 111 8 8 0.052159876 
871 119 9 12 0.05175883 
221 389 9 12 0.05173034 
861 325 8 10 0.0512461 
426 323 9 12 0.05040165 
888 438 8 10 0.050219934 
781 733 12 16 0.04995683 
881 432 10 11 0.049184926 
175 439 11 12 0.04864262 
960 751 13 14 0.048110317 
273 125 7 9 0.048054166 
807 389 9 11 0.04764103 
98 404 9 13 0.046747837 
760 119 8 10 0.045077357 
457 727 8 12 0.044769447 
3 173 8 12 0.044558644 
816 710 14 17 0.044493288 
559 697 9 11 0.04429352 
927 722 12 16 0.043344796 
157 382 8 11 0.04306902 
480 310 10 14 0.04291624 
786 424 9 12 0.042338915 
81 149 8 10 0.041913748 
568 334 8 11 0.041781135 
106 445 12 15 0.041747402 
437 701 9 11 0.0410267 
815 343 8 11 0.0406544 
884 757 13 12 0.040131934 
895 440 7 9 0.03896028 
318 461 9 11 0.038722828 
705 347 9 11 0.03828872 
920 382 8 10 0.037467923 
777 384 10 12 0.03746311 
495 345 7 9 0.036642704 
261 400 9 11 0.036534134 
952 680 11 15 0.036326345 
370 376 9 12 0.036177635 
733 711 12 14 0.035862617 
124 404 9 11 0.03537052 
269 488 8 10 0.035280827 
934 423 9 11 0.035250973 
890 172 10 13 0.03498954 
229 360 8 10 0.03480195 
757 674 11 15 0.034032986 
101 506 13 16 0.033942174 
437 758 10 11 0.033918895 
862 368 9 12 0.033861674 
147 420 11 13 0.03381545 
833 660 11 13 0.03349024 
934 731 12 14 0.03290813 
5 700 12 17 0.032760944 
192 398 9 11 0.032724768 
494 673 9 10 0.03251333 
773 717 11 15 0.032479763 
1000 651 11 13 0.03239825 
833 428 8 10 0.03227493 
72 167 8 9 0.03219974 
477 695 10 13 0.03210067 
760 733 9 13 0.031785678 
120 431 10 12 0.030477189 
804 668 11 13 0.030254692 
813 682 13 15 0.02997207 
646 345 9 11 0.029307647 
579 692 11 13 0.028486177 
841 733 10 13 0.02841079 
846 432 8 9 0.027842019 
607 127 7 9 0.027568633 
496 718 11 14 0.0275642 
448 708 9 11 0.027546985 
726 707 10 13 0.02725179 
494 156 8 10 0.027195489 
123 476 12 14 0.026847294 
934 668 12 15 0.026516354 
764 438 9 10 0.026270008 
564 676 9 11 0.026232652 
941 148 10 13 0.026183683 
594 670 9 10 0.026013961 
615 101 6 8 0.025442366 
651 732 13 16 0.025404241 
778 127 7 9 0.025211755 
722 708 8 11 0.025155256 
256 500 9 11 0.024477959 
947 186 11 15 0.024465509 
775 732 12 16 0.024292978 
237 412 10 12 0.02390563 
376 344 9 12 0.023493383 
15 189 8 10 0.023412421 
903 654 10 13 0.023387216 
711 665 10 11 0.02321678 
917 132 10 13 0.023090247 
887 678 13 14 0.023050487 
599 690 11 13 0.02302634 
723 753 15 14 0.02288295 
565 715 11 12 0.022711577 
821 449 8 9 0.022604376 
459 752 14 14 0.022423258 
841 118 7 9 0.022352898 
839 429 7 9 0.022174912 
41 183 7 10 0.021615472 
180 407 10 12 0.021480747 
809 342 8 11 0.02145785 
846 348 9 11 0.021315275 
958 194 9 13 0.021257509 
482 111 8 9 0.021227805 
905 183 10 12 0.021213127 
703 303 6 9 0.02119614 
486 722 10 13 0.021131128 
421 727 9 11 0.02096321 
893 709 11 15 0.020783935 
917 127 9 12 0.020696338 
690 334 8 10 0.020621967 
703 707 11 13 0.020423401 
178 136 6 8 0.020339083 
553 700 10 12 0.02021273 
578 688 10 12 0.02020518 
866 460 9 11 0.020015303 
