17_Ceremony_Ceremony_17_452
27
310 369 20 29 0.9629325 
934 388 16 25 0.8766762 
300 337 16 20 0.69546646 
985 421 16 24 0.68900144 
978 394 17 22 0.60354054 
219 383 14 22 0.3877023 
627 392 13 15 0.30082086 
828 382 16 24 0.19618207 
796 338 18 21 0.17006876 
625 412 16 17 0.14693451 
726 473 22 26 0.0893179 
900 380 14 22 0.08919363 
65 346 14 17 0.07254095 
975 389 13 20 0.06595417 
392 413 12 16 0.06303399 
87 468 12 16 0.060876362 
982 408 21 29 0.060126543 
464 389 9 11 0.05107661 
419 405 13 17 0.050655354 
358 386 16 19 0.035773557 
904 384 19 23 0.027042191 
791 333 14 18 0.025295004 
363 377 16 23 0.023118615 
223 356 13 15 0.02244844 
77 363 13 14 0.022229837 
701 422 12 15 0.021053428 
804 335 15 18 0.02012607 
