17_Ceremony_Ceremony_17_220
41
485 300 11 14 0.9687047 
582 290 12 14 0.96346563 
649 284 12 15 0.7312783 
379 304 10 12 0.68467957 
53 369 16 22 0.64349306 
554 378 13 16 0.24666166 
900 393 14 19 0.21143275 
213 381 8 13 0.16249311 
341 375 9 12 0.15802562 
161 383 11 14 0.15412922 
428 313 9 11 0.15083508 
445 366 12 15 0.11215034 
107 370 11 14 0.10059085 
955 395 11 14 0.09933344 
375 375 9 13 0.090039656 
59 366 14 20 0.07437974 
390 397 11 16 0.07058711 
532 379 10 17 0.068024345 
399 373 11 15 0.06380648 
213 374 9 13 0.062994726 
46 372 15 22 0.059371542 
326 332 12 15 0.04971731 
366 375 10 14 0.046681818 
92 373 12 18 0.045039006 
430 374 10 14 0.042186238 
18 409 23 29 0.0398725 
368 380 9 16 0.03920857 
86 376 14 22 0.03326463 
334 376 13 16 0.03207898 
382 336 10 11 0.029867897 
525 383 14 17 0.0276828 
309 387 11 18 0.026280968 
27 357 14 18 0.025479797 
439 371 10 14 0.024934653 
457 396 11 16 0.023801062 
135 375 10 10 0.023313683 
905 398 16 19 0.02322576 
45 385 17 24 0.02303291 
900 380 16 21 0.023025747 
335 369 11 12 0.020823926 
459 388 12 16 0.02067799 
