17_Ceremony_Ceremony_17_113
19
354 210 113 131 0.9999057 
610 168 116 160 0.9998945 
953 292 18 23 0.9817426 
741 272 22 35 0.9803775 
764 249 19 37 0.9782802 
830 303 29 45 0.9743781 
851 271 22 31 0.96151394 
532 285 20 35 0.9603048 
244 308 19 29 0.89096755 
982 313 20 32 0.37007877 
751 298 22 29 0.07570587 
817 296 25 39 0.06771409 
1013 287 11 16 0.048289765 
814 296 15 23 0.047281824 
288 292 25 42 0.03854378 
165 314 23 41 0.037869114 
1005 285 14 17 0.02605462 
565 275 9 12 0.02401558 
1003 295 17 22 0.021463344 
