28_Sports_Fan_Sports_Fan_28_267
260
353 225 19 23 0.98483753 
403 202 19 22 0.98444843 
502 342 21 26 0.9801027 
562 367 18 22 0.97661114 
360 256 17 22 0.9726499 
346 328 20 25 0.9718175 
419 241 21 25 0.96424615 
595 401 19 24 0.96259063 
437 386 21 24 0.9590898 
626 281 20 24 0.9499364 
632 344 21 26 0.939305 
682 238 16 21 0.93361694 
632 191 23 25 0.9208634 
326 274 16 19 0.8974938 
443 225 21 28 0.8583398 
310 216 20 25 0.8335726 
458 194 18 21 0.8032833 
284 260 18 23 0.7572913 
668 254 16 20 0.6826098 
408 314 19 21 0.53964853 
357 212 15 17 0.5374265 
474 207 15 18 0.48418602 
76 608 10 12 0.4047975 
342 197 13 16 0.39475012 
26 692 10 12 0.3714849 
546 197 18 21 0.33948284 
481 667 9 11 0.31493545 
665 203 22 28 0.29948038 
224 673 12 16 0.28712845 
605 308 16 19 0.28541726 
110 694 13 16 0.27053583 
6 692 13 17 0.24157728 
503 323 19 20 0.23556161 
499 669 10 12 0.22922964 
464 668 9 12 0.22016016 
441 707 12 15 0.21678115 
403 396 22 32 0.21550007 
229 705 13 17 0.21016748 
82 668 13 16 0.20952591 
210 693 12 15 0.20020889 
589 279 12 15 0.19363186 
516 664 9 12 0.19182205 
712 669 9 11 0.18358216 
449 670 9 11 0.17827696 
599 235 13 18 0.16632356 
534 668 10 12 0.16088818 
761 615 9 10 0.15435363 
623 326 14 19 0.15107837 
213 700 10 13 0.14699483 
175 692 10 14 0.14630984 
70 717 9 11 0.13511924 
194 668 12 14 0.13203768 
582 372 15 19 0.1283704 
176 668 11 14 0.1089614 
504 687 9 12 0.10843536 
637 634 12 14 0.10689053 
194 697 13 17 0.105863065 
618 667 11 14 0.10342964 
529 676 10 13 0.101112284 
634 667 11 14 0.09672105 
294 693 14 18 0.09448203 
608 643 11 13 0.09077042 
694 669 11 13 0.0898617 
98 717 11 12 0.08915266 
498 204 15 17 0.08855499 
653 668 11 14 0.08353971 
244 672 9 10 0.080072366 
210 669 11 13 0.077867694 
317 693 12 15 0.07757055 
131 692 11 14 0.07752826 
466 199 20 24 0.07469094 
672 667 11 14 0.07292395 
624 645 12 14 0.07160161 
216 717 10 12 0.07125805 
115 605 16 20 0.07114399 
346 667 10 14 0.06997959 
605 691 11 13 0.06981759 
833 629 9 10 0.068785585 
497 676 9 11 0.066282265 
541 292 12 13 0.064423844 
389 629 10 11 0.06348344 
81 717 10 12 0.06321129 
679 692 10 12 0.06314082 
62 693 10 12 0.06273463 
369 257 16 21 0.06230111 
482 341 16 22 0.06149622 
738 687 8 11 0.060454976 
502 704 9 12 0.06002838 
548 693 10 13 0.05982449 
363 216 16 19 0.059689507 
532 258 11 13 0.05940887 
157 693 11 15 0.058406796 
697 712 8 11 0.057808336 
542 668 9 11 0.056143057 
404 613 11 12 0.055335023 
548 274 12 14 0.054811858 
449 691 10 12 0.054694977 
284 667 12 14 0.0542804 
64 629 10 13 0.05314469 
128 667 12 14 0.05247756 
573 654 10 14 0.050766382 
727 670 8 10 0.049901053 
24 709 10 12 0.049524926 
368 613 8 11 0.048304208 
551 699 10 13 0.047772333 
662 693 10 12 0.04757642 
480 684 12 16 0.046898108 
288 592 8 11 0.046506327 
214 708 11 13 0.046019435 
244 675 10 14 0.045293283 
458 361 16 22 0.044430666 
497 665 9 11 0.043976434 
710 646 10 11 0.0429976 
824 614 9 10 0.0425118 
224 702 12 15 0.04238904 
673 246 19 25 0.042195313 
159 650 11 13 0.04141857 
532 204 15 21 0.040921405 
249 709 11 15 0.04059288 
434 669 8 10 0.04043815 
541 261 11 12 0.040378314 
92 693 12 14 0.039916787 
530 670 10 14 0.039463792 
613 331 13 18 0.038941026 
112 669 11 13 0.03855922 
635 673 13 16 0.038462576 
352 691 13 15 0.037900265 
596 278 12 14 0.037458945 
240 682 12 15 0.037440553 
320 216 16 21 0.037403286 
528 274 12 14 0.03704574 
501 677 10 12 0.036984276 
373 670 10 12 0.03690146 
187 629 10 12 0.036721177 
639 693 11 14 0.03598438 
721 654 8 10 0.035886128 
46 693 10 14 0.035835344 
592 281 14 17 0.035365723 
496 703 9 12 0.034947634 
512 695 9 11 0.034744605 
300 667 12 15 0.034664556 
785 630 8 9 0.034655847 
282 698 13 18 0.034579705 
621 692 12 15 0.03445591 
472 687 10 13 0.034449324 
330 639 9 11 0.033992786 
140 670 11 14 0.03379094 
200 604 8 10 0.033704404 
283 644 10 12 0.033307143 
538 209 17 19 0.032987017 
687 639 11 13 0.032401286 
825 643 9 12 0.032343604 
346 201 14 16 0.032294992 
389 676 9 12 0.03209044 
398 651 9 12 0.031954136 
95 726 12 15 0.03180025 
585 668 11 13 0.031492066 
654 630 12 15 0.031348746 
301 234 13 16 0.031338554 
249 701 10 12 0.031334963 
774 652 9 11 0.031134553 
584 276 12 17 0.030959962 
129 697 12 17 0.030582177 
541 218 16 18 0.030116837 
786 601 8 9 0.030103747 
793 639 8 11 0.030074442 
186 612 9 12 0.030032102 
193 674 12 15 0.029979572 
601 674 12 14 0.029903121 
562 647 9 11 0.029672582 
669 650 11 12 0.029651793 
777 707 8 11 0.02951422 
491 206 20 23 0.029246982 
478 653 9 10 0.029119415 
335 694 10 12 0.02907289 
389 669 9 12 0.029070199 
589 694 10 13 0.028983632 
368 669 10 13 0.02893042 
99 669 11 14 0.02881419 
536 694 8 10 0.02863427 
569 660 11 14 0.028555378 
702 670 9 11 0.028438771 
326 613 10 12 0.028023485 
158 669 12 14 0.0277007 
495 692 9 12 0.027610146 
544 270 11 14 0.027567541 
600 663 12 13 0.027504906 
133 629 11 12 0.027425604 
116 718 12 13 0.027404243 
104 693 11 15 0.027361955 
671 674 11 15 0.027350843 
517 702 9 12 0.027010852 
534 702 8 11 0.02673267 
597 646 10 13 0.026698709 
267 675 12 15 0.026569718 
222 600 8 10 0.026477056 
483 680 12 13 0.026389593 
778 639 8 9 0.026094843 
416 629 10 12 0.025773086 
333 216 12 18 0.025748247 
573 700 11 15 0.02567663 
543 688 9 12 0.025648545 
693 240 20 29 0.02563367 
111 703 12 16 0.025455754 
549 664 9 11 0.025262289 
570 309 13 16 0.025114713 
513 701 9 12 0.025064722 
561 244 10 12 0.025036307 
599 620 9 12 0.0245805 
410 322 24 25 0.024573267 
45 718 9 11 0.02436706 
519 710 8 10 0.024356378 
190 607 9 11 0.024115318 
359 670 10 13 0.023917077 
392 649 10 13 0.023715012 
328 669 12 16 0.023579357 
136 718 10 12 0.023245957 
662 629 10 13 0.023066627 
64 669 10 12 0.023000965 
405 412 24 32 0.022971205 
703 629 9 11 0.022915492 
535 308 9 11 0.022875099 
79 694 12 15 0.02285861 
478 268 11 14 0.022774165 
185 652 10 11 0.0227468 
80 646 11 12 0.022742894 
294 599 8 10 0.022603126 
561 662 9 11 0.022462236 
428 701 9 11 0.02221933 
490 338 19 26 0.022090685 
633 629 12 15 0.022038689 
68 669 12 15 0.022027139 
172 629 9 12 0.02201039 
5 707 12 15 0.021901652 
694 206 21 27 0.02189836 
316 668 12 15 0.02180679 
211 674 12 14 0.021701792 
993 661 31 48 0.02168774 
601 316 19 25 0.021641394 
568 653 10 14 0.021516046 
361 644 12 15 0.021446126 
377 645 10 12 0.021372106 
494 653 9 11 0.02130598 
361 637 11 13 0.02108121 
619 673 12 15 0.020997003 
95 711 12 15 0.02092738 
116 646 10 12 0.02086846 
559 719 8 9 0.020857604 
416 670 8 11 0.020835238 
428 644 10 13 0.020833371 
609 630 10 11 0.020794855 
514 324 17 19 0.020741655 
371 694 12 15 0.020664982 
768 630 8 10 0.020479225 
621 615 9 11 0.020445775 
46 699 11 14 0.020359954 
494 385 15 17 0.020180397 
551 612 11 13 0.020129593 
313 698 12 17 0.020108012 
562 653 9 11 0.020016715 
