28_Sports_Fan_Sports_Fan_28_2
39
623 225 148 176 0.9996063 
213 329 121 158 0.9988865 
16 287 10 11 0.33865264 
968 514 26 22 0.2812051 
950 494 14 21 0.24464881 
1015 473 7 10 0.13583025 
58 334 9 11 0.109544404 
525 438 12 14 0.08392524 
977 469 9 10 0.06508652 
126 343 8 10 0.056667846 
963 505 23 27 0.04044432 
120 342 8 10 0.03843771 
74 319 8 11 0.03842119 
100 356 9 12 0.03441938 
953 493 21 27 0.03289827 
464 398 7 10 0.03278309 
391 295 8 10 0.0317948 
112 317 8 10 0.03135512 
497 359 6 8 0.030227032 
81 239 7 8 0.029958792 
455 358 6 9 0.027621407 
89 321 9 10 0.025379824 
78 324 8 12 0.024868507 
529 400 7 8 0.024740476 
941 498 14 18 0.024585513 
46 213 7 9 0.024305196 
958 455 7 9 0.024140537 
1014 516 10 15 0.024075558 
6 302 9 11 0.023603184 
990 481 10 11 0.023567803 
1 312 8 11 0.023351967 
992 465 7 8 0.022993127 
94 324 7 10 0.022243679 
933 501 15 18 0.021719342 
72 223 8 10 0.021616843 
992 470 8 8 0.020650126 
1010 473 8 10 0.02050003 
63 320 8 9 0.020422447 
504 430 7 9 0.020000381 
