28_Sports_Fan_Sports_Fan_28_697
42
743 1292 77 90 0.9855251 
515 369 190 156 0.6579968 
480 1397 41 49 0.25870952 
142 1412 32 41 0.2162315 
696 1210 94 127 0.1730072 
332 930 117 138 0.14979781 
42 1495 44 45 0.106793664 
224 1457 41 53 0.09973578 
148 1364 31 39 0.090727106 
36 1453 26 31 0.06823979 
125 1312 29 37 0.06823623 
222 1383 25 31 0.06361144 
525 1405 43 56 0.051728353 
325 1439 50 64 0.051513184 
175 1159 40 51 0.049084686 
871 1442 48 62 0.047909833 
159 1508 42 36 0.04399506 
32 1048 25 29 0.042356823 
465 1439 53 56 0.041811436 
892 970 48 57 0.041390013 
15 1297 35 39 0.03973713 
394 1389 51 59 0.03745539 
259 1383 27 35 0.036948964 
269 1428 25 30 0.035928562 
457 1383 49 60 0.035088133 
190 1366 29 35 0.03288231 
55 1343 32 40 0.027846202 
57 1327 31 34 0.025597615 
926 1510 31 33 0.025027739 
236 1452 30 36 0.024791209 
69 1147 36 44 0.024608366 
11 1262 47 69 0.024139749 
557 1414 31 40 0.023711875 
495 339 144 132 0.02321011 
183 1113 48 61 0.022550337 
322 987 121 145 0.021374911 
196 1511 36 32 0.02132001 
431 572 100 115 0.021148011 
-30 450 423 553 0.02072456 
211 1117 49 64 0.020464716 
560 410 121 168 0.020437611 
428 1384 50 63 0.020149546 
