28_Sports_Fan_Sports_Fan_28_118
42
637 311 94 115 0.9996226 
2 366 84 103 0.99783903 
488 313 92 132 0.99701786 
11 198 75 94 0.99596715 
845 446 50 72 0.9956571 
47 80 33 42 0.99272925 
328 163 35 50 0.9809825 
95 127 30 34 0.9713491 
713 205 33 52 0.97109455 
482 144 42 52 0.9554802 
549 228 33 50 0.94974935 
30 28 22 33 0.40118554 
434 346 36 53 0.29945356 
311 148 22 37 0.22015348 
1 8 17 25 0.16701865 
171 617 34 35 0.124737285 
777 31 16 20 0.11045341 
123 32 24 37 0.10561526 
211 177 43 58 0.09508314 
144 108 27 32 0.094182186 
314 274 49 59 0.08013334 
655 177 30 36 0.07869264 
528 135 25 32 0.06605277 
836 44 18 22 0.054889504 
146 578 30 49 0.049906835 
479 12 12 14 0.047827303 
19 31 26 39 0.04622006 
592 325 23 34 0.041698758 
860 1 18 18 0.040879484 
191 96 32 33 0.040573623 
744 12 18 21 0.037071936 
200 157 44 60 0.036127903 
319 144 35 59 0.035857223 
4 14 25 34 0.03521445 
3 91 22 29 0.03514368 
813 45 12 16 0.032606427 
61 502 35 42 0.03134567 
672 27 15 18 0.027516125 
34 38 24 31 0.023602383 
287 65 8 11 0.021127332 
890 50 14 20 0.020937812 
301 122 30 52 0.020822778 
