24_Soldier_Firing_Soldier_Firing_24_601
38
472 305 31 36 0.9984554 
177 324 33 36 0.9984066 
295 320 30 36 0.99786633 
735 321 36 41 0.9978327 
86 315 31 35 0.99734443 
393 309 30 36 0.9969708 
860 302 35 39 0.99660033 
598 308 36 39 0.9960141 
980 294 12 15 0.94179696 
983 338 13 15 0.9285954 
26 330 14 16 0.90389884 
310 289 31 35 0.87282515 
909 329 11 14 0.5925886 
827 331 18 23 0.58686894 
632 299 27 33 0.33919898 
418 284 27 35 0.29007965 
836 326 15 18 0.2172896 
218 318 25 33 0.20323747 
518 298 25 31 0.20179492 
1008 343 8 12 0.12836793 
621 305 29 34 0.0843449 
2 338 8 16 0.08341448 
62 317 20 29 0.07134335 
899 304 16 18 0.065372534 
225 306 24 36 0.063564375 
583 326 19 25 0.05128931 
794 319 21 32 0.05056329 
625 282 31 37 0.050036564 
889 303 22 26 0.03976404 
906 306 14 16 0.03825212 
922 313 14 16 0.032702383 
878 411 29 38 0.026363455 
915 326 12 14 0.024811763 
997 334 11 14 0.022291463 
529 300 27 33 0.021705173 
129 318 23 37 0.021461407 
866 407 30 38 0.021430196 
639 307 28 37 0.021277618 
