24_Soldier_Firing_Soldier_Firing_24_691
30
270 307 32 36 0.9983789 
418 339 27 30 0.9975624 
776 321 30 35 0.99698144 
740 295 29 33 0.9965379 
666 317 26 29 0.9964579 
293 277 26 33 0.99567187 
504 312 24 28 0.9942384 
238 215 24 31 0.99397707 
547 270 23 27 0.9934797 
622 305 25 28 0.9934509 
265 269 26 29 0.9932371 
879 453 31 42 0.9927107 
440 311 23 25 0.98992145 
823 383 34 42 0.98957646 
876 325 31 35 0.9887756 
411 248 24 26 0.98730624 
366 305 23 24 0.9871149 
805 365 26 36 0.9857421 
562 328 24 25 0.9845062 
95 113 38 58 0.98319894 
821 301 22 27 0.981646 
580 267 21 23 0.972561 
956 302 21 23 0.9538245 
183 147 24 33 0.83322245 
727 308 15 19 0.5566944 
815 376 31 38 0.418985 
274 274 29 31 0.19693513 
178 133 26 32 0.06492195 
646 314 16 19 0.032059297 
174 135 17 22 0.021510895 
