2_Demonstration_Political_Rally_2_83
19
404 309 488 417 0.9990564
596 488 696 615 0.99858105
884 556 988 684 0.99775416
292 569 388 688 0.9947536
2 390 88 494 0.99204856
121 533 217 642 0.9736038
224 263 302 363 0.9670545
627 391 706 483 0.9567319
163 391 235 482 0.9243915
880 333 958 416 0.90835387
74 216 124 274 0.9057085
325 163 369 216 0.90158254
184 154 225 205 0.84640884
783 195 822 241 0.8433828
501 210 553 270 0.80303943
445 115 482 161 0.7715513
563 287 632 366 0.7521352
220 57 254 99 0.7275694
96 293 148 356 0.7181628
