46_Jockey_Jockey_46_569
36
870 129 42 50 0.9970631 
277 154 40 53 0.9950846 
701 23 36 44 0.9777746 
444 123 54 66 0.9750226 
320 211 19 21 0.9606963 
366 134 11 13 0.9444222 
190 132 11 14 0.9388604 
228 140 11 14 0.9371423 
318 130 12 15 0.9065042 
846 180 13 16 0.9007447 
384 132 11 13 0.88798594 
509 6 7 10 0.58502674 
410 135 12 15 0.5441707 
214 143 9 11 0.5114814 
148 89 33 70 0.4960955 
525 9 8 10 0.46701926 
458 0 13 12 0.37439457 
657 24 11 14 0.25276363 
198 215 8 10 0.23548189 
684 25 9 12 0.17120816 
602 11 9 10 0.10557168 
521 12 8 10 0.08109959 
781 34 7 9 0.08088034 
372 134 10 12 0.07187271 
673 61 15 17 0.059454907 
814 41 7 9 0.05406659 
604 25 15 17 0.037454043 
246 213 15 15 0.030986277 
533 22 9 12 0.030725997 
371 117 9 12 0.030103482 
504 14 8 11 0.029561298 
511 13 8 12 0.026400333 
502 37 9 10 0.025500685 
532 73 32 41 0.024598736 
392 150 9 11 0.02313919 
631 17 8 11 0.02206239 
