46_Jockey_Jockey_46_79
26
595 46 35 49 0.99724495 
322 240 44 57 0.9969104 
623 30 26 43 0.99672276 
426 171 42 54 0.9957241 
665 25 28 41 0.9942521 
557 82 35 53 0.99136275 
415 218 33 58 0.98616403 
393 251 37 52 0.9837241 
540 42 37 43 0.978438 
537 109 22 39 0.94006234 
198 400 23 49 0.74645627 
285 335 24 40 0.5947591 
455 154 29 43 0.5339163 
679 -1 30 20 0.35198882 
403 235 35 49 0.34786212 
549 95 28 44 0.19122332 
325 305 25 39 0.15764946 
442 145 33 40 0.14576425 
469 153 22 36 0.10524046 
479 330 13 14 0.060177714 
204 479 22 43 0.0570725 
254 375 20 37 0.045947604 
501 303 17 23 0.045931663 
304 304 27 36 0.02667505 
565 43 43 52 0.024010394 
460 171 19 28 0.022952128 
