51_Dresses_wearingdress_51_1035
21
174 236 110 130 0.99992514 
409 51 83 112 0.99929965 
583 283 86 94 0.99576557 
854 184 91 96 0.995719 
735 27 18 23 0.92240924 
327 48 18 21 0.84467626 
286 54 18 22 0.83686703 
665 29 21 24 0.6191791 
598 36 14 23 0.5528482 
517 0 24 21 0.53692865 
702 13 20 26 0.46547312 
265 97 18 23 0.30817062 
650 33 16 24 0.2235758 
611 34 14 22 0.0976256 
532 42 21 34 0.06751899 
658 32 20 26 0.051343396 
334 46 18 19 0.04437483 
619 34 13 21 0.036108594 
712 16 16 22 0.0309878 
659 49 16 20 0.029945588 
604 30 16 25 0.029642709 
