51_Dresses_wearingdress_51_727
37
608 45 58 76 0.99957186 
794 28 61 90 0.9995158 
283 63 94 186 0.9985483 
497 51 19 24 0.89432275 
466 250 44 64 0.7915956 
908 68 14 22 0.70189345 
695 68 23 30 0.67218 
642 3 26 27 0.6527123 
565 56 14 19 0.5890251 
541 66 19 28 0.573897 
500 19 13 16 0.53834414 
582 69 14 16 0.16058636 
964 0 14 15 0.14228646 
746 27 27 36 0.14126027 
584 19 13 17 0.12528248 
940 82 13 18 0.112606816 
920 13 14 18 0.10509345 
884 90 14 17 0.095345266 
685 63 23 31 0.085624754 
517 66 13 18 0.08518978 
882 54 17 21 0.07387899 
598 22 14 19 0.05257044 
655 3 18 21 0.043810535 
503 55 21 27 0.043069825 
684 58 16 23 0.04245384 
527 27 16 19 0.037075903 
892 6 11 15 0.03687166 
997 9 10 15 0.035515096 
356 485 76 104 0.035490554 
586 19 21 24 0.03291244 
735 32 29 37 0.032275684 
638 4 19 19 0.030562889 
691 1 16 17 0.02987965 
559 51 16 21 0.029200932 
938 70 16 18 0.026440194 
584 60 20 28 0.02403872 
1014 41 11 20 0.021569349 
