1_Handshaking_Handshaking_1_356
19
128 602 246 752 0.9938717
655 196 818 402 0.9888187
378 410 411 452 0.05741509
276 376 304 412 0.050029874
266 433 303 480 0.044104278
380 507 423 562 0.043982897
307 380 337 417 0.041612525
229 495 275 559 0.035851404
582 404 617 448 0.033784695
776 303 975 579 0.031994797
347 472 382 516 0.02962039
490 309 519 345 0.02928996
349 441 381 480 0.027544778
251 407 286 453 0.025603585
412 279 443 318 0.023247505
256 464 300 516 0.022809645
343 379 372 415 0.02261306
371 553 428 624 0.022195619
380 379 410 417 0.021179795
