20_Family_Group_Family_Group_20_64
20
655 121 704 187 0.99746287
170 301 228 374 0.99100316
617 392 687 484 0.99082583
11 374 64 437 0.9887084
466 317 527 397 0.98144954
890 307 936 363 0.97883373
306 324 371 404 0.97771555
801 50 848 111 0.97741973
758 490 830 580 0.97646904
611 314 665 379 0.9660868
320 161 365 218 0.9608116
489 168 540 230 0.9586804
56 138 103 194 0.9542964
716 328 778 404 0.9511122
277 30 314 77 0.9476744
177 427 233 499 0.91451836
755 279 802 339 0.851742
245 175 293 232 0.83106357
342 276 391 335 0.70846885
149 246 199 308 0.7013104
