45_Balloonist_Balloonist_45_531
29
342 147 58 48 0.98339534 
816 448 8 11 0.44551235 
758 416 7 10 0.18849058 
870 440 9 11 0.18224275 
554 6 11 13 0.09528887 
752 570 16 19 0.064008296 
761 435 9 12 0.055375542 
711 437 9 12 0.05335736 
729 420 10 12 0.052069515 
775 447 7 10 0.04342419 
806 471 9 11 0.042661197 
910 487 9 13 0.042073984 
819 447 9 11 0.041829232 
700 431 11 12 0.0407238 
699 436 13 13 0.040092073 
629 401 8 11 0.03420232 
732 415 9 11 0.033793837 
769 454 7 10 0.03303214 
567 0 10 9 0.032623492 
742 447 10 14 0.031422704 
768 448 7 10 0.030067585 
735 446 11 14 0.029329369 
718 445 8 11 0.029145785 
672 334 7 10 0.028678287 
533 11 10 11 0.02565498 
574 1 10 10 0.025125368 
658 341 8 11 0.02500289 
657 401 11 15 0.02300672 
663 336 8 10 0.021115102 
