45_Balloonist_Balloonist_45_118
19
526 198 56 73 0.99962497 
447 260 57 80 0.9987165 
197 281 66 97 0.9978352 
713 81 78 96 0.99744594 
328 208 77 112 0.9853609 
373 336 47 85 0.9420896 
847 146 43 47 0.9325551 
500 99 16 21 0.7714367 
152 25 13 16 0.68391955 
434 216 45 61 0.53714 
712 436 40 77 0.35699722 
662 229 31 33 0.27180707 
913 207 10 12 0.21939005 
651 200 18 33 0.15157576 
164 1 20 18 0.046353303 
545 122 18 24 0.045946702 
722 175 13 22 0.041492112 
655 206 24 33 0.032694772 
551 102 11 14 0.027568314 
