45_Balloonist_Balloonist_45_107
19
557 331 11 13 0.92671365 
562 349 13 15 0.77626985 
657 357 9 12 0.6977277 
575 373 12 16 0.4840133 
467 356 17 21 0.33462596 
227 416 16 19 0.2960705 
535 353 13 17 0.13274471 
227 405 15 18 0.13048533 
598 357 9 12 0.10750659 
222 411 16 20 0.089999124 
465 350 15 19 0.07131283 
593 356 10 13 0.050777987 
660 362 11 14 0.036287546 
603 359 10 14 0.029012678 
533 361 12 16 0.028619086 
622 368 10 12 0.026005324 
503 356 11 13 0.024111627 
577 378 14 16 0.023326157 
608 346 10 15 0.021345327 
