45_Balloonist_Balloonist_45_1028
45
320 634 19 29 0.8241299 
97 662 9 10 0.35131672 
834 516 19 33 0.2888036 
192 553 14 20 0.27832675 
685 532 14 18 0.2113018 
558 627 10 12 0.20640752 
385 623 22 30 0.17604612 
160 638 16 22 0.1668395 
8 635 10 12 0.16194706 
677 534 14 19 0.15338652 
759 533 15 20 0.13735172 
421 595 10 13 0.12883914 
0 565 15 19 0.11071486 
592 610 9 13 0.106921315 
580 607 12 13 0.09118981 
763 527 16 20 0.0706759 
729 519 19 24 0.066341475 
12 627 11 16 0.06626906 
104 490 10 14 0.057152692 
423 558 9 13 0.0568721 
689 545 17 16 0.054320037 
872 514 18 24 0.05192589 
533 620 8 12 0.051302604 
797 532 15 21 0.047041457 
22 626 27 31 0.046389088 
64 641 11 13 0.040632572 
689 527 16 18 0.03966479 
405 610 11 14 0.037457928 
372 555 16 19 0.037050527 
166 663 12 14 0.03435992 
126 665 7 9 0.032370906 
227 668 20 25 0.029461296 
388 633 24 32 0.029053997 
12 602 13 15 0.027081158 
488 630 10 13 0.026855126 
7 604 11 14 0.02596081 
496 629 10 13 0.025675913 
577 612 10 12 0.024798712 
219 593 13 20 0.024089184 
374 542 14 17 0.02367211 
625 645 12 14 0.022917286 
95 666 12 12 0.021624502 
794 535 22 34 0.021367252 
266 685 16 18 0.020271152 
738 515 13 23 0.020248435 
