56_Voter_peoplevoting_56_122
91
90 414 186 553 0.7697567
689 52 728 103 0.68595105
840 51 879 102 0.661488
561 81 598 130 0.64880437
274 119 319 176 0.5368786
911 32 948 78 0.28222257
964 7 996 45 0.25906852
943 79 979 126 0.2444142
710 377 796 474 0.21958482
482 3 513 38 0.13779444
647 0 678 35 0.10937605
792 3 823 37 0.105803385
780 38 817 85 0.09530022
819 121 847 157 0.09280732
406 21 435 59 0.09024802
433 29 461 65 0.081830986
79 69 106 102 0.080941856
259 9 289 45 0.08083105
147 52 174 88 0.08053351
862 246 895 288 0.08007176
102 70 132 108 0.07581785
125 75 153 111 0.07105283
328 48 357 86 0.066656575
354 20 384 56 0.065570086
462 25 489 60 0.06545565
203 20 228 52 0.06312965
900 194 974 281 0.062224813
485 103 511 136 0.05957422
61 101 93 142 0.05612565
165 155 202 212 0.055431943
382 178 409 213 0.054129887
510 123 536 155 0.05032017
744 159 784 208 0.048087455
589 354 651 448 0.046341293
180 56 211 96 0.046123
659 123 692 168 0.045785356
301 267 337 311 0.044831313
749 210 789 263 0.04448437
535 20 562 53 0.044275068
682 140 713 180 0.04382796
385 149 413 183 0.042437978
892 60 924 102 0.040407203
407 145 431 176 0.040226053
586 201 623 245 0.0399464
280 43 311 79 0.038069084
811 16 844 57 0.03709218
390 1 422 38 0.03642853
147 119 183 167 0.0355869
634 48 668 91 0.035249595
512 21 537 53 0.034920465
303 21 331 55 0.03476128
612 3 642 37 0.034760013
593 16 621 52 0.03469484
304 65 337 105 0.034594968
684 280 750 369 0.03417866
737 11 775 58 0.033314936
766 92 800 136 0.033285584
223 50 252 87 0.032889802
885 124 922 170 0.032790728
229 1 259 35 0.032754254
604 96 638 138 0.032257255
154 1 185 34 0.032126788
559 2 593 40 0.031500217
49 4 77 35 0.031218115
608 48 638 87 0.03114441
229 123 261 169 0.029835617
574 430 675 554 0.02964989
327 100 361 146 0.029073717
389 100 417 135 0.028527604
405 74 431 107 0.028076516
690 -4 724 33 0.027616356
39 197 78 253 0.027032211
991 301 1027 360 0.026613548
482 69 510 104 0.026388563
512 224 543 263 0.02588769
207 67 235 107 0.025325648
256 162 293 211 0.02531446
403 176 432 213 0.025180105
384 43 412 79 0.024809692
91 108 150 179 0.024696086
646 178 674 215 0.024543805
515 145 542 180 0.024481015
558 196 598 250 0.024104945
365 151 390 185 0.023058143
180 15 212 53 0.022753388
636 384 729 497 0.022737736
716 122 750 164 0.022357635
68 22 96 56 0.02222263
609 143 643 186 0.021248966
536 114 567 153 0.020572552
510 43 540 80 0.020198258
