56_Voter_peoplevoting_56_370
30
267 364 359 495 0.9858293
216 585 324 716 0.9750539
392 271 429 320 0.34858868
444 335 488 392 0.23420592
753 360 811 428 0.18380459
227 225 285 300 0.18078716
544 339 589 394 0.15771316
618 495 673 563 0.13228607
498 457 595 565 0.08238319
-15 693 86 870 0.058836624
584 213 637 281 0.057240453
67 593 125 665 0.051466394
672 489 723 556 0.044284176
450 673 496 729 0.04156581
605 393 662 461 0.040655475
979 100 1022 170 0.036849245
600 297 651 360 0.031602275
470 165 510 218 0.031245869
510 352 571 421 0.030392485
434 493 491 570 0.029117476
2 320 41 373 0.028316509
93 500 186 617 0.028047008
188 356 246 441 0.026794339
313 849 462 1042 0.02565514
476 305 517 360 0.0252741
-4 613 54 717 0.022280315
594 525 697 649 0.021587837
606 656 717 779 0.02149909
0 255 47 329 0.02136482
500 561 556 633 0.021148792
