56_Voter_peoplevoting_56_110
27
90 321 135 377 0.9860211
804 262 838 307 0.38798586
155 402 206 461 0.21393475
201 310 233 350 0.2032206
437 245 469 286 0.17981523
277 307 312 350 0.11734022
491 509 598 618 0.10041948
445 395 483 453 0.09187497
432 264 476 323 0.06931122
417 235 444 271 0.05091326
198 371 235 418 0.047550883
401 390 466 470 0.046841018
330 320 363 361 0.042629566
480 233 510 270 0.038777675
272 368 353 469 0.03485428
890 333 917 366 0.034541324
223 323 250 358 0.031256847
98 416 175 502 0.030445592
878 353 906 388 0.029967716
923 432 951 470 0.029391643
359 300 393 342 0.027342753
230 279 255 315 0.025172189
775 301 806 339 0.023749704
167 357 239 443 0.022198794
151 228 179 267 0.021794967
358 417 431 530 0.02178105
148 287 183 336 0.020271843
