56_Voter_peoplevoting_56_260
74
933 321 960 356 0.3476874
838 325 864 359 0.32230768
332 215 359 254 0.2112057
910 428 936 462 0.20306587
473 143 505 183 0.16796564
101 30 144 84 0.15626986
27 209 55 245 0.14040779
274 239 313 284 0.13388747
530 200 556 233 0.11931778
351 246 383 286 0.11561717
302 222 335 264 0.11403235
46 310 73 344 0.10451159
276 277 311 318 0.10416481
511 97 540 133 0.08606158
231 166 263 208 0.082847565
602 248 632 283 0.079929024
860 218 887 252 0.079368815
463 245 492 280 0.07881856
278 331 309 368 0.07196634
40 31 82 80 0.06684193
277 147 309 187 0.06358611
708 279 740 317 0.061977144
944 221 969 256 0.061975874
512 177 541 215 0.06029682
222 224 252 263 0.053083885
765 251 795 287 0.04926837
538 226 565 262 0.048791613
301 168 337 213 0.041910358
668 170 699 210 0.041485418
508 228 534 262 0.041373007
689 245 722 284 0.041020144
70 299 98 336 0.038007867
842 483 868 517 0.035951644
432 298 461 333 0.035841383
640 273 669 309 0.03577379
437 202 462 235 0.034994718
57 109 97 159 0.034953337
-3 413 20 450 0.033175122
484 230 518 271 0.032999154
258 297 285 332 0.032966234
510 139 543 181 0.031269625
865 21 901 59 0.030830037
149 384 181 422 0.030302424
413 250 443 287 0.030166266
618 173 644 206 0.030128248
484 190 518 230 0.0299896
457 274 490 314 0.029258471
556 248 581 280 0.028380992
744 203 771 239 0.028108098
39 352 66 390 0.02628442
497 508 694 696 0.026246525
490 79 513 109 0.025538802
591 269 620 304 0.025436409
373 230 407 273 0.025066467
429 328 459 364 0.024554903
840 1 874 36 0.024476238
690 51 715 85 0.024302445
634 221 663 258 0.024228485
437 148 464 184 0.024081621
508 299 536 334 0.02398742
896 327 920 357 0.02376061
327 276 356 312 0.023190193
1 125 27 164 0.022641258
922 122 949 156 0.022616126
249 150 284 196 0.022615632
618 200 646 235 0.022406531
414 511 447 548 0.022092046
737 279 765 314 0.021986263
333 585 363 625 0.021756552
263 123 293 162 0.021048253
297 293 332 333 0.020712722
668 125 698 163 0.020377679
685 187 720 229 0.020221021
204 248 235 287 0.020110851
