56_Voter_peoplevoting_56_118
24
282 93 374 216 0.9989785
360 12 441 113 0.99792105
114 6 174 66 0.87206674
567 124 621 211 0.39269003
458 1 511 64 0.29223862
653 91 720 174 0.14327763
590 246 701 384 0.13737611
500 15 564 86 0.07122805
809 -2 863 46 0.058142304
399 107 451 178 0.04485071
789 24 837 83 0.03724273
725 83 772 143 0.03617201
285 -7 331 37 0.034737326
533 414 580 470 0.028204441
833 0 911 66 0.02483445
106 110 154 179 0.02443363
-2 183 58 305 0.023989888
287 28 342 90 0.023870565
186 63 275 175 0.02360245
735 397 885 542 0.023455711
984 331 1026 404 0.022767847
721 0 778 54 0.021655474
894 9 995 124 0.021561906
619 162 672 227 0.020247795
