56_Voter_peoplevoting_56_620
66
130 193 177 251 0.8689231
282 208 314 251 0.5405391
370 200 396 233 0.52934766
259 298 286 334 0.22602575
212 222 236 254 0.18046445
486 376 511 410 0.14714882
414 281 440 314 0.14106265
804 131 851 188 0.14064395
452 373 486 416 0.133757
247 330 275 366 0.10437263
227 249 255 285 0.09827891
592 169 641 232 0.08951175
339 119 371 159 0.078672275
517 206 543 237 0.06784064
164 150 192 184 0.0623139
456 250 483 286 0.05388644
338 250 365 283 0.052288763
332 224 357 255 0.051574804
441 235 464 265 0.050516352
353 378 377 410 0.048326116
234 351 261 385 0.04802279
429 356 458 393 0.047376245
355 353 380 385 0.046897914
455 461 494 511 0.045887742
359 502 404 556 0.045430705
206 379 230 410 0.042924803
416 179 442 210 0.042913973
299 150 325 182 0.042418316
301 178 328 211 0.03887353
260 225 286 258 0.038754817
177 351 201 381 0.037913658
207 435 237 474 0.036241032
284 382 311 416 0.03456228
465 302 491 335 0.03219689
530 332 556 367 0.032129094
95 180 125 222 0.031915292
307 245 334 278 0.031837765
430 299 454 331 0.03173908
176 245 202 277 0.03142735
529 170 558 205 0.03100896
227 505 255 545 0.02996383
468 328 493 359 0.02924591
185 381 210 413 0.029010147
482 455 527 512 0.028943066
450 427 483 469 0.028491573
530 216 560 253 0.028460203
383 252 409 285 0.028184328
409 231 437 266 0.027926866
351 407 379 446 0.027866762
227 373 251 404 0.027690554
157 329 183 360 0.025213841
509 355 536 390 0.024926273
492 226 518 261 0.024279881
463 174 492 211 0.023551425
342 578 387 643 0.023076266
102 350 136 388 0.022816218
737 76 767 111 0.0225581
482 249 510 286 0.022258602
254 402 282 436 0.022141244
353 267 380 303 0.021956384
389 273 418 310 0.021883883
235 295 264 333 0.021609755
331 179 358 213 0.020395381
214 271 244 310 0.020393945
275 323 304 360 0.020258542
671 178 716 240 0.02006487
