56_Voter_peoplevoting_56_781
91
382 201 428 260 0.86869395
107 86 154 148 0.4924406
648 154 674 187 0.41507474
777 130 800 159 0.39048776
296 111 337 163 0.38300908
209 107 253 163 0.26079115
145 77 194 141 0.25928533
424 99 462 151 0.21721356
591 142 619 177 0.21665217
12 80 52 133 0.18256254
372 92 422 156 0.15000197
250 74 283 117 0.14512594
274 159 307 202 0.1300304
845 116 869 147 0.1291975
675 106 702 140 0.12270134
944 124 967 152 0.121272504
880 106 902 134 0.117022865
827 123 848 150 0.110484414
923 253 949 286 0.10301526
749 105 772 134 0.093402095
947 98 971 129 0.09205942
587 198 615 233 0.091719195
609 172 636 206 0.091277234
296 197 338 254 0.089206204
641 121 667 152 0.08248974
337 64 368 106 0.079550974
978 97 1001 128 0.07452392
197 72 239 128 0.073106326
848 221 872 251 0.069720924
596 309 623 342 0.054352496
607 327 635 363 0.051041435
609 250 634 282 0.04827863
900 153 925 185 0.047383968
848 256 871 285 0.046355054
591 223 619 258 0.045458905
565 232 589 265 0.04543987
570 361 597 395 0.045415517
823 154 847 183 0.04510426
249 107 287 160 0.043934416
840 171 862 199 0.04319843
15 29 59 86 0.043185636
929 101 952 131 0.042994484
89 262 139 330 0.041892763
751 228 774 257 0.039868187
487 122 524 168 0.039834533
143 -1 184 41 0.039727952
275 71 305 113 0.03961447
746 70 771 101 0.0393958
416 179 459 236 0.03730552
770 109 794 138 0.036648266
41 264 91 338 0.03608978
718 151 744 182 0.035486087
870 263 894 292 0.035397515
489 42 518 78 0.035273105
848 28 872 59 0.034555104
946 253 970 286 0.034129396
926 155 950 186 0.03348743
896 77 918 104 0.033471756
172 15 206 56 0.032229796
622 103 649 137 0.031388916
306 69 337 109 0.031225005
663 47 689 80 0.030962043
969 250 995 284 0.030187964
689 44 714 77 0.02948467
863 207 891 242 0.028093293
453 71 484 112 0.028076585
766 256 793 291 0.027999928
793 104 814 132 0.027873196
722 101 745 132 0.026505781
688 153 716 186 0.026225517
613 124 642 161 0.026055573
765 71 789 102 0.026017958
252 14 289 58 0.02556134
802 76 823 105 0.02543941
572 122 602 163 0.025368333
981 152 1007 187 0.02533411
506 25 537 64 0.025241883
460 18 489 55 0.025099207
433 50 466 93 0.024955763
235 423 264 462 0.02450373
671 26 696 58 0.024495192
875 152 901 184 0.022732101
437 19 465 54 0.022187028
823 51 846 81 0.021826144
480 221 511 265 0.021479318
20 158 63 210 0.021420997
253 296 288 347 0.02136081
926 76 948 105 0.021072399
608 2 639 36 0.020925153
722 125 744 152 0.020504024
791 198 820 233 0.020043258
