56_Voter_peoplevoting_56_441
23
208 248 310 387 0.9064957
-3 197 99 347 0.60646826
133 298 226 409 0.22583346
21 382 67 444 0.19354773
968 506 990 536 0.11073249
895 565 916 591 0.06536243
997 478 1020 511 0.05896211
879 564 900 590 0.053746857
980 579 1003 611 0.049971256
387 358 414 391 0.046860307
479 534 528 590 0.04623218
980 408 1003 440 0.036348842
955 492 978 520 0.03136052
68 376 113 433 0.030495312
990 654 1017 696 0.029992886
360 359 386 393 0.02788339
900 480 920 506 0.025018124
947 530 971 560 0.025010027
917 565 939 593 0.024899747
814 488 835 514 0.024686202
995 606 1019 644 0.02111641
924 612 948 643 0.020496814
903 515 927 543 0.020391887
