56_Voter_peoplevoting_56_21
35
499 281 552 348 0.48754153
712 286 782 365 0.31866467
364 111 397 157 0.3152568
590 327 630 382 0.30843583
791 248 820 284 0.24346071
545 259 593 320 0.21733312
543 227 576 270 0.17140386
464 293 503 345 0.1625192
650 358 720 451 0.11067689
384 177 416 218 0.09700547
324 249 351 284 0.0962389
849 473 885 520 0.081631884
310 301 340 340 0.062131483
342 396 376 439 0.060031775
864 319 905 366 0.05650337
619 167 653 214 0.047952212
661 281 694 326 0.036911286
195 223 228 267 0.036007486
320 270 354 313 0.033647984
135 303 167 340 0.03212266
559 207 588 244 0.031379998
245 292 282 341 0.02840307
277 296 308 334 0.028293997
596 353 649 424 0.027529137
611 76 640 115 0.027226916
473 -5 562 87 0.026956495
378 376 413 420 0.025869722
78 347 115 397 0.02496012
167 258 248 365 0.024709748
268 -2 357 98 0.02404181
441 269 479 319 0.023901675
359 348 390 387 0.023715666
888 340 927 391 0.022722945
432 450 471 497 0.022321131
816 296 850 341 0.02030091
