56_Voter_peoplevoting_56_268
123
232 255 259 288 0.22557841
261 202 284 229 0.2106493
260 306 287 339 0.14781256
397 253 423 286 0.13441117
974 202 1000 236 0.1336605
253 280 280 313 0.13064499
225 178 249 209 0.12236959
328 232 352 261 0.11168863
921 177 948 212 0.11002862
457 150 482 181 0.10745275
567 233 592 265 0.10641709
302 256 327 287 0.105291344
204 199 228 229 0.10227343
152 225 177 254 0.1014477
952 206 975 236 0.097610645
640 220 665 251 0.09607024
845 253 870 283 0.0945589
870 203 895 233 0.09273709
587 226 611 257 0.09061429
131 208 152 235 0.09044795
465 208 489 237 0.08719379
868 259 890 287 0.086584434
283 278 309 311 0.08490964
745 227 767 254 0.08483598
405 151 430 181 0.07854641
612 372 638 405 0.07545481
669 154 696 187 0.07315424
666 221 692 251 0.06927109
582 151 607 183 0.06824653
513 281 537 311 0.06736524
181 199 204 229 0.06721384
332 180 355 209 0.065694064
164 183 185 208 0.06065372
620 221 642 251 0.06061388
437 208 460 237 0.05978761
853 200 876 230 0.059721973
405 226 432 259 0.057443615
277 230 299 257 0.056262452
693 224 716 252 0.055178273
541 227 567 259 0.053393614
723 226 746 255 0.050851263
409 177 433 206 0.050823808
822 233 847 264 0.047906794
310 178 331 206 0.046839587
210 254 237 287 0.046664435
643 154 666 184 0.046441626
380 381 407 412 0.044709492
123 151 148 182 0.044532623
899 199 924 229 0.04344129
328 201 353 232 0.04308392
443 384 469 417 0.04147342
489 281 513 312 0.041151434
527 463 562 505 0.04058884
699 363 724 393 0.039970167
685 174 710 206 0.03973601
875 228 897 255 0.039679572
414 204 438 233 0.039591037
25 157 49 189 0.039518975
233 304 259 336 0.039035957
567 199 591 229 0.038996097
973 278 997 310 0.038390964
943 181 967 212 0.037281364
227 155 250 184 0.037013546
178 256 202 285 0.0365133
205 301 232 334 0.036317024
123 179 144 204 0.03613047
307 153 329 182 0.034259137
511 329 537 359 0.033992942
75 200 98 228 0.033734385
76 129 97 156 0.033678934
360 254 385 285 0.033658978
522 202 546 232 0.033388406
618 328 644 359 0.032908022
413 353 437 383 0.03232379
612 254 637 285 0.032186754
622 146 645 177 0.03217242
177 226 201 256 0.032169327
279 97 304 130 0.031899042
485 226 509 256 0.031742416
285 178 308 207 0.031493522
820 208 842 236 0.03138598
390 178 411 205 0.03074501
363 202 388 233 0.030713992
493 256 517 287 0.029674077
891 226 919 260 0.029588964
226 235 251 265 0.027818825
593 305 619 336 0.027655436
99 280 120 309 0.027350135
388 360 411 388 0.027317492
361 152 383 180 0.027276501
359 179 381 206 0.027195161
52 152 77 183 0.02684136
325 306 358 345 0.026839586
816 354 838 383 0.02682544
197 276 225 310 0.026569087
464 281 495 319 0.026351131
743 279 766 309 0.026067602
261 152 283 181 0.025940368
799 209 826 242 0.02586298
356 359 380 388 0.025858339
287 154 310 183 0.025650723
152 251 181 286 0.02557397
207 226 234 258 0.02531915
462 173 486 202 0.025181167
155 151 178 180 0.02464231
175 457 198 488 0.024406526
772 439 798 470 0.024172423
898 310 921 339 0.02407225
57 203 79 232 0.02390024
530 301 557 333 0.023417424
280 124 305 155 0.022681283
361 329 385 359 0.02221789
109 205 130 232 0.022000039
435 355 459 384 0.02160787
661 434 691 474 0.021584325
384 205 409 235 0.02143983
54 175 80 206 0.02127263
994 216 1023 255 0.02119836
27 204 52 234 0.020596033
333 483 356 512 0.020473916
357 225 384 258 0.020458242
722 178 745 207 0.020294668
958 303 981 333 0.020147953
