56_Voter_peoplevoting_56_339
24
546 147 575 186 0.17743735
658 230 683 263 0.12778468
215 503 246 543 0.11807132
652 162 687 211 0.07866481
314 20 350 61 0.07756077
326 301 355 337 0.07437698
919 273 953 313 0.04437393
712 123 739 162 0.036228955
997 327 1024 365 0.0344015
401 168 433 207 0.034379873
355 142 388 181 0.031570405
383 141 419 183 0.030233234
686 245 717 291 0.029449755
595 138 634 192 0.0273779
578 281 614 326 0.025185278
713 172 739 207 0.024159297
357 175 384 209 0.024044836
383 286 410 318 0.023870533
610 194 639 233 0.022918558
304 282 345 329 0.02282029
633 317 670 362 0.021415215
281 177 309 212 0.021231234
888 245 923 286 0.020718172
932 191 1020 293 0.020568455
