56_Voter_peoplevoting_56_350
151
21 385 61 438 0.6988866
327 402 360 442 0.5474247
7 476 73 575 0.5172107
881 255 907 288 0.38839933
461 226 487 259 0.36880863
206 391 248 445 0.30178225
464 402 489 434 0.28866047
839 302 865 335 0.27073482
564 206 589 237 0.23445123
234 530 283 589 0.2009323
536 153 560 182 0.18637107
986 312 1020 362 0.16451219
763 299 789 330 0.16156942
411 386 435 418 0.14787243
479 412 507 447 0.13460644
352 399 385 443 0.13186684
903 310 930 345 0.12870985
545 206 567 234 0.11645903
9 314 36 352 0.11218639
744 347 769 378 0.10431698
638 355 666 390 0.10372546
720 196 746 227 0.099355735
507 358 531 389 0.09802292
896 196 923 229 0.09255965
558 329 583 363 0.09221184
514 132 537 159 0.09212983
616 274 639 305 0.08986444
692 361 716 391 0.08263898
563 158 584 185 0.08065672
917 243 947 282 0.07607502
794 333 821 366 0.07269532
765 331 793 367 0.0725731
409 489 436 522 0.07149212
668 360 692 392 0.07052249
875 379 904 415 0.07032915
737 230 761 261 0.068659514
385 403 412 439 0.06819141
438 385 463 420 0.06622799
511 309 536 341 0.065739274
719 356 743 386 0.06566168
725 250 751 282 0.060096294
740 202 762 230 0.059841868
562 179 584 205 0.059798308
715 308 739 337 0.059635736
786 376 815 413 0.05949318
537 411 568 449 0.059420317
507 425 535 461 0.059411325
664 181 687 210 0.054783124
403 205 428 237 0.05456558
589 382 615 416 0.05408463
824 284 850 316 0.053888306
541 352 567 385 0.05287893
419 174 441 201 0.052732814
847 253 872 284 0.051090084
893 233 924 273 0.04962563
763 149 804 201 0.04783131
527 577 573 632 0.047679137
485 457 511 492 0.047653973
178 415 213 463 0.045873057
437 205 464 239 0.04473013
518 510 548 548 0.04367817
772 208 796 237 0.043577302
467 107 489 135 0.04342304
338 356 366 392 0.043051865
388 159 409 186 0.042988934
38 354 74 409 0.04283752
799 282 823 313 0.04232672
589 305 613 335 0.04180069
587 425 613 459 0.04149505
595 153 617 181 0.04089175
585 209 609 240 0.040595613
492 331 517 361 0.039921556
512 254 536 283 0.039887898
543 260 566 288 0.03938881
485 106 510 137 0.03904904
486 181 508 207 0.038744666
432 105 452 131 0.038698502
196 528 240 585 0.038505346
793 225 816 254 0.03786325
946 398 978 437 0.03732716
742 286 769 319 0.037042692
722 411 749 445 0.036782626
145 472 193 528 0.03659046
485 202 510 233 0.036150724
439 125 459 149 0.036005195
462 357 485 389 0.035835445
920 197 946 232 0.03582685
825 324 851 358 0.035217088
252 395 288 446 0.034719445
647 300 674 334 0.034674212
436 155 459 183 0.03453872
583 481 616 526 0.03442055
538 310 567 348 0.03367225
533 480 563 518 0.032738026
484 378 514 414 0.032489203
699 198 723 227 0.03227551
489 283 513 314 0.03220918
488 249 512 279 0.032161538
611 149 635 179 0.03157316
662 282 685 313 0.031436663
543 176 564 202 0.030951006
384 510 413 547 0.030603135
425 597 465 646 0.029782683
537 380 562 411 0.029748227
622 331 650 365 0.02949929
826 254 852 285 0.02934015
561 425 589 460 0.029336559
281 395 316 439 0.02933326
868 177 897 211 0.029162832
719 378 746 410 0.028673444
869 301 900 340 0.02841714
462 154 486 183 0.028193323
-2 347 44 412 0.0280356
667 329 691 359 0.027179379
276 121 298 150 0.026938878
697 150 722 182 0.026350606
774 402 808 444 0.026153881
359 203 383 232 0.025284538
818 351 847 388 0.025273535
390 221 420 257 0.02509611
595 277 621 310 0.024903996
744 178 770 211 0.024883578
560 257 587 289 0.024799187
539 70 563 99 0.024272924
616 371 648 411 0.024037281
408 360 435 393 0.023721451
456 580 493 629 0.023434486
616 302 643 333 0.02340575
618 423 654 466 0.023217456
723 279 747 309 0.023200542
438 334 466 368 0.022863885
510 280 534 311 0.02239243
230 104 252 131 0.022232344
514 458 544 497 0.022070147
894 353 924 393 0.022052743
842 351 873 389 0.022037875
613 175 634 201 0.021824615
189 567 253 654 0.021613909
687 461 716 499 0.02143582
563 460 593 499 0.021134315
262 79 283 105 0.020925168
358 333 385 368 0.020892926
63 372 104 428 0.02087807
965 381 995 421 0.020798162
589 357 614 389 0.020670222
54 45 82 79 0.020662881
516 202 540 231 0.020544685
560 495 596 543 0.020505963
584 574 621 621 0.020500416
688 251 714 282 0.020459613
915 344 947 386 0.020384345
