56_Voter_peoplevoting_56_228
43
920 319 947 353 0.8661887
610 305 645 351 0.7859399
113 77 157 139 0.60062444
555 262 590 309 0.48701873
634 234 673 284 0.42255887
453 400 481 433 0.3329575
871 358 896 390 0.17523617
808 372 838 410 0.12848918
795 352 825 390 0.1260381
135 2 179 50 0.106460854
653 302 687 341 0.09495179
45 220 74 258 0.08626378
19 210 53 252 0.08054271
127 213 174 264 0.06697853
51 342 92 393 0.06628121
639 546 672 588 0.06452746
0 249 27 288 0.064145535
918 390 952 432 0.05555298
483 461 511 496 0.053468183
612 395 643 431 0.042549964
635 385 671 428 0.039181918
713 299 739 331 0.036052585
594 379 619 410 0.034796175
480 281 507 317 0.033623762
693 275 726 317 0.033510074
711 380 741 418 0.033336286
69 216 101 256 0.029961856
901 308 959 378 0.029899029
459 420 492 458 0.029393382
788 394 826 439 0.02921214
771 382 796 415 0.028170163
459 214 486 248 0.02756025
511 225 537 257 0.026829932
849 357 876 393 0.026723865
965 474 994 510 0.025976352
613 253 679 332 0.025632784
716 328 741 360 0.024494298
94 162 130 209 0.024389045
306 324 334 358 0.022250667
563 349 588 382 0.022172367
740 379 766 413 0.021612393
386 246 416 284 0.020855768
995 501 1022 540 0.020347599
