56_Voter_peoplevoting_56_459
55
744 85 780 133 0.9571111
238 91 271 137 0.68196905
870 80 905 124 0.6630929
770 175 805 220 0.5423099
638 67 668 104 0.43336782
819 129 846 162 0.22550009
349 77 378 118 0.18986036
964 184 999 226 0.16003676
88 72 130 125 0.15150566
275 159 305 200 0.13850184
503 78 534 117 0.10319794
823 177 851 211 0.08081325
125 88 158 135 0.07437949
963 145 993 182 0.06937159
832 147 861 183 0.068532564
745 177 775 216 0.06711991
172 150 204 191 0.06219254
147 99 185 149 0.058235563
593 124 624 163 0.057926673
149 48 184 92 0.04889239
567 194 599 234 0.047797944
211 93 242 132 0.046941943
615 94 646 132 0.04579046
837 304 864 339 0.040689006
564 146 595 186 0.038468696
693 174 719 206 0.03672867
342 111 385 169 0.033770505
720 175 746 207 0.03368513
202 170 237 214 0.03353674
313 308 340 342 0.032670904
220 148 253 190 0.031772174
886 47 917 85 0.031297702
898 219 927 252 0.03120004
122 43 158 91 0.028400872
838 195 867 228 0.02823323
863 226 892 259 0.0273592
871 198 899 231 0.027206821
207 122 241 162 0.027106859
852 95 882 135 0.027065737
275 123 307 164 0.026866892
507 0 541 37 0.026126103
274 41 304 79 0.02603337
917 206 945 242 0.0255342
169 257 200 298 0.025014516
736 148 765 184 0.02487965
758 50 791 91 0.02352379
788 149 817 185 0.022076296
277 72 307 111 0.021765903
789 97 819 137 0.021711236
253 195 285 235 0.02161654
303 92 335 131 0.02083299
30 299 59 338 0.020763429
662 176 691 213 0.020687448
693 147 722 184 0.020643728
67 105 105 154 0.02002223
