56_Voter_peoplevoting_56_344
69
710 50 735 82 0.14282124
186 79 206 105 0.11980106
88 50 107 75 0.11087444
896 75 919 103 0.09229063
203 75 225 103 0.089533284
385 132 415 172 0.080336355
279 52 304 83 0.0705041
260 70 284 99 0.06932928
381 81 402 108 0.0680527
178 97 200 124 0.06641108
57 76 78 103 0.06065854
463 97 487 128 0.05899569
207 97 230 125 0.058143064
156 25 182 58 0.054678276
99 27 122 57 0.04810974
975 72 999 104 0.047830507
797 79 818 106 0.047221128
310 227 332 254 0.046135962
696 65 722 97 0.044029344
305 51 325 78 0.04150243
504 19 536 56 0.041075643
212 223 236 252 0.040809702
160 101 183 129 0.040522724
26 200 51 233 0.03955132
30 52 51 79 0.03954433
104 72 125 99 0.038522795
920 99 946 132 0.037728973
561 78 584 109 0.034971505
745 122 776 162 0.03474401
486 75 510 105 0.033926502
183 53 205 81 0.03210804
230 102 252 130 0.031288523
259 252 283 279 0.031186562
73 96 96 124 0.031162914
443 49 469 81 0.031015739
280 22 308 55 0.030974623
338 130 362 158 0.028459677
332 2 363 36 0.028287115
340 73 361 99 0.028254624
201 0 231 33 0.028140374
232 74 254 103 0.027834082
491 48 515 78 0.027368015
638 71 670 109 0.02725337
206 151 229 180 0.026599232
254 101 280 131 0.026385624
620 50 647 85 0.026347134
389 207 412 236 0.02559259
125 75 149 104 0.025517741
302 152 327 183 0.024905818
483 97 508 130 0.024766866
17 0 50 36 0.02456782
445 124 471 156 0.023802664
366 95 388 123 0.023720548
388 25 418 62 0.023709198
443 73 470 106 0.023630355
305 22 328 52 0.023333563
213 128 234 154 0.023324784
155 126 177 153 0.023308553
740 74 765 106 0.022586558
287 103 310 130 0.022278933
977 203 1001 237 0.022264648
145 151 168 180 0.021759003
880 54 903 83 0.021630097
132 48 155 78 0.020890886
824 176 852 211 0.020865047
875 97 898 126 0.02083621
462 0 491 32 0.020756623
178 5 205 34 0.020708349
47 157 71 185 0.02065871
