56_Voter_peoplevoting_56_902
24
700 195 859 398 0.99941885
125 186 176 251 0.3856412
591 425 723 591 0.16914585
256 330 303 390 0.0819847
0 166 56 256 0.079375364
593 209 688 342 0.06874091
400 422 469 516 0.06589641
440 145 476 189 0.06501965
253 235 309 304 0.060039353
36 110 90 183 0.052435596
470 193 512 247 0.041879002
210 331 278 415 0.039022602
294 175 334 229 0.036885995
4 3 66 83 0.034698047
105 148 177 238 0.029277004
153 18 260 140 0.028573079
357 68 390 112 0.028497968
274 266 361 374 0.028268265
418 299 527 425 0.02708483
191 209 326 375 0.026822865
347 172 402 251 0.024365474
-1 68 42 138 0.023562448
246 138 289 196 0.022870889
308 103 348 159 0.022005705
