56_Voter_peoplevoting_56_819
51
647 190 695 252 0.97213775
290 350 328 402 0.96037567
114 425 157 481 0.9518882
753 210 792 260 0.87483335
858 222 897 274 0.81193495
277 615 322 671 0.80345094
600 391 640 444 0.7531025
480 442 514 486 0.69744146
392 462 427 506 0.20546749
731 652 762 690 0.18714117
599 448 636 497 0.16756156
470 505 518 563 0.1337457
784 668 814 706 0.11299417
795 282 825 320 0.072514266
507 614 539 656 0.06872375
227 408 270 461 0.064666145
784 199 817 247 0.05613444
175 528 208 567 0.05454997
465 553 507 604 0.054342538
798 331 828 368 0.05219751
333 418 374 469 0.051811863
354 635 388 676 0.045460198
81 493 118 542 0.04544068
485 649 519 691 0.040705346
590 590 620 628 0.037811946
637 513 663 548 0.036226746
326 624 359 665 0.036200337
817 630 843 663 0.034869064
459 612 491 651 0.03443445
249 400 311 475 0.034258086
761 271 796 313 0.03380967
643 557 673 595 0.03267338
668 630 700 672 0.031187497
360 474 404 525 0.030381074
422 448 467 502 0.02985701
848 637 876 673 0.02855843
245 611 355 719 0.028089361
538 535 569 576 0.027866885
657 272 687 311 0.024028704
966 217 998 257 0.02401631
681 308 715 353 0.022969581
172 452 212 503 0.02293101
661 383 693 424 0.022857767
304 532 337 574 0.022103969
605 524 645 573 0.021901034
562 479 599 526 0.021616638
277 509 308 549 0.020922717
587 296 617 334 0.020727435
468 598 536 677 0.020677904
137 621 180 677 0.020412985
451 708 502 759 0.020247888
