15_Stock_Market_Stock_Market_15_706
19
326 161 175 250 0.99973506 
127 311 30 42 0.8519471 
160 300 25 36 0.38900048 
221 317 23 31 0.15672654 
803 293 13 16 0.1246254 
92 314 26 35 0.08051477 
681 344 27 41 0.07067254 
227 305 23 34 0.032185085 
829 258 13 15 0.030675065 
824 274 11 13 0.029981289 
142 251 22 31 0.027498987 
146 301 28 39 0.027059577 
887 298 12 16 0.026445964 
107 314 36 46 0.024982963 
106 285 13 15 0.02351094 
188 371 28 35 0.022634042 
155 297 20 28 0.021640142 
235 299 23 32 0.021599954 
64 49 21 25 0.021398993 
