30_Surgeons_Surgeons_30_95
45
587 189 632 251 0.6813275
777 235 828 303 0.57771915
280 7 313 43 0.18366916
955 328 1015 410 0.18235937
826 247 878 304 0.15016045
822 155 851 190 0.12837268
351 198 397 259 0.121391095
361 93 390 131 0.09245113
715 143 745 182 0.07533374
319 84 358 130 0.07044802
197 207 229 250 0.06439392
620 211 667 267 0.06000079
860 192 891 233 0.05104638
467 72 492 103 0.04827873
686 221 716 260 0.04709255
273 81 312 131 0.04633064
652 234 692 279 0.04553596
433 341 477 398 0.0431474
567 150 601 200 0.041090377
917 257 956 304 0.038887963
408 1 438 37 0.038853887
558 111 585 146 0.036959153
898 316 1023 500 0.033579726
894 252 926 291 0.03281691
746 242 782 290 0.032393575
506 406 538 443 0.032204725
315 170 375 246 0.03176693
256 165 285 208 0.030958904
691 129 718 166 0.030265307
484 404 514 445 0.028641047
718 200 747 237 0.028409492
220 164 255 209 0.02801115
658 173 699 230 0.026582656
358 51 391 96 0.0253941
156 178 184 213 0.024672525
168 194 232 276 0.024408551
275 39 314 86 0.024303738
373 166 414 225 0.0234411
326 -3 363 31 0.022757927
542 359 568 393 0.022673938
147 -2 190 38 0.021871788
449 394 490 447 0.021725956
987 156 1026 227 0.021327637
270 145 306 199 0.021144971
301 44 342 93 0.020072961
