30_Surgeons_Surgeons_30_115
26
861 259 942 381 0.8996796
204 290 237 331 0.48470274
606 191 660 254 0.4722356
337 277 374 326 0.2589959
292 284 335 337 0.21448602
471 283 526 346 0.13868007
822 193 869 248 0.12239409
565 187 609 241 0.074743524
650 188 694 251 0.050293423
172 182 209 231 0.04791889
128 185 163 229 0.046816945
426 195 476 257 0.044826236
819 177 904 282 0.04441772
101 270 132 307 0.03932564
134 167 202 251 0.03686077
128 299 154 335 0.034323346
817 207 1043 518 0.027902445
404 280 440 328 0.025399776
189 280 241 343 0.025057377
448 275 567 421 0.024750045
803 113 853 170 0.023366945
255 274 296 327 0.023263272
166 442 205 503 0.02237699
70 182 102 226 0.02168276
100 353 129 390 0.020950755
667 45 763 136 0.0202012
