30_Surgeons_Surgeons_30_552
19
206 251 238 289 0.21295425
296 460 416 590 0.1841409
387 219 415 255 0.13615587
230 189 272 240 0.098235674
502 484 542 533 0.054912433
566 157 602 202 0.050243955
190 501 255 580 0.047207355
359 322 386 356 0.044256616
150 323 183 365 0.043959416
494 196 526 238 0.03361006
389 355 418 392 0.028405946
507 222 608 337 0.027708689
193 233 259 307 0.024728162
224 379 257 420 0.024189668
410 328 438 364 0.02377968
270 349 311 394 0.022122614
633 190 680 246 0.021478206
287 147 461 348 0.020493204
990 389 1024 448 0.020115359
