30_Surgeons_Surgeons_30_778
19
191 63 235 122 0.862204
786 163 833 223 0.72397435
325 78 369 138 0.6459125
679 156 727 221 0.42211813
367 40 433 133 0.36744866
426 81 468 140 0.058861375
978 275 1020 334 0.0454249
735 133 819 231 0.04096367
581 31 625 89 0.031657197
379 0 414 37 0.027698066
91 65 128 116 0.02758468
43 7 85 52 0.027194815
-1 226 38 303 0.026490482
69 247 105 309 0.026152078
4 68 36 116 0.02579411
210 214 247 267 0.024564452
560 58 599 110 0.023211233
12 2 53 41 0.022941377
325 1 364 42 0.022781076
