30_Surgeons_Surgeons_30_554
41
854 217 909 288 0.8854226
763 202 822 281 0.6184472
44 292 85 340 0.4836896
491 230 541 284 0.27163798
166 222 238 299 0.2504735
7 12 59 72 0.18328981
965 358 1002 407 0.17530487
229 323 267 375 0.1591937
353 261 395 306 0.09952923
738 100 787 164 0.07542854
840 476 880 530 0.073586315
78 58 125 112 0.06242046
270 352 303 398 0.049240865
674 361 747 431 0.04861796
447 181 568 326 0.047510516
834 550 876 603 0.039623424
457 502 549 607 0.03903968
479 458 511 500 0.036568012
123 248 159 292 0.03615694
191 199 283 313 0.035080113
938 536 991 603 0.032041438
124 34 162 81 0.031194312
396 233 431 276 0.030886274
331 245 416 333 0.02942494
979 422 1020 481 0.028733741
299 475 337 519 0.028150575
875 95 914 142 0.027385758
673 295 745 382 0.026780311
354 266 449 377 0.02408654
450 451 490 499 0.023902904
177 350 211 392 0.02360777
59 280 141 371 0.0235771
934 584 992 650 0.023263097
563 116 604 168 0.022567242
406 452 436 490 0.02231795
634 398 679 453 0.021661496
231 360 270 412 0.021538654
43 172 72 213 0.021408502
550 298 625 402 0.021244548
92 11 246 189 0.020622265
802 511 882 614 0.020285942
