30_Surgeons_Surgeons_30_533
26
499 255 545 314 0.39275765
693 119 729 166 0.20350936
835 242 871 285 0.11967691
489 398 533 458 0.11766544
833 194 869 238 0.11731723
561 279 591 322 0.08897456
819 419 857 467 0.08720213
913 209 952 260 0.07056963
706 484 749 540 0.04441887
682 255 721 306 0.044133767
710 325 746 368 0.044041052
168 186 210 245 0.04237189
440 380 471 419 0.041151498
614 351 647 395 0.031916287
692 345 728 390 0.030009106
566 427 605 477 0.029349219
456 394 490 442 0.026780007
668 -6 758 85 0.025883075
359 330 386 367 0.025878236
631 428 663 471 0.025066111
992 266 1025 317 0.022035636
704 371 740 421 0.021951845
508 443 549 499 0.02116022
897 238 939 294 0.020646827
503 303 548 360 0.020125797
583 351 619 394 0.020000905
