30_Surgeons_Surgeons_30_911
19
406 345 476 430 0.7717831
594 435 694 557 0.7163875
332 440 372 490 0.3466547
360 490 438 585 0.24939525
424 636 478 704 0.059629552
55 562 106 634 0.053547513
166 709 213 769 0.037031535
229 588 278 659 0.030442173
871 650 930 731 0.028428871
298 557 344 622 0.028150221
51 672 92 731 0.027840871
475 641 518 697 0.026383301
939 675 985 739 0.025390925
675 399 825 586 0.025248414
658 621 704 682 0.024791023
144 648 197 710 0.024451278
73 419 115 477 0.024104908
666 682 825 867 0.023059012
304 495 341 549 0.020433383
