53_Raid_policeraid_53_445
67
532 275 644 416 0.99718046
122 161 167 219 0.9146062
368 128 412 183 0.89079833
64 179 102 229 0.7925945
210 200 256 259 0.7759908
767 159 805 207 0.7755323
821 123 870 184 0.7208233
613 143 662 206 0.69651425
968 150 1012 202 0.6175041
511 183 549 234 0.5173663
329 233 370 282 0.36666143
9 435 75 522 0.30895284
308 199 342 243 0.27584505
757 248 798 301 0.25966483
433 157 469 202 0.18909283
905 239 939 283 0.18588124
213 274 250 321 0.17232054
153 110 182 148 0.13613218
411 231 455 288 0.12808521
1 230 28 271 0.11672802
1 124 34 184 0.10562575
18 287 48 327 0.090794906
281 270 320 323 0.07949138
296 399 330 442 0.079026505
327 342 372 399 0.064919375
261 431 296 481 0.058832176
809 254 847 301 0.05747966
502 211 550 275 0.056943726
53 282 80 318 0.051986326
157 275 199 325 0.051283576
274 197 310 249 0.049785335
74 271 106 311 0.049013324
304 111 342 155 0.046663336
432 100 464 142 0.045258623
920 94 954 138 0.043905634
511 96 537 129 0.041853104
100 615 137 657 0.03994994
127 534 166 585 0.03736778
965 210 1002 257 0.036271553
106 78 130 110 0.036260262
279 512 318 565 0.03293252
705 167 745 219 0.032694343
347 286 388 337 0.032470383
861 93 893 135 0.02994444
297 320 339 378 0.029862883
537 181 594 253 0.028290756
0 357 31 401 0.026865192
82 421 127 478 0.026418043
636 103 673 147 0.026186164
947 243 982 292 0.025450986
126 98 156 137 0.025114644
538 118 574 163 0.024422543
459 104 486 140 0.024214637
708 246 749 295 0.023261355
486 120 522 163 0.022722665
787 90 819 133 0.022706116
844 213 884 261 0.02239244
192 145 231 193 0.022036353
322 151 356 193 0.021803174
270 408 338 500 0.02147194
19 53 43 87 0.021469943
9 71 36 114 0.02095287
892 267 927 312 0.020867715
53 250 81 288 0.020768669
954 426 982 464 0.020739516
363 306 430 392 0.02024286
772 246 832 321 0.020055747
