53_Raid_policeraid_53_770
23
194 57 255 135 0.9426778
398 86 459 166 0.9066664
453 196 496 251 0.142426
635 157 678 210 0.14079376
901 217 936 263 0.11721735
845 120 871 153 0.11446145
708 392 744 436 0.08976019
56 190 103 260 0.0890751
959 219 989 258 0.059482157
864 234 904 281 0.058654234
796 427 830 469 0.03757458
864 405 891 438 0.032296322
845 379 873 412 0.031079743
836 351 865 386 0.030634794
710 64 752 120 0.029685229
838 203 875 247 0.026157556
96 221 205 347 0.02415413
428 140 498 237 0.023997298
15 197 93 297 0.023672396
32 330 62 367 0.022656092
767 405 801 446 0.021781303
767 103 792 138 0.020394534
233 31 301 122 0.02037502
