53_Raid_policeraid_53_858
32
114 216 168 288 0.9905336
46 219 87 272 0.74201053
831 122 876 182 0.24266703
723 165 767 228 0.23419988
496 141 532 185 0.09692605
292 220 322 257 0.07972833
851 316 899 379 0.07777277
937 84 997 152 0.07445983
823 182 863 235 0.055212315
225 286 267 335 0.05474863
350 369 387 412 0.041566383
819 337 902 465 0.039420363
811 71 906 199 0.038376886
408 245 434 280 0.033827685
171 241 213 297 0.033821464
636 271 670 317 0.032865014
91 438 127 486 0.03247838
323 299 356 338 0.032007083
687 233 720 277 0.031776935
309 324 342 364 0.027575646
729 125 768 176 0.02647918
353 302 381 334 0.025529258
21 419 60 465 0.02542538
691 164 731 224 0.023317924
280 344 314 386 0.023146939
497 154 566 238 0.023128841
80 173 108 209 0.021857679
46 450 79 489 0.021539168
278 123 307 160 0.021388428
388 224 419 267 0.020577636
587 303 618 340 0.020238781
297 262 338 311 0.020143054
