53_Raid_policeraid_53_6
21
777 273 807 312 0.77764577
583 227 606 257 0.2468367
565 251 590 284 0.18896191
555 272 580 305 0.11672515
966 222 1009 280 0.10851694
642 282 674 319 0.055508286
846 356 870 387 0.050693404
774 405 797 434 0.049244553
985 181 1022 235 0.047688738
385 240 414 276 0.046872526
714 405 741 437 0.046436362
639 252 665 282 0.043710053
668 254 694 285 0.043709483
761 258 819 331 0.042577717
716 275 741 306 0.042394053
742 406 766 435 0.038978465
815 330 848 368 0.033893872
444 246 473 285 0.028656822
543 331 573 369 0.025401937
945 163 980 209 0.022533197
540 302 568 337 0.020067764
