53_Raid_policeraid_53_543
44
585 196 673 299 0.66164154
78 254 119 305 0.63838243
734 223 782 287 0.55834776
-3 185 34 252 0.47235927
386 251 416 290 0.2232404
514 274 549 319 0.17052203
791 229 831 290 0.14491723
485 280 515 320 0.10486933
131 275 160 313 0.092725486
678 202 718 261 0.075355366
41 172 79 223 0.07405037
325 176 355 215 0.07068787
940 242 979 293 0.06788302
436 325 470 365 0.06770056
804 212 877 310 0.06618639
161 156 184 187 0.06591116
218 218 256 269 0.060058437
590 314 646 382 0.056423664
986 225 1023 286 0.055480197
74 194 104 230 0.054334264
385 196 409 226 0.053807776
124 319 157 363 0.05288565
44 219 85 272 0.051649433
140 293 176 340 0.04687141
460 280 487 314 0.042677563
439 274 469 311 0.03837931
176 401 214 449 0.03792213
284 270 312 307 0.037455514
97 317 131 360 0.034049887
511 311 547 357 0.03282971
48 265 87 310 0.029510228
153 250 193 301 0.026904278
142 373 185 428 0.025543308
735 245 808 352 0.02533485
96 407 129 451 0.025109535
245 321 286 369 0.025013637
158 203 188 241 0.024014851
409 318 440 360 0.023901718
303 256 333 296 0.023893772
372 292 417 352 0.023294555
121 350 204 451 0.021557
126 203 151 236 0.021483626
281 -1 318 35 0.020771421
554 298 592 349 0.020475613
