53_Raid_policeraid_53_599
79
129 152 198 255 0.98511213
355 305 380 337 0.45600364
454 302 478 333 0.3895127
994 165 1020 211 0.26718286
505 285 530 318 0.19190115
594 304 617 332 0.17498901
560 220 583 252 0.17181525
876 303 902 336 0.16600975
440 329 464 359 0.15909913
661 278 685 309 0.1502888
559 328 582 357 0.12395088
487 356 514 390 0.10652296
819 306 841 333 0.10574254
457 376 483 408 0.0968504
246 348 275 384 0.09677313
548 358 572 389 0.09568755
800 275 826 308 0.09219939
848 275 870 305 0.067579605
589 358 618 395 0.06488024
515 231 539 262 0.06474379
699 303 722 332 0.062757514
721 357 748 390 0.06179994
408 377 431 405 0.060895056
590 258 614 288 0.060255587
507 330 531 360 0.055854287
318 432 346 468 0.055357613
615 375 645 411 0.053769264
545 208 570 240 0.05280374
103 289 151 350 0.052547444
786 334 811 363 0.052457202
642 77 665 107 0.052130226
614 259 637 288 0.052079454
722 250 744 278 0.05189143
643 263 665 292 0.05175106
887 320 916 356 0.051496036
764 305 788 334 0.051136296
769 378 796 412 0.046598222
331 379 356 411 0.04364969
611 324 635 353 0.04358248
673 357 696 387 0.04304662
567 307 589 336 0.042144272
776 353 802 385 0.037987806
848 332 871 361 0.037361942
668 378 692 408 0.03645086
283 382 312 419 0.035077177
719 283 744 312 0.034549408
376 306 401 339 0.033145346
987 10 1021 64 0.032933634
743 278 767 307 0.032792274
824 259 848 291 0.032344565
849 354 873 384 0.031967063
144 121 263 288 0.031637836
671 333 696 364 0.031614404
642 304 666 332 0.03061324
427 406 454 438 0.030405195
641 328 664 357 0.02963082
689 330 714 362 0.02832631
560 375 585 406 0.028172394
526 71 555 107 0.02750017
536 281 560 312 0.027493477
387 377 411 406 0.027411547
848 305 871 333 0.027193781
313 406 338 437 0.027121566
737 380 763 413 0.027026234
90 15 168 109 0.026245045
514 376 540 406 0.026148649
911 119 943 163 0.025609309
259 479 288 517 0.025490247
638 404 666 436 0.023563374
568 250 591 280 0.023426235
117 342 168 406 0.022784358
533 249 559 280 0.022335889
636 361 662 393 0.0218354
716 330 745 363 0.02122216
281 453 312 493 0.020916732
568 282 591 312 0.020851903
237 373 267 411 0.020789158
699 233 720 260 0.02034267
821 380 846 410 0.02013702
