53_Raid_policeraid_53_256
23
969 86 1019 154 0.6427521
839 125 884 185 0.31957355
641 95 696 161 0.14551897
506 32 560 96 0.13102807
379 79 445 162 0.1298803
743 47 778 91 0.12783957
583 129 639 190 0.12467467
23 204 130 353 0.063912824
650 -3 692 37 0.052598417
13 13 77 102 0.05203605
703 13 749 68 0.049984016
822 165 858 215 0.041858673
448 106 498 173 0.03837325
914 35 952 85 0.030471116
834 3 874 48 0.029560689
762 14 799 60 0.028220227
909 118 959 179 0.02786837
609 95 658 157 0.02580731
533 128 577 186 0.02368291
781 188 823 237 0.02199623
818 65 849 105 0.020904817
733 141 774 196 0.020826079
920 0 952 32 0.020271426
