13_Interview_Interview_2_People_Visible_13_668
57
936 454 18 23 0.91879135 
597 471 16 19 0.89813155 
290 469 12 15 0.84338206 
416 474 11 13 0.65736735 
223 707 14 20 0.58136153 
292 745 13 17 0.47378066 
85 684 12 18 0.4047759 
123 715 13 16 0.33771244 
151 713 16 20 0.27324626 
5 683 15 19 0.16680391 
108 694 11 14 0.12766527 
251 745 16 19 0.116057806 
24 671 13 15 0.09711444 
68 731 13 18 0.093907624 
91 734 14 17 0.08927524 
56 693 13 15 0.0872142 
259 722 14 16 0.08610708 
133 660 8 10 0.079639785 
436 527 13 17 0.06995261 
118 718 17 21 0.06725823 
28 745 19 21 0.065775774 
60 695 13 18 0.06274906 
175 721 14 17 0.057453603 
29 554 10 13 0.052196287 
718 627 12 15 0.05067159 
701 480 23 25 0.046728376 
707 475 16 18 0.044769876 
323 749 13 16 0.04433586 
523 489 15 16 0.043757092 
257 741 14 20 0.0435838 
204 707 12 15 0.039878868 
326 741 12 16 0.039846025 
38 721 14 17 0.039178908 
347 738 13 17 0.036149956 
430 487 9 14 0.035077352 
199 705 12 16 0.03394565 
516 491 17 18 0.03212008 
171 737 16 19 0.029112905 
162 715 13 18 0.028879998 
421 482 13 16 0.027978167 
136 700 11 14 0.027598178 
333 739 13 18 0.02712404 
530 447 11 13 0.027058968 
55 728 14 18 0.026897596 
217 706 14 19 0.026598107 
292 476 14 20 0.024983041 
131 714 11 16 0.023440981 
391 741 12 15 0.023206346 
298 742 12 17 0.022856494 
156 701 13 16 0.02265427 
423 489 13 16 0.021768315 
386 745 16 18 0.021767423 
252 730 16 17 0.02167723 
924 456 18 23 0.021073367 
931 482 27 26 0.021029383 
149 745 15 20 0.020965336 
142 708 13 17 0.020218844 
