13_Interview_Interview_Sequences_13_495
39
535 68 48 54 0.99630016 
430 142 32 37 0.98789376 
494 119 30 38 0.97144455 
410 142 24 32 0.9480623 
401 118 23 31 0.9049171 
352 126 26 32 0.7899669 
0 120 19 39 0.47463542 
404 129 23 33 0.47394764 
112 127 18 20 0.45932502 
303 136 27 28 0.42631134 
341 120 24 31 0.3310566 
594 131 17 24 0.19890928 
365 87 26 26 0.14979202 
20 122 22 30 0.13871321 
95 154 22 25 0.095863 
668 110 14 21 0.09571375 
109 39 14 19 0.07671122 
590 97 14 20 0.074285366 
582 91 22 34 0.058865547 
176 134 13 16 0.05464449 
669 135 15 21 0.05441573 
195 140 13 16 0.049226608 
71 92 13 16 0.04734385 
349 140 24 31 0.04316493 
86 151 17 23 0.040018182 
86 97 15 20 0.038259093 
69 125 21 29 0.036845066 
315 129 23 29 0.029207602 
105 148 19 23 0.0281621 
598 124 23 26 0.028103285 
105 115 23 26 0.024473896 
104 241 19 21 0.02432355 
188 134 13 19 0.024078136 
334 125 15 25 0.023536906 
67 91 22 27 0.022706486 
30 121 18 22 0.02269465 
74 96 21 29 0.02211327 
99 113 15 18 0.021175658 
178 133 18 24 0.020038899 
