13_Interview_Interview_Sequences_13_867
69
387 257 237 340 0.99981123 
285 402 35 48 0.99137586 
880 427 23 30 0.98663867 
997 369 17 21 0.9518222 
22 458 21 27 0.91625404 
217 454 19 26 0.9073305 
173 419 20 27 0.89959353 
242 415 18 25 0.8511475 
597 62 11 14 0.79370296 
628 40 10 12 0.7500084 
882 328 19 22 0.74982655 
718 22 12 14 0.69826007 
576 71 9 12 0.67359954 
10 439 17 22 0.6411141 
62 473 13 15 0.6339605 
679 26 13 14 0.6077397 
648 39 11 13 0.516058 
556 71 10 11 0.41128728 
753 6 10 12 0.32311773 
125 87 14 15 0.22853298 
488 96 9 11 0.17275989 
768 0 12 12 0.16537488 
746 22 10 12 0.16285232 
808 2 9 12 0.15335159 
453 109 10 11 0.14307529 
663 31 12 14 0.13723406 
876 469 16 20 0.13501894 
941 360 16 22 0.10701337 
250 420 18 25 0.10560798 
103 386 19 21 0.10440253 
709 31 11 13 0.09668843 
935 431 12 19 0.09581079 
227 431 16 19 0.08738163 
1013 364 11 20 0.08629963 
772 3 12 16 0.084640555 
253 428 21 30 0.07079327 
189 210 17 20 0.061340194 
955 388 13 17 0.060631603 
97 71 64 77 0.058903016 
469 97 9 10 0.042922255 
0 418 11 17 0.042642795 
830 6 11 12 0.040238947 
630 63 10 13 0.039358635 
7 445 14 21 0.037758056 
237 419 16 23 0.03489103 
812 5 9 10 0.034831397 
943 409 13 19 0.032887813 
819 459 16 22 0.032291275 
935 365 19 26 0.031626806 
746 70 13 16 0.030711506 
640 37 10 13 0.030523451 
668 29 12 14 0.030271534 
705 35 12 14 0.029062623 
784 423 10 12 0.028664218 
773 64 11 14 0.028478138 
115 386 16 19 0.026836395 
56 468 15 18 0.026409736 
1005 365 15 20 0.026185505 
647 19 11 14 0.026178584 
734 16 10 12 0.024847848 
781 7 10 12 0.02374827 
945 367 15 20 0.021331167 
784 398 10 13 0.0210947 
556 117 9 11 0.021094281 
391 133 9 11 0.02075427 
119 82 25 24 0.020609066 
31 460 18 23 0.020607885 
173 595 10 12 0.020581419 
932 374 15 20 0.020539986 
