13_Interview_Interview_2_People_Visible_13_1001
33
814 315 26 33 0.99078876 
124 366 17 23 0.98235416 
187 353 18 22 0.97863513 
578 339 16 25 0.96558625 
475 351 18 24 0.957756 
294 142 17 20 0.95527303 
626 325 20 26 0.94933826 
958 333 16 21 0.9457136 
724 342 16 21 0.9050291 
215 146 15 21 0.89155227 
210 367 15 21 0.88314986 
296 359 17 22 0.8485361 
376 149 13 16 0.76760817 
464 141 12 16 0.73461396 
661 334 15 20 0.668625 
92 340 11 16 0.23104079 
242 148 10 14 0.15913652 
412 148 9 12 0.131496 
327 167 10 12 0.09989717 
208 183 13 16 0.0892856 
203 329 15 18 0.071674645 
180 405 17 18 0.059080955 
467 404 21 29 0.052012168 
444 165 9 12 0.04417278 
376 178 14 19 0.036697116 
501 159 8 10 0.0317222 
665 334 20 25 0.03143349 
143 332 12 16 0.029542249 
641 284 13 18 0.027513994 
245 155 10 14 0.026065744 
217 375 17 18 0.020665815 
291 200 19 21 0.020241698 
239 155 10 13 0.020090235 
