13_Interview_Interview_2_People_Visible_13_252
54
109 552 47 66 0.9994553 
325 558 46 58 0.99944717 
30 29 54 66 0.9994276 
619 32 62 80 0.9983923 
864 523 32 39 0.9978587 
871 14 64 79 0.99775225 
577 509 34 43 0.9969652 
804 273 33 43 0.9965353 
83 287 28 32 0.99560744 
226 17 29 34 0.99228245 
502 282 25 30 0.98357403 
435 15 22 26 0.966451 
278 295 28 35 0.9387893 
273 265 23 28 0.8813083 
20 260 27 31 0.59743756 
385 298 16 21 0.38462427 
27 334 18 19 0.34138682 
911 359 15 18 0.2833079 
607 293 12 15 0.15575418 
368 305 14 18 0.13346611 
458 286 21 30 0.12913598 
747 306 13 15 0.11377398 
549 347 14 16 0.095524944 
414 307 15 17 0.08106993 
968 305 12 15 0.08022739 
201 276 12 16 0.06945333 
991 323 13 16 0.061926983 
727 315 14 16 0.057465892 
215 272 9 12 0.05133983 
396 324 16 20 0.046917528 
748 316 11 14 0.04461481 
623 311 19 20 0.043682136 
188 341 12 13 0.043119926 
649 296 17 23 0.042636182 
218 137 16 23 0.041223712 
340 315 12 15 0.037196096 
22 308 23 27 0.035667527 
1 0 22 33 0.034929197 
925 364 11 15 0.0329975 
403 260 13 17 0.032803696 
559 269 14 18 0.030581884 
211 127 40 59 0.028490134 
626 301 26 27 0.026602259 
161 355 13 15 0.025824182 
24 301 19 21 0.024416082 
606 292 20 24 0.023801673 
877 341 11 14 0.023612263 
634 329 15 18 0.023087166 
221 342 9 11 0.021464212 
998 340 13 16 0.021328777 
368 283 16 18 0.02098488 
938 313 15 16 0.02065093 
184 339 10 13 0.02062444 
220 175 15 19 0.020202141 
