13_Interview_Interview_2_People_Visible_13_325
24
290 122 39 54 0.99596727 
367 631 34 41 0.96432817 
497 580 15 18 0.94688517 
138 526 8 12 0.86661786 
157 525 9 11 0.8384281 
422 570 10 13 0.8350435 
455 574 11 14 0.82424366 
89 505 8 10 0.7792011 
102 521 10 12 0.7013319 
226 519 13 16 0.6413623 
69 490 12 14 0.63224524 
254 80 32 33 0.4475163 
178 526 10 14 0.42060906 
194 532 9 11 0.2803809 
409 611 18 21 0.19484372 
285 553 7 10 0.16884871 
112 512 9 11 0.04051205 
438 572 7 10 0.032373298 
99 523 10 13 0.028907446 
129 525 9 11 0.028842205 
177 521 9 12 0.027010035 
68 496 12 14 0.022163013 
109 516 10 12 0.021240352 
451 573 10 13 0.020465799 
