13_Interview_Interview_Sequences_13_7
20
105 245 24 30 0.99669856 
475 246 28 32 0.9965838 
254 204 37 47 0.9955799 
636 190 39 51 0.9949238 
863 240 23 29 0.99115515 
384 263 22 25 0.98697335 
916 254 22 25 0.9443048 
767 294 13 17 0.91519225 
783 278 12 17 0.8746966 
573 303 11 12 0.32276234 
777 315 9 12 0.110191375 
433 292 14 17 0.07293038 
736 308 12 17 0.062892295 
770 334 11 12 0.061305307 
924 260 24 29 0.029637078 
632 342 7 9 0.029353544 
432 295 20 25 0.026073843 
672 335 9 11 0.02568903 
269 375 16 18 0.022340802 
549 288 8 12 0.02003794 
