13_Interview_Interview_On_Location_13_921
21
752 391 29 35 0.9982291 
660 387 26 34 0.99759066 
200 390 21 26 0.9817136 
934 386 19 30 0.9435717 
504 386 12 16 0.19756451 
71 380 9 10 0.10250492 
964 333 13 16 0.08160615 
810 407 9 12 0.067980945 
847 376 9 11 0.064410515 
95 389 9 10 0.060092922 
640 398 12 15 0.05126824 
971 329 13 18 0.050785273 
840 376 8 12 0.04368204 
847 364 10 12 0.03826133 
307 375 13 16 0.03673388 
624 374 8 13 0.030688433 
544 387 9 12 0.028684003 
112 389 9 10 0.02559073 
439 388 18 25 0.02545903 
790 408 12 16 0.022794167 
833 381 8 11 0.022437252 
