13_Interview_Interview_On_Location_13_138
25
54 337 36 46 0.9719472 
673 277 19 22 0.9552381 
98 261 16 19 0.9313598 
334 229 17 19 0.8750753 
496 247 18 22 0.8629559 
194 111 24 29 0.8359797 
414 246 11 15 0.3736301 
229 149 26 37 0.36986846 
437 291 20 27 0.16611087 
595 276 15 17 0.11142838 
163 135 23 27 0.060111914 
735 271 13 15 0.05383665 
598 636 11 11 0.04401194 
211 174 15 17 0.04327253 
87 348 25 28 0.04312664 
218 159 29 32 0.038734045 
408 252 12 15 0.03692129 
384 263 7 11 0.033679932 
520 450 109 124 0.03059909 
647 620 13 15 0.02484674 
647 629 13 16 0.0247043 
238 139 26 44 0.024687858 
209 166 26 28 0.023651041 
358 272 11 15 0.021100743 
591 281 13 15 0.020332087 
