36_Football_americanfootball_ball_36_693
47
747 305 811 391 0.5014164
667 302 714 366 0.30803087
676 74 713 122 0.2524151
878 70 912 114 0.24930021
221 187 359 358 0.24658841
506 312 557 374 0.14795499
349 45 393 100 0.1442076
581 180 627 232 0.11761785
689 270 763 364 0.112966634
167 50 204 97 0.10649906
256 2 292 37 0.08689236
683 140 723 192 0.07924005
214 0 254 39 0.07785148
990 198 1019 245 0.07166667
464 158 501 203 0.06477887
46 14 76 51 0.05912986
298 42 338 88 0.056300726
904 17 942 62 0.05623415
368 354 460 456 0.056164946
635 531 684 588 0.055722065
458 301 525 381 0.042115092
476 12 513 59 0.04102253
813 146 848 189 0.036886685
499 68 536 115 0.03658213
736 36 776 82 0.03549025
587 46 626 94 0.034465484
783 -2 814 31 0.034093555
677 5 728 57 0.03330927
330 1 366 36 0.032785848
600 579 650 633 0.03236695
531 169 563 212 0.0312601
932 501 988 566 0.031232215
628 -3 669 36 0.03075349
384 146 466 243 0.030644808
842 47 872 85 0.028298084
405 22 446 72 0.026950303
561 215 606 266 0.025612991
558 20 593 67 0.02547882
711 545 775 617 0.024414908
170 0 203 33 0.024323648
410 89 446 133 0.02421247
575 577 665 682 0.023537315
66 0 100 37 0.022313653
94 38 124 74 0.022029346
276 129 306 163 0.02162579
808 95 838 133 0.021367561
579 359 662 467 0.020660032
