36_Football_Football_36_202
20
635 182 681 238 0.94391155
768 142 818 203 0.92248356
717 186 758 238 0.24816148
507 211 542 256 0.20274873
497 293 539 343 0.17021804
452 378 506 442 0.09320732
815 277 861 331 0.09243325
618 251 650 289 0.06956904
320 174 373 242 0.063031286
367 412 500 555 0.04831699
470 190 536 269 0.047506258
807 119 846 170 0.044081863
788 243 835 305 0.0374744
684 278 725 329 0.03585846
462 325 495 362 0.03380961
819 322 861 372 0.030293018
616 220 651 263 0.026466195
761 237 800 295 0.023649491
286 273 350 352 0.023576759
576 329 614 375 0.022461131
