36_Football_Football_36_157
314
39 251 66 285 0.4629233
464 449 496 488 0.40680352
231 248 256 280 0.37188643
894 76 916 104 0.31526414
335 174 359 203 0.3043752
285 204 306 231 0.30128527
428 229 453 262 0.26322478
147 268 173 300 0.2085395
354 281 380 313 0.18971717
386 120 410 150 0.18828312
410 69 434 98 0.18580113
255 405 283 438 0.17834058
611 47 636 77 0.17205077
356 123 379 152 0.17177366
308 102 334 135 0.16767998
669 19 693 50 0.15418454
480 95 505 125 0.15163328
633 172 658 202 0.14907318
437 351 463 382 0.14805685
488 235 512 265 0.14517911
425 298 454 334 0.14257474
724 27 748 57 0.13783063
843 24 869 58 0.13631007
490 351 514 381 0.1276227
521 50 541 76 0.12182575
146 479 176 517 0.12119815
90 230 114 261 0.12101066
333 329 361 362 0.120954774
184 411 211 444 0.12092585
629 426 659 465 0.11512807
252 277 276 305 0.1126744
259 200 280 227 0.10987046
227 155 253 186 0.10759236
354 483 385 522 0.10695139
508 232 532 261 0.106167614
124 176 146 206 0.10558869
506 178 532 208 0.10513628
412 242 440 278 0.099983215
207 158 229 187 0.09900302
147 144 170 173 0.09655247
183 277 204 304 0.09519805
875 78 899 108 0.094796084
432 506 458 539 0.0945345
281 476 312 514 0.09316604
534 21 557 48 0.09270319
893 169 919 203 0.091683105
565 98 589 129 0.09133903
235 104 259 134 0.088458955
436 100 457 127 0.088031575
176 101 198 128 0.08512669
362 99 388 131 0.08446076
301 207 323 234 0.08391895
199 426 227 460 0.08369183
581 177 604 206 0.083505124
253 347 280 382 0.08329473
945 180 969 212 0.08318035
902 228 928 260 0.08105032
302 226 327 256 0.080450065
377 472 410 515 0.07970246
76 281 100 310 0.07906804
552 420 581 458 0.07902878
47 130 70 158 0.07820739
771 155 794 184 0.078065984
183 181 207 212 0.07598008
268 25 295 57 0.075937495
161 200 184 228 0.07565701
463 46 488 76 0.07556791
562 244 588 277 0.07235805
558 500 588 539 0.072049774
512 278 537 308 0.07096193
151 311 175 339 0.07070226
511 129 535 158 0.0699738
377 282 403 314 0.069520704
620 153 645 186 0.068887934
977 127 1000 157 0.06873721
408 149 432 180 0.0680916
23 154 48 184 0.0678673
949 99 970 127 0.06707947
993 192 1020 234 0.066845655
436 155 460 184 0.06599603
404 127 427 156 0.06481311
202 279 224 306 0.064590394
-1 198 21 232 0.06452456
386 203 411 234 0.06438263
327 300 357 335 0.06423421
253 453 285 492 0.06412111
563 6 589 35 0.063701
899 203 928 236 0.062739
358 373 385 409 0.061334424
203 305 230 336 0.061128717
353 224 380 258 0.061112728
488 124 513 154 0.060517296
183 82 206 109 0.059838496
285 122 311 154 0.059452083
609 249 635 281 0.05935103
641 225 669 259 0.058900673
304 155 328 187 0.058757197
514 101 536 130 0.0577648
467 74 494 106 0.057650063
234 202 257 228 0.057466187
336 252 360 282 0.057088718
415 5 438 31 0.05708438
583 200 606 228 0.056924466
497 535 527 573 0.056833096
148 48 173 77 0.05674056
462 154 483 181 0.05657556
478 381 507 417 0.05608977
334 45 357 73 0.055703253
211 252 236 284 0.05520699
234 384 258 416 0.054983675
334 23 358 52 0.054722834
352 5 376 32 0.054223936
386 227 414 263 0.05417373
771 20 796 51 0.054100357
235 74 256 100 0.0540976
791 48 815 79 0.05391385
667 166 695 201 0.05355377
199 2 224 28 0.053219333
325 430 356 467 0.053130403
513 149 537 179 0.05258755
177 123 199 151 0.051457122
304 357 329 389 0.05144835
281 278 305 307 0.051176716
231 306 255 336 0.050959032
312 79 334 106 0.050732017
283 353 311 386 0.04936084
325 402 353 437 0.04932337
505 330 535 365 0.048567012
129 320 156 355 0.04856077
287 182 309 209 0.048559483
897 53 922 83 0.048549432
512 200 536 230 0.04852131
536 156 559 184 0.048437767
108 201 130 229 0.048372924
56 197 82 230 0.048171237
338 198 361 227 0.047852177
614 308 639 339 0.04769148
305 251 330 282 0.047545236
464 404 492 437 0.047449704
234 272 259 302 0.04683266
149 353 174 386 0.046653222
873 156 900 191 0.046195466
101 279 125 308 0.045596868
658 247 685 281 0.04550263
411 206 435 236 0.045198675
508 302 536 336 0.04495452
377 534 408 569 0.044849087
169 535 207 579 0.04480816
410 410 438 445 0.04473082
567 155 591 185 0.044462822
200 73 224 101 0.0443861
616 228 640 258 0.043886967
335 230 358 259 0.043742377
127 382 155 417 0.04352553
973 41 997 74 0.043386213
920 102 941 130 0.04287478
919 175 945 209 0.042177074
308 275 333 307 0.04209009
763 97 786 125 0.041827407
518 456 550 496 0.04153407
386 401 412 434 0.041330177
823 175 846 202 0.041194323
742 204 771 241 0.04116567
156 75 181 105 0.0409211
39 435 71 475 0.04085855
535 125 557 153 0.040470786
622 206 642 232 0.04025928
787 168 810 197 0.040001955
383 351 409 384 0.040001635
583 230 609 261 0.039944433
539 103 562 132 0.039916057
818 4 847 35 0.039649338
745 77 770 108 0.03956025
487 150 510 178 0.039043665
210 199 232 227 0.038657025
347 146 374 181 0.0386252
431 373 457 405 0.038452137
386 77 409 104 0.038315587
865 207 891 237 0.038169816
737 5 763 32 0.037921768
85 133 107 161 0.037919108
277 301 305 335 0.037887435
72 182 95 208 0.037744846
406 19 430 48 0.037671454
439 23 462 51 0.03747862
255 121 280 153 0.037193842
437 125 461 155 0.03709277
487 199 508 225 0.03694583
536 329 562 364 0.03671114
254 152 279 182 0.036657467
962 250 991 286 0.036602117
586 76 607 103 0.036497638
848 80 871 108 0.03621032
250 300 277 333 0.03601807
285 379 313 414 0.03577512
682 434 709 470 0.035698112
850 156 873 185 0.03545315
692 96 717 126 0.03542066
180 457 208 493 0.035416078
286 255 309 284 0.035103083
381 380 406 412 0.035079
537 226 560 257 0.03507261
591 21 618 53 0.03481757
582 328 610 362 0.03451074
272 427 300 462 0.034487665
466 203 488 232 0.034310244
182 301 208 333 0.033702474
457 336 483 369 0.03360173
3 121 26 153 0.03341291
514 428 541 461 0.033326797
996 103 1018 136 0.033178627
388 176 415 208 0.033141937
188 153 209 181 0.03304802
298 503 326 539 0.03269094
977 176 1006 216 0.03267821
508 380 537 416 0.032648277
99 149 124 180 0.032013256
482 478 513 516 0.031627916
796 207 822 239 0.031563897
427 77 451 107 0.031363934
846 201 871 232 0.031316318
410 324 442 363 0.031269137
484 28 507 56 0.031138523
203 29 229 59 0.03099489
792 4 818 33 0.030839454
248 227 272 259 0.03057517
516 28 539 56 0.030357316
821 271 854 311 0.030352447
69 303 100 338 0.030337391
732 428 839 542 0.030123238
541 251 565 280 0.030111115
922 123 945 150 0.03007224
131 128 152 156 0.029870009
149 225 174 256 0.02972819
461 281 488 314 0.02971287
411 377 438 409 0.029662658
251 534 287 579 0.029474495
195 324 227 361 0.029456988
965 226 989 258 0.029278642
538 72 561 100 0.029168608
126 459 158 498 0.029152693
565 123 589 152 0.029139588
127 101 147 127 0.029121216
230 431 255 463 0.028876655
209 123 231 150 0.028857261
900 21 924 51 0.028530866
638 101 661 128 0.028282462
750 125 774 156 0.028248062
179 228 203 258 0.028127488
1 280 26 313 0.028035635
412 101 436 130 0.027919838
668 452 700 494 0.027729416
973 106 997 136 0.027591268
944 0 969 27 0.027538849
1 73 23 106 0.027219579
464 175 487 202 0.027110418
45 324 75 361 0.027107494
765 221 793 256 0.026888281
567 304 591 335 0.026516333
104 401 131 433 0.02626033
640 23 665 54 0.026242455
106 307 131 338 0.025869641
461 125 484 154 0.025862547
274 330 304 365 0.02571364
925 5 948 31 0.0256625
177 350 208 388 0.025571188
567 348 593 382 0.02547403
388 148 414 180 0.025452783
791 26 814 54 0.025407074
949 25 973 55 0.02527824
513 75 535 104 0.025074873
608 379 636 414 0.025060225
231 478 259 514 0.025002588
485 280 511 311 0.024906069
685 7 714 38 0.024798172
489 2 514 29 0.02466299
284 77 306 104 0.024028
146 5 174 35 0.024020331
536 302 561 334 0.023756264
157 404 183 437 0.023559013
490 504 522 541 0.02353035
203 103 226 132 0.023516592
712 155 739 190 0.02344181
692 43 718 74 0.023336036
617 105 640 133 0.023321949
749 175 772 206 0.023029024
22 201 48 233 0.022980146
825 100 848 128 0.022954078
181 27 207 59 0.022527158
691 326 720 365 0.02250214
686 154 716 191 0.022424502
404 480 433 519 0.022373984
125 495 163 538 0.022287983
917 73 941 105 0.022161458
133 518 206 600 0.021802982
394 52 418 81 0.02178681
587 305 614 338 0.021623688
790 102 813 129 0.021260837
841 174 864 204 0.021008601
1 355 25 389 0.020859707
308 19 335 53 0.020847332
582 563 609 596 0.020816801
790 70 815 101 0.020666068
783 248 815 286 0.020647738
611 354 637 385 0.020551492
684 247 711 282 0.020306239
509 3 534 30 0.020266512
950 125 971 152 0.020231474
77 42 108 77 0.02019406
718 69 743 100 0.020187661
586 124 610 154 0.020159306
945 155 968 184 0.020142484
79 356 107 391 0.020099122
530 280 555 310 0.020057423
