36_Football_americanfootball_ball_36_81
74
479 44 519 92 0.6750374
516 124 561 184 0.6292613
168 72 218 131 0.5971944
696 81 732 125 0.5454349
911 7 956 55 0.28289664
430 213 460 250 0.28149408
356 221 386 262 0.26977128
451 115 485 161 0.2365275
566 11 598 51 0.18537442
914 120 943 155 0.16128053
617 139 654 185 0.15070222
794 143 833 193 0.13917667
170 1 205 37 0.13602464
281 0 315 34 0.12838113
844 67 875 104 0.12443949
843 7 873 41 0.09556949
565 201 596 241 0.09536876
957 94 985 131 0.093245596
818 47 851 89 0.09255667
339 117 370 158 0.091324516
764 196 792 233 0.08946649
871 12 902 50 0.077261075
277 70 309 111 0.067974225
608 38 645 88 0.06671588
375 71 401 106 0.065477565
536 0 573 42 0.06493391
430 7 468 51 0.063215315
634 4 664 37 0.059799064
379 210 409 249 0.05778
710 13 750 64 0.054539766
853 92 887 136 0.052126918
591 244 624 285 0.050248463
377 94 406 133 0.04998322
405 41 437 80 0.046513263
736 40 773 86 0.0420904
855 170 885 207 0.04183933
968 119 995 154 0.04082166
661 176 696 223 0.03870918
565 171 595 211 0.03766596
357 50 385 84 0.037312176
334 45 365 82 0.03684868
976 -2 1010 33 0.03650673
221 21 258 64 0.035357155
300 15 332 52 0.035313193
236 95 260 128 0.035181705
779 13 823 64 0.03495003
455 16 498 66 0.032789137
978 358 1001 387 0.032458995
683 136 722 186 0.031731863
333 173 359 208 0.03170999
993 119 1022 160 0.03166403
387 147 419 187 0.030265108
383 47 411 83 0.029640606
377 -5 412 30 0.029258465
899 177 928 213 0.028595604
762 226 792 266 0.027618866
251 46 280 82 0.026913814
336 247 366 290 0.026854116
481 140 514 186 0.02576027
687 0 724 40 0.025080131
705 111 748 162 0.024143625
564 248 594 285 0.023673391
195 0 236 41 0.023634298
429 291 465 334 0.023594126
306 203 336 243 0.023310134
401 120 431 158 0.023045689
309 124 339 162 0.022530502
353 19 383 57 0.022086464
944 384 970 417 0.021800244
194 35 239 90 0.021542212
921 352 946 384 0.020605696
305 44 337 84 0.020449938
662 322 699 368 0.02040904
129 229 855 952 0.020388696
