36_Football_americanfootball_ball_36_132
41
796 75 830 120 0.67696774
587 96 630 148 0.59559035
713 274 750 327 0.21003726
373 223 409 266 0.20445654
90 115 122 157 0.118992165
502 90 533 131 0.11069223
139 79 175 127 0.10475598
636 203 689 264 0.096455365
779 188 821 241 0.08483153
536 12 572 53 0.0840724
960 189 993 231 0.08338129
89 141 124 192 0.08003731
922 141 953 181 0.0649883
877 120 910 162 0.056191392
391 177 416 210 0.05348095
384 145 409 181 0.050186265
330 135 368 184 0.04905132
56 216 86 254 0.04839959
972 61 1005 103 0.045099303
627 97 667 150 0.0428007
400 219 435 264 0.04071722
282 222 313 259 0.03749341
306 121 342 169 0.03748215
121 149 153 191 0.036275357
528 40 561 82 0.034112018
811 178 842 220 0.032792546
553 33 591 79 0.029653614
684 47 720 92 0.028343217
537 90 572 134 0.028183974
57 132 126 224 0.028098661
404 141 437 181 0.02754039
677 162 719 213 0.026011785
993 190 1019 230 0.0255271
839 59 870 102 0.024942733
43 61 81 108 0.023780445
481 104 519 152 0.022666326
450 1 490 42 0.022204878
940 219 979 265 0.022070156
558 398 603 450 0.021235999
562 381 661 487 0.021211216
938 45 974 92 0.020951917
