36_Football_americanfootball_ball_36_126
51
792 93 821 129 0.30907658
967 62 1001 104 0.23640887
695 100 724 138 0.21242467
924 150 954 190 0.15815419
332 195 363 236 0.092996776
16 196 51 241 0.08533328
184 422 221 473 0.08483897
528 251 554 282 0.07886368
52 139 91 187 0.0646052
916 74 943 109 0.060422022
347 299 376 335 0.060216423
970 263 1002 303 0.0526522
692 253 718 285 0.051414743
901 91 928 126 0.044198897
688 72 713 104 0.043967173
901 291 936 334 0.041379478
788 219 814 253 0.040079776
46 102 78 141 0.037015744
277 213 339 295 0.035791297
179 193 210 235 0.03439619
515 275 543 311 0.034343146
218 118 247 155 0.03367718
683 433 712 470 0.032705177
560 247 585 278 0.032540634
148 219 183 261 0.031297747
665 100 690 133 0.029899595
770 79 795 112 0.029693635
209 141 240 180 0.029689604
513 233 537 263 0.02843933
332 266 368 313 0.028373564
743 97 770 130 0.027780468
201 172 236 219 0.027286896
844 96 871 130 0.027195571
610 400 638 436 0.02685781
128 180 153 212 0.026837107
945 193 980 235 0.02664714
815 76 841 110 0.026260208
771 121 797 153 0.026023192
-4 395 23 446 0.025570333
3 239 31 281 0.0248661
813 149 842 184 0.02475622
665 202 688 231 0.024744019
461 306 491 345 0.022537593
25 142 59 185 0.022388946
873 191 907 237 0.02232842
984 87 1018 133 0.022196041
989 136 1022 180 0.021786766
667 180 689 208 0.021661354
716 174 742 205 0.021338318
867 95 895 130 0.021086996
710 143 738 178 0.020853903
