36_Football_americanfootball_ball_36_38
45
525 56 571 111 0.9339622
379 21 431 82 0.87216324
724 81 774 143 0.75764763
768 119 806 167 0.30908394
587 199 634 260 0.2665951
151 101 177 136 0.20807053
536 289 581 354 0.13720925
449 192 496 260 0.13651623
696 46 734 93 0.09945209
202 177 229 213 0.07322507
526 186 568 242 0.07062417
919 110 950 149 0.068520844
330 109 369 156 0.06264502
257 247 297 296 0.048586834
715 197 764 258 0.046821587
668 264 722 328 0.045971353
816 197 842 231 0.044291258
768 -1 807 39 0.04328534
948 100 977 138 0.03962933
664 2 699 39 0.03683229
102 274 137 317 0.036240134
691 17 726 59 0.033567645
391 246 433 295 0.033197306
372 164 413 212 0.033119805
871 142 901 180 0.03228281
328 0 362 40 0.031762883
282 162 321 210 0.030639518
233 146 263 182 0.029813234
612 50 645 94 0.027665293
640 17 671 55 0.02717247
583 259 630 326 0.026420416
812 36 856 88 0.026119437
587 65 621 113 0.025743665
712 148 747 194 0.025032619
714 0 749 35 0.023823757
590 147 628 198 0.023149852
490 91 526 139 0.022756252
781 89 825 147 0.022319721
301 110 339 159 0.022026993
737 -4 778 36 0.021774234
651 161 703 223 0.021449998
169 274 199 312 0.021314556
793 179 821 217 0.021042522
218 192 258 241 0.020915795
181 155 208 189 0.020380877
