36_Football_americanfootball_ball_36_321
19
664 279 830 477 0.38615856
458 113 485 148 0.14305958
458 145 491 187 0.1250623
568 121 595 154 0.101750344
559 225 596 269 0.055093564
524 178 555 216 0.046332974
747 5 900 234 0.037364535
431 194 468 236 0.032738514
405 178 439 216 0.030567424
115 -4 152 31 0.028254483
695 26 945 432 0.027581956
306 169 338 212 0.026562303
533 204 603 286 0.025679648
400 228 444 280 0.025033312
339 126 365 159 0.024168247
505 289 684 494 0.021313787
767 389 957 590 0.020831238
478 167 506 203 0.020378947
329 241 364 285 0.020122081
