36_Football_Football_36_194
19
466 272 500 316 0.11590464
559 285 585 317 0.09461447
407 279 440 319 0.07135162
434 196 458 227 0.06432538
538 279 566 316 0.056189433
408 199 433 232 0.049380235
432 250 460 286 0.04572361
408 225 435 261 0.044073805
977 162 1006 203 0.042152148
389 562 417 598 0.040602833
455 332 484 367 0.035943136
514 269 549 313 0.035043396
49 202 77 236 0.031520765
426 294 460 334 0.0282992
503 330 539 369 0.027642809
481 299 512 337 0.024343936
827 233 854 266 0.024034845
951 170 981 207 0.021280557
71 299 104 345 0.020263124
