36_Football_Football_36_110
48
381 296 422 346 0.9575643
178 144 223 202 0.8975784
80 146 114 190 0.8878803
781 271 820 321 0.85969764
508 140 539 179 0.85420525
815 151 851 199 0.8011889
599 129 636 178 0.71979946
292 154 327 199 0.6283522
394 151 427 192 0.6063487
271 228 343 311 0.52935356
504 321 545 370 0.5059106
216 304 261 360 0.45300668
715 125 746 165 0.34373152
637 295 671 338 0.23845877
130 314 160 353 0.2274583
292 304 339 362 0.10747484
562 129 600 177 0.06146909
517 381 565 440 0.06084358
177 259 235 328 0.053859327
489 128 520 168 0.050084714
434 145 464 186 0.04948882
457 129 488 169 0.048132032
328 145 363 192 0.04698672
527 273 561 315 0.043352827
51 148 82 188 0.041092183
121 116 159 163 0.037307095
248 172 287 218 0.035486035
692 279 732 328 0.033743314
533 126 566 172 0.031975217
979 97 1006 133 0.031292472
735 288 768 330 0.030788198
277 130 309 171 0.030307095
817 246 853 292 0.027391456
225 145 266 199 0.025771618
618 229 660 280 0.02518463
332 402 368 452 0.02453494
492 131 553 201 0.024419766
406 238 447 286 0.024258062
661 328 701 381 0.0240888
459 202 489 240 0.024075042
695 66 732 109 0.023686854
757 369 794 415 0.022993967
736 105 770 148 0.022186236
250 112 286 156 0.021814615
407 102 435 136 0.02132834
977 68 1004 103 0.021196045
483 99 510 131 0.020630864
658 278 691 323 0.020470837
