36_Football_americanfootball_ball_36_27
49
667 61 701 104 0.11333827
559 295 649 401 0.108689144
206 219 245 267 0.10662169
755 14 797 57 0.0997477
14 20 62 74 0.07905793
914 475 946 516 0.07345528
77 317 151 415 0.07253075
808 9 847 49 0.0562201
174 214 212 263 0.054338764
404 157 445 208 0.053230327
14 476 83 565 0.052388746
103 -1 202 86 0.05227576
525 443 568 494 0.05194804
606 4 644 41 0.049089305
511 5 552 50 0.046704333
628 153 665 197 0.046173774
807 63 847 110 0.041363124
154 455 234 547 0.04096165
369 261 441 358 0.038919244
995 455 1021 497 0.038325578
645 40 678 83 0.037955534
8 172 46 228 0.033804514
485 440 606 589 0.03241001
949 121 978 160 0.0323559
792 227 824 266 0.032116055
483 67 526 116 0.03095371
978 72 1011 117 0.0304406
635 119 670 161 0.029202739
426 92 459 132 0.02901869
745 168 775 207 0.026764473
305 298 350 358 0.026093807
253 122 291 171 0.025614968
588 110 655 194 0.02550718
702 318 763 410 0.025049837
383 207 524 386 0.025041994
634 1 669 37 0.024704663
715 0 748 33 0.024623575
351 144 381 181 0.024579382
407 73 440 114 0.024248427
814 96 857 153 0.023964027
427 -6 461 27 0.023242932
17 423 67 484 0.022651289
965 -8 1008 34 0.022222303
708 282 824 466 0.022142839
591 197 633 245 0.021728301
142 275 178 317 0.021142706
980 376 1012 423 0.021082636
738 93 771 133 0.020350013
591 66 620 106 0.020036595
