36_Football_Football_36_80
39
189 227 213 258 0.7081933
846 202 872 236 0.5773528
757 288 787 325 0.1811641
130 228 154 258 0.13147183
105 221 129 252 0.12806043
595 172 620 204 0.064919405
31 173 57 206 0.062383678
154 226 178 256 0.059344172
789 327 822 371 0.055256087
0 153 25 189 0.053831004
197 299 222 331 0.05016644
45 194 71 227 0.04450767
810 309 839 344 0.044474367
20 150 47 183 0.038461104
54 248 81 280 0.037901644
149 249 174 279 0.035540417
23 230 50 262 0.034051728
818 225 845 259 0.034002986
866 180 894 216 0.033883817
914 224 941 257 0.032026257
810 251 839 287 0.03148181
669 219 701 257 0.03021247
792 276 820 313 0.030194558
571 226 608 274 0.028995326
589 68 614 103 0.028333299
891 201 919 235 0.027862927
865 324 893 362 0.027616356
124 154 149 187 0.027583899
83 226 108 258 0.027040107
740 224 771 265 0.026423184
52 75 77 105 0.025602711
764 324 797 367 0.02546442
117 457 146 497 0.023998115
689 146 715 179 0.022682806
765 225 792 260 0.022047825
770 377 797 411 0.022046791
226 222 251 254 0.02157254
3 124 26 158 0.020691358
53 274 86 313 0.02022212
