27_Spa_Spa_27_851
52
737 148 769 189 0.65575486
464 142 494 181 0.5072608
857 159 895 204 0.30296466
4 286 110 458 0.18282071
9 58 76 177 0.14127232
724 173 752 209 0.13748547
117 368 161 428 0.11615674
840 191 882 241 0.1060561
293 313 335 365 0.092520714
493 297 518 330 0.07630696
991 194 1020 237 0.07060024
456 327 485 362 0.06394882
900 127 928 165 0.062204383
618 152 647 189 0.050558474
758 162 789 202 0.047357157
720 130 747 168 0.044827227
188 326 219 367 0.044406533
740 222 769 258 0.042553764
580 175 608 211 0.04116433
996 347 1025 391 0.03824162
233 321 267 362 0.03677814
564 247 595 287 0.036505643
792 433 822 472 0.036464714
478 348 505 382 0.034549933
328 335 363 383 0.033677295
355 346 389 389 0.030620014
949 411 976 448 0.030203775
947 155 975 193 0.028683772
516 127 541 162 0.028100148
789 396 819 436 0.02784166
442 124 471 161 0.027331809
37 463 89 521 0.027018696
683 448 716 493 0.026853994
978 248 1008 292 0.02661822
172 253 203 292 0.026539164
682 227 710 262 0.0257231
191 370 226 413 0.025607478
831 253 865 295 0.025589243
235 347 277 399 0.025569092
538 327 567 364 0.025034836
633 177 661 213 0.024231635
512 345 543 381 0.023214435
768 427 800 470 0.022909509
87 547 243 719 0.022899676
758 125 788 164 0.022804257
746 482 776 521 0.022741113
907 365 942 409 0.022374485
403 353 438 393 0.022033205
913 201 944 238 0.0220291
568 47 593 79 0.02114291
669 206 697 243 0.020999335
566 155 595 190 0.020152092
