43_Row_Boat_Canoe_43_458
107
885 428 12 15 0.9872181 
792 428 9 12 0.92686355 
709 422 9 11 0.9043654 
729 422 9 10 0.9016242 
848 427 10 13 0.89339536 
746 422 10 12 0.781217 
820 427 11 13 0.71738803 
686 417 9 10 0.7120712 
661 408 8 10 0.5836523 
623 416 8 10 0.5702459 
637 413 8 10 0.42780373 
793 467 10 12 0.33127385 
527 404 7 10 0.23262967 
611 401 9 10 0.17346162 
765 468 9 11 0.16494809 
510 373 6 8 0.14837381 
805 444 11 14 0.13551283 
541 396 8 10 0.12377565 
517 416 8 9 0.11177654 
597 401 8 9 0.111269526 
510 400 7 9 0.105253555 
505 400 8 10 0.10476766 
553 397 8 9 0.099356845 
9 303 8 10 0.098036185 
770 429 8 11 0.09561405 
581 400 7 10 0.09513875 
478 383 8 9 0.094828755 
656 421 7 10 0.08904662 
523 389 7 9 0.08765371 
584 415 7 9 0.0872571 
658 415 7 10 0.08051452 
574 421 8 10 0.077307075 
501 415 8 9 0.074434586 
376 343 7 8 0.06856316 
504 406 7 9 0.06788382 
462 396 7 10 0.066643 
795 463 10 13 0.06473321 
608 415 8 9 0.06397352 
543 408 8 10 0.06381577 
558 396 8 9 0.06333709 
581 406 8 10 0.06249208 
835 442 11 14 0.06097287 
597 405 8 10 0.056743678 
614 430 7 10 0.055692695 
578 406 7 9 0.050150976 
479 377 7 9 0.049857996 
497 382 7 9 0.047501612 
774 426 8 10 0.04728478 
720 436 9 11 0.04553419 
550 430 7 10 0.044404257 
576 416 7 9 0.04334427 
746 463 10 12 0.04237214 
18 294 8 11 0.04131981 
539 393 8 9 0.037394427 
569 415 8 10 0.03613876 
546 430 7 10 0.035531197 
473 400 8 9 0.035328638 
479 389 7 10 0.03524734 
570 421 8 9 0.034490846 
567 438 7 9 0.034141395 
677 431 8 11 0.033820655 
824 475 9 12 0.033724014 
14 301 8 11 0.033286795 
590 438 8 9 0.03255963 
426 350 8 10 0.032327693 
775 472 9 12 0.03198897 
490 398 8 9 0.031887136 
369 343 7 9 0.030934893 
784 461 10 13 0.029654961 
616 423 8 10 0.029475912 
495 398 7 9 0.029360948 
601 414 8 10 0.028832508 
503 384 7 9 0.028504571 
46 293 8 10 0.027777962 
279 321 7 9 0.027727347 
591 432 7 9 0.027578019 
279 326 7 9 0.027512735 
288 335 7 8 0.027325617 
688 456 8 9 0.027274124 
560 413 7 10 0.02727096 
638 436 9 11 0.027236944 
781 444 10 11 0.02720929 
728 426 10 12 0.026464311 
523 406 7 10 0.025996385 
475 383 7 9 0.025897253 
518 420 8 10 0.025734114 
509 430 8 10 0.02553502 
426 343 7 10 0.025339516 
528 424 8 10 0.0248709 
683 420 8 11 0.024268562 
552 437 8 10 0.02407892 
554 393 8 10 0.024022223 
487 413 7 9 0.023511838 
585 439 7 10 0.023381704 
502 421 8 10 0.022873404 
418 391 7 9 0.02283268 
425 334 7 9 0.022267308 
496 393 7 9 0.022087887 
432 392 7 8 0.021987317 
458 394 8 9 0.021871503 
650 422 7 9 0.021478616 
525 430 8 10 0.02142902 
592 423 7 9 0.021322459 
487 408 7 9 0.021166766 
584 420 8 10 0.020460593 
247 320 6 8 0.02044335 
497 407 7 9 0.02007729 
