43_Row_Boat_Canoe_43_325
38
989 363 17 21 0.9871274 
797 415 17 22 0.96369565 
691 396 17 22 0.9488267 
186 384 15 21 0.92986244 
918 421 16 19 0.90301555 
322 404 12 16 0.58355063 
144 380 14 18 0.43649542 
546 359 8 10 0.40046427 
422 353 9 10 0.3731379 
574 407 14 16 0.2965567 
600 402 12 15 0.21672387 
447 390 12 15 0.16994625 
386 378 17 24 0.15338083 
468 349 9 12 0.12285747 
444 405 13 17 0.0663705 
342 404 11 15 0.063103765 
596 352 8 9 0.058376014 
315 358 9 11 0.05253389 
451 408 14 15 0.051976305 
493 371 14 18 0.05028111 
497 381 15 17 0.042773835 
436 373 10 14 0.033219267 
136 379 11 16 0.032445993 
229 352 8 10 0.030625435 
441 397 10 15 0.029505447 
438 379 12 15 0.028533028 
441 388 12 16 0.02687429 
155 392 14 17 0.024888663 
338 421 15 18 0.023715181 
332 418 15 18 0.023685511 
790 369 7 10 0.022679128 
139 375 15 19 0.022477549 
689 361 8 10 0.022295346 
657 350 9 11 0.021890162 
330 411 15 17 0.021512562 
499 365 11 14 0.021464406 
587 403 14 17 0.021350794 
130 357 8 11 0.02087691 
