6_Funeral_Funeral_6_364
24
470 126 31 40 0.9983321 
169 136 35 42 0.99382955 
556 85 37 54 0.98859197 
627 136 30 37 0.7918803 
-1 85 18 40 0.35702023 
561 591 7 10 0.06725667 
753 692 8 10 0.047450736 
616 625 8 10 0.045874353 
625 641 9 10 0.042661376 
575 605 9 13 0.038662758 
610 624 8 10 0.032709412 
568 598 7 10 0.031524695 
380 218 29 33 0.03149781 
502 675 13 15 0.028195608 
561 708 13 16 0.025985848 
629 615 7 8 0.023504494 
764 134 10 14 0.021409545 
629 596 8 11 0.021370996 
773 702 14 18 0.021275392 
511 582 13 14 0.021250863 
560 596 8 10 0.02097234 
686 657 8 10 0.020530108 
757 693 8 10 0.020294623 
613 664 15 18 0.020036107 
