6_Funeral_Funeral_6_760
33
208 119 101 136 0.99959105 
666 358 28 34 0.99043053 
962 160 15 19 0.97607964 
413 319 24 32 0.9668149 
673 427 18 23 0.80013806 
575 355 11 13 0.7720616 
924 163 13 16 0.75485456 
631 156 21 25 0.71198326 
864 328 9 12 0.67214507 
618 328 26 30 0.3835689 
756 158 17 25 0.36781362 
903 155 15 20 0.2716638 
856 148 21 29 0.102902986 
600 354 12 14 0.06482608 
892 161 17 19 0.055037294 
951 307 9 13 0.053138245 
774 299 9 13 0.038018364 
920 158 13 17 0.037102897 
561 352 10 12 0.036993466 
632 143 24 29 0.035131205 
885 161 16 17 0.034771096 
848 155 24 27 0.033150777 
65 312 18 22 0.03136846 
913 293 11 13 0.030986466 
891 320 15 18 0.026560688 
866 160 14 17 0.025827618 
907 150 12 17 0.025020562 
768 301 10 12 0.023916015 
364 364 47 48 0.023010632 
919 148 12 15 0.02230596 
900 166 14 17 0.02205996 
603 332 24 30 0.021219276 
832 164 27 24 0.020843761 
