6_Funeral_Funeral_6_696
43
968 167 50 67 0.9996679 
458 169 61 82 0.99938333 
815 142 52 73 0.9993088 
675 112 64 89 0.9992729 
895 128 47 60 0.9988526 
329 175 28 36 0.99846435 
117 185 30 39 0.9976006 
266 150 27 34 0.99752754 
5 173 26 33 0.9968489 
557 204 57 89 0.9966589 
561 62 63 96 0.9966009 
59 195 26 33 0.9964785 
159 189 33 45 0.99583375 
92 182 25 35 0.9940613 
21 200 25 32 0.9931676 
409 93 58 53 0.98812383 
364 175 21 29 0.9819155 
959 154 25 37 0.97851497 
220 173 20 27 0.97520375 
388 147 27 38 0.95223105 
22 164 22 24 0.9509904 
91 155 20 26 0.94816625 
293 162 18 25 0.9399698 
59 174 23 25 0.8786781 
170 161 19 23 0.83910865 
348 159 15 18 0.7292595 
805 161 17 24 0.64976484 
549 149 21 36 0.5541436 
782 156 12 15 0.49256858 
219 157 16 19 0.28334758 
519 163 13 20 0.24459204 
536 175 12 16 0.19449392 
551 148 12 22 0.18415366 
344 160 23 30 0.18105641 
365 166 15 19 0.11525653 
164 168 18 22 0.065921016 
539 165 21 28 0.065643385 
387 162 19 25 0.031327445 
777 157 20 24 0.025143811 
129 186 35 47 0.024746884 
356 167 16 22 0.02350127 
285 160 18 24 0.02098875 
81 191 25 31 0.020139484 
