6_Funeral_Funeral_6_252
31
664 139 119 156 0.9995844 
359 181 105 149 0.9995691 
23 275 62 71 0.9991986 
163 246 57 65 0.99815255 
807 215 58 79 0.9977786 
921 251 56 64 0.99769455 
51 202 53 63 0.99679875 
878 203 53 67 0.9951769 
99 157 43 54 0.9928317 
206 185 51 61 0.9894002 
174 148 45 55 0.98740107 
980 286 40 68 0.98623776 
39 134 38 52 0.98486394 
234 227 55 74 0.9835381 
0 128 40 61 0.9803814 
737 292 57 74 0.9635088 
542 176 40 52 0.93244696 
980 206 38 62 0.9137559 
575 188 59 71 0.87242407 
888 180 47 61 0.44312763 
949 957 16 18 0.100043006 
752 226 44 55 0.046987496 
1010 971 13 22 0.039563507 
895 950 12 13 0.035485525 
898 217 52 65 0.034543548 
362 988 91 76 0.029135462 
941 962 16 18 0.025519092 
191 202 57 71 0.024842096 
940 969 14 16 0.02423203 
32 1219 21 22 0.022020195 
943 1246 31 47 0.02109986 
