6_Funeral_Funeral_6_1029
20
274 125 109 137 0.99986804 
595 104 109 140 0.99983275 
836 102 55 70 0.99972075 
0 199 29 38 0.99761814 
79 143 31 45 0.99450773 
42 177 38 50 0.9941968 
147 159 35 47 0.97988087 
980 98 40 80 0.95839584 
417 200 36 64 0.944575 
381 164 44 57 0.65739983 
98 758 50 39 0.2777758 
227 206 35 48 0.11071283 
85 736 44 50 0.108428665 
370 166 28 50 0.065468654 
445 75 15 22 0.023573631 
196 219 10 13 0.023524726 
60 136 10 11 0.023173664 
219 214 27 34 0.022968514 
325 143 87 116 0.021078316 
212 218 15 16 0.020855103 
