37_Soccer_soccer_ball_37_113
28
517 156 635 312 0.9959565
421 120 489 211 0.81549627
198 22 259 96 0.58433837
68 134 129 214 0.5568523
867 82 945 187 0.34002042
272 158 313 213 0.33312127
720 83 792 176 0.27034113
961 125 1018 200 0.20918028
220 116 268 180 0.14921325
138 249 183 307 0.127916
226 225 272 288 0.12606072
146 177 188 230 0.109634236
42 494 160 621 0.0754276
745 305 851 429 0.06096437
257 218 311 292 0.048895724
804 106 870 191 0.04389578
455 199 519 296 0.03594735
387 335 431 392 0.03302793
376 1321 426 1384 0.031813618
570 26 636 101 0.028556893
382 238 441 319 0.027756566
607 1339 655 1401 0.027337551
932 256 992 331 0.02573611
913 97 1019 245 0.023854423
156 30 214 101 0.023122124
444 75 507 150 0.023080047
436 82 546 226 0.022932656
2 130 49 198 0.020876657
