37_Soccer_soccer_ball_37_643
113
740 49 788 111 0.960674
339 101 381 158 0.82565194
472 221 506 266 0.7014594
657 121 693 169 0.56013995
525 147 561 193 0.48327753
954 131 999 185 0.42438057
449 84 488 132 0.4094623
551 49 586 94 0.36121407
190 194 221 232 0.26152927
109 211 142 251 0.23903047
19 152 46 186 0.23077425
919 72 956 120 0.16487856
884 7 921 52 0.14911552
624 61 665 115 0.13451497
480 88 514 131 0.11876704
689 94 725 142 0.11457791
22 28 52 64 0.114317
536 332 567 374 0.1092914
72 10 102 44 0.106410876
578 2 611 37 0.10386201
56 253 86 291 0.103776895
254 3 287 38 0.100354925
615 152 649 195 0.09803488
170 242 203 284 0.097472586
180 44 208 78 0.097353816
285 75 313 113 0.0882966
376 77 405 116 0.08779743
984 300 1021 361 0.085398436
557 14 593 59 0.08425311
234 3 261 34 0.08384829
97 67 124 100 0.083745174
812 36 845 81 0.08371349
503 71 535 113 0.0836753
614 248 648 294 0.08175139
657 322 692 366 0.080865696
840 24 874 67 0.08059146
530 95 562 135 0.08046927
953 191 987 235 0.079782315
923 140 954 181 0.07857002
454 325 486 366 0.076753974
890 202 929 253 0.07320523
95 171 120 202 0.072138354
194 75 222 111 0.068859905
842 113 879 162 0.06703387
457 12 491 54 0.06492604
7 173 35 212 0.06360016
128 144 155 178 0.06304589
636 16 670 60 0.060430154
48 23 75 60 0.058414962
176 326 207 367 0.058251183
799 0 829 36 0.057813406
70 105 98 142 0.056285713
757 164 790 209 0.055348296
885 309 922 358 0.05526831
401 118 431 159 0.054767482
300 88 335 134 0.053469248
16 327 43 361 0.053196516
2 235 24 269 0.05220256
371 190 412 238 0.04990611
642 198 674 239 0.048456002
777 473 820 521 0.048137907
91 323 121 359 0.048065104
939 51 975 98 0.04768194
200 28 227 63 0.04686258
745 300 776 342 0.04624521
257 150 282 181 0.045744
403 245 444 294 0.04552262
78 52 108 91 0.044107165
322 273 351 310 0.043949574
706 175 741 217 0.043875474
589 199 619 239 0.043866064
553 78 594 130 0.043283306
4 45 30 82 0.039077144
575 40 613 90 0.03773491
559 227 591 267 0.037696756
612 356 639 390 0.03661684
451 47 486 90 0.036238056
128 71 153 102 0.035566717
162 51 186 83 0.035385706
2 131 26 166 0.035230648
938 -3 982 39 0.035198115
457 138 494 183 0.035085253
55 2 83 34 0.03488001
227 281 255 318 0.032728408
472 162 509 210 0.031505156
578 320 611 361 0.031192262
312 143 344 184 0.030669186
923 249 959 294 0.029944802
610 12 644 58 0.028442366
320 217 350 258 0.027985942
356 57 385 95 0.027450163
73 226 99 259 0.02671701
516 116 549 157 0.026553292
404 175 443 217 0.026187584
18 229 46 265 0.02583278
836 184 869 228 0.025253663
23 95 49 129 0.02498055
365 250 393 287 0.024570426
199 123 228 159 0.024320813
281 115 308 151 0.024095522
761 195 795 240 0.02400423
429 300 460 342 0.023908738
592 265 627 310 0.023487289
326 330 359 371 0.022842817
484 41 519 86 0.022388486
233 146 257 178 0.022180786
265 94 294 131 0.021983903
208 427 233 461 0.021845719
762 1 799 41 0.021638501
914 166 953 217 0.020823782
304 53 331 86 0.020285161
144 96 474 469 0.02012812
937 168 1002 249 0.020045687
