37_Soccer_soccer_ball_37_32
23
545 106 598 183 0.63568807
357 122 408 192 0.6038235
838 104 869 145 0.31557092
193 176 225 216 0.17050432
572 73 612 125 0.10005628
519 280 595 368 0.07325379
251 251 287 301 0.0706762
279 141 313 184 0.070654646
447 292 529 400 0.054014955
558 -1 600 40 0.04286743
257 139 285 178 0.033499017
401 119 431 166 0.030470155
958 8 996 56 0.028078489
221 261 266 326 0.026935527
988 110 1020 159 0.026015652
610 24 652 80 0.025984624
680 37 722 95 0.024420097
631 -1 671 38 0.02416377
810 289 849 340 0.023998937
761 274 797 321 0.023261862
581 35 621 89 0.02149385
294 158 334 206 0.020249445
432 148 462 190 0.02021046
