37_Soccer_soccer_ball_37_483
38
98 149 137 199 0.9676765
913 68 950 116 0.96455884
499 90 536 140 0.9513608
685 149 718 191 0.93953854
761 142 787 175 0.45690545
410 119 441 159 0.33927777
740 180 771 222 0.3202906
207 167 233 201 0.18228975
734 301 764 341 0.14701328
186 201 213 238 0.13016552
242 208 277 252 0.10902704
634 170 661 205 0.10304345
848 248 877 287 0.07284617
387 169 421 213 0.07071478
990 126 1022 172 0.0626932
744 228 775 267 0.06061489
434 151 466 192 0.055998877
920 145 953 186 0.05457541
201 219 232 259 0.046769768
816 222 845 262 0.044103242
617 158 644 194 0.037970547
425 213 470 262 0.03790952
657 330 686 367 0.03396511
794 192 826 233 0.033556227
555 190 589 232 0.03075159
942 120 974 161 0.02992767
53 251 85 295 0.028018063
895 142 929 184 0.027214017
669 167 701 206 0.02695485
982 163 1018 219 0.026853656
675 269 713 311 0.025219992
966 277 993 312 0.025132908
219 239 259 287 0.022132305
847 290 877 331 0.021279179
536 165 573 214 0.021157287
2 337 33 393 0.020599658
27 275 60 319 0.020432629
223 196 287 272 0.020001596
