37_Soccer_soccer_ball_37_28
48
729 44 761 86 0.8736368
361 149 394 195 0.6056683
628 39 661 80 0.45423096
585 491 619 536 0.3732311
387 100 418 140 0.36928523
563 46 591 81 0.23255801
496 151 524 185 0.19646019
683 14 713 53 0.13841626
689 317 722 367 0.119637005
423 197 451 234 0.109877415
344 383 373 421 0.10916409
674 207 701 243 0.108063325
237 435 280 489 0.102905236
643 483 678 528 0.09989632
605 128 637 166 0.0986109
488 94 521 137 0.08206311
680 97 710 134 0.07967191
573 22 608 66 0.060531437
445 255 474 290 0.05816857
464 51 493 87 0.057841353
505 124 535 162 0.05748385
695 178 727 219 0.05691572
560 308 589 349 0.05620266
337 168 372 209 0.056023683
531 118 564 159 0.051104616
510 79 538 113 0.049877133
315 431 349 474 0.045790832
474 450 505 490 0.04485023
584 65 615 104 0.0442495
361 98 391 138 0.043254852
716 29 775 101 0.038226247
559 170 595 213 0.036974974
658 149 685 184 0.03626244
405 178 436 218 0.035728194
341 122 375 165 0.034022413
540 72 566 105 0.033518866
532 218 571 264 0.031973816
765 0 795 32 0.030785734
604 188 647 237 0.02934087
797 25 822 56 0.027877394
387 228 419 265 0.027305592
457 148 484 182 0.026412163
295 195 338 242 0.025129568
635 169 673 214 0.024767574
564 354 595 399 0.024394304
739 151 766 185 0.023396652
631 90 666 133 0.022992328
508 245 623 407 0.021703372
