37_Soccer_soccer_ball_37_8
20
251 139 298 199 0.8980731
664 84 713 150 0.7619972
491 74 536 133 0.6236856
705 340 757 400 0.5008613
758 98 796 149 0.2308706
293 88 336 147 0.07827188
551 216 588 261 0.06896479
352 199 382 241 0.06366296
707 229 736 267 0.058622744
921 2 959 38 0.054355968
579 83 620 136 0.053168982
285 136 331 194 0.036156207
703 74 742 129 0.034265053
1 167 27 206 0.03130985
601 105 644 162 0.02804871
247 94 287 151 0.027795957
522 64 569 126 0.024135455
678 159 717 209 0.023303473
46 611 72 643 0.023301614
378 220 409 263 0.02010731
