37_Soccer_soccer_ball_37_88
25
381 157 424 212 0.8878727
522 161 575 228 0.8410051
303 6 334 42 0.3565067
641 18 668 55 0.23039626
611 389 655 446 0.15303227
189 14 215 47 0.08966635
428 149 459 197 0.055144563
408 287 439 326 0.04537072
90 177 123 217 0.045079645
489 173 521 220 0.042679533
595 59 634 105 0.03808455
430 291 463 331 0.037619486
453 277 489 321 0.028991431
401 133 433 175 0.026673457
88 92 120 133 0.026653297
350 115 381 156 0.026463931
460 191 496 234 0.026045186
435 223 472 270 0.02595976
142 122 173 159 0.024522735
131 177 159 212 0.024411237
153 98 180 133 0.0240496
592 93 636 145 0.023073394
16 4 58 44 0.022259185
363 425 404 481 0.021989617
583 189 623 239 0.021745946
