54_Rescue_rescuepeople_54_325
34
363 168 435 263 0.91998005
873 233 947 316 0.91857713
635 247 702 328 0.70860636
566 304 619 363 0.48386353
154 270 210 335 0.48032293
71 187 133 263 0.118919946
924 476 960 518 0.11534807
163 165 207 212 0.09085359
753 294 802 355 0.09040777
807 583 845 629 0.07010524
256 188 287 225 0.05937668
815 218 858 275 0.058114443
725 506 767 559 0.044543926
42 74 88 129 0.043319847
992 457 1025 512 0.04214895
567 420 610 471 0.040613227
127 168 160 213 0.037426274
25 80 112 183 0.036731802
558 342 618 417 0.03244231
613 509 650 555 0.030559115
702 393 743 446 0.030114872
891 478 928 521 0.029364754
193 246 235 305 0.029344782
682 272 753 356 0.029270537
894 395 962 475 0.029098826
419 275 505 403 0.027230108
67 374 109 422 0.026977653
908 312 955 365 0.026593583
124 243 169 295 0.02343592
838 551 870 591 0.02192696
90 388 139 439 0.021694055
818 468 856 518 0.021693226
909 454 982 536 0.020706581
991 289 1027 341 0.02006785
