54_Rescue_rescuepeople_54_102
23
573 351 616 403 0.09946706
808 315 845 361 0.058947373
406 327 437 367 0.05669803
199 382 243 432 0.055260643
464 234 489 264 0.04835449
405 256 433 289 0.04128315
384 254 413 289 0.03860334
762 395 803 444 0.03563802
430 325 462 366 0.033396613
56 171 81 201 0.03253379
350 294 381 333 0.03238885
410 180 433 208 0.029792374
674 313 732 373 0.028805548
510 326 539 361 0.02806282
743 374 777 414 0.025612107
226 311 262 356 0.025446858
435 183 458 211 0.024148861
455 327 485 365 0.023593899
206 258 235 293 0.023497917
427 275 455 309 0.023001777
302 333 330 371 0.022726398
489 331 517 366 0.021657173
766 274 843 362 0.020537185
