54_Rescue_firemanrescue_54_478
20
517 79 596 166 0.5148983
870 375 914 431 0.06440868
976 83 1008 127 0.037825417
886 332 928 385 0.03675741
654 48 705 111 0.035766806
226 390 271 445 0.034785453
505 5 542 43 0.03349814
561 3 597 39 0.032876253
532 2 572 41 0.030197607
687 17 727 67 0.027876323
200 367 240 416 0.027719345
538 53 665 215 0.026154403
350 1 401 49 0.023675678
818 155 848 193 0.0235697
272 88 419 280 0.023000456
717 94 742 130 0.022841584
352 -9 474 123 0.022232052
588 501 676 615 0.021627009
711 289 750 340 0.021048594
264 397 310 451 0.020719813
