54_Rescue_firemanrescue_54_908
25
855 300 889 345 0.37258124
529 205 569 253 0.2603947
690 237 726 280 0.21920723
463 282 508 339 0.21589635
857 152 887 189 0.15820408
616 183 642 217 0.14008339
989 242 1018 284 0.12164353
659 231 697 277 0.09959863
418 252 462 308 0.096383624
632 198 661 237 0.065919966
560 242 602 292 0.038219847
602 242 640 287 0.034437567
973 430 1002 468 0.0329733
572 585 632 654 0.03166825
773 405 802 441 0.031078992
882 483 935 544 0.029850837
681 268 715 307 0.028770583
796 300 821 333 0.027751984
591 195 622 233 0.026962878
813 179 844 217 0.02325884
556 251 630 332 0.023062402
714 175 745 216 0.021915697
843 193 876 235 0.021677822
995 478 1021 520 0.021639982
688 207 716 244 0.02068513
