54_Rescue_rescuepeople_54_222
47
842 38 897 103 0.9637079
50 32 92 82 0.9462097
508 217 552 271 0.855268
218 61 258 110 0.815744
802 147 854 213 0.57854503
159 46 200 97 0.42175993
119 30 158 78 0.3473191
22 88 61 137 0.27339333
954 185 993 237 0.17007875
695 42 745 104 0.14564486
714 184 759 241 0.12259613
886 190 928 243 0.11586565
190 165 223 208 0.113061324
944 306 973 344 0.1062764
228 203 259 240 0.07903223
701 125 750 182 0.065434255
383 147 415 194 0.060547534
32 249 77 305 0.05532999
109 84 150 139 0.055223525
156 109 193 156 0.05373938
328 168 370 217 0.05335673
335 91 378 144 0.05157933
834 267 866 306 0.050619364
693 254 724 292 0.048687037
525 264 562 313 0.045162026
385 193 421 243 0.042086612
249 112 291 164 0.041473597
171 4 206 40 0.04143656
991 472 1017 510 0.037785504
962 324 991 363 0.037128404
703 3 742 42 0.034511082
949 352 979 391 0.03395424
944 432 978 476 0.03149053
654 136 697 196 0.031066641
78 183 105 217 0.029703205
830 117 878 176 0.02954143
939 269 972 312 0.02840346
253 293 287 333 0.02727291
663 55 704 106 0.023958188
108 141 137 177 0.023559462
197 18 229 59 0.023384161
968 397 1002 445 0.023367763
100 178 128 214 0.022387033
47 166 80 205 0.021466265
23 162 55 200 0.021078233
306 140 345 191 0.020936899
64 112 102 162 0.02002026
