54_Rescue_rescuepeople_54_188
23
398 97 608 350 0.99873906
287 102 389 214 0.98776543
698 12 757 75 0.9023802
952 186 1002 246 0.25338173
851 263 923 357 0.13155498
708 104 818 250 0.09891617
2 66 32 110 0.06780899
47 27 86 78 0.061316997
719 17 821 113 0.047163747
369 10 419 63 0.03288198
97 71 133 119 0.030807357
319 0 411 106 0.027837776
936 186 1026 319 0.0272564
646 235 791 406 0.026143057
253 -1 300 44 0.025322651
62 300 102 352 0.0249827
850 113 885 159 0.024687855
18 39 60 93 0.023734218
122 154 157 199 0.022897013
174 224 243 314 0.021534942
550 316 641 433 0.021008756
97 219 164 312 0.020853689
257 35 339 141 0.020778527
