54_Rescue_rescuepeople_54_774
18
347 115 399 184 0.9963875
627 101 686 177 0.9924878
882 82 937 155 0.98710644
207 110 271 194 0.94741106
702 121 743 178 0.9259174
380 210 432 279 0.22076975
584 203 648 283 0.1856526
922 191 972 258 0.14584218
360 292 409 353 0.09541005
739 189 771 232 0.061668742
682 161 726 219 0.04670202
327 216 367 271 0.045531027
864 168 904 223 0.031321622
159 186 211 256 0.030989084
860 210 908 266 0.027536603
279 185 321 241 0.026786406
348 237 390 294 0.021615515
811 215 849 270 0.021403916
