54_Rescue_rescuepeople_54_855
24
448 150 508 224 0.9623188
767 205 827 276 0.8572409
861 259 899 305 0.24277633
647 155 700 217 0.20539765
683 366 722 415 0.13257204
567 337 621 401 0.13025017
654 202 711 273 0.12605639
182 441 223 501 0.09410115
35 491 70 538 0.067508206
504 331 556 390 0.064406365
954 468 992 522 0.0566025
219 373 303 486 0.053902738
11 534 52 586 0.053014826
43 449 82 500 0.04252491
130 626 209 728 0.03911369
483 349 569 447 0.03235932
676 313 721 377 0.029964473
352 559 391 614 0.02823315
720 172 755 221 0.02744064
818 336 860 387 0.026931215
812 345 891 443 0.025743116
349 454 390 509 0.025197657
451 97 504 161 0.021868411
674 260 752 361 0.020703236
