54_Rescue_rescuepeople_54_135
134
503 7 551 65 0.91371995
869 481 923 547 0.7702504
327 42 363 90 0.7434185
209 338 250 401 0.6455401
274 127 315 176 0.39704
60 400 96 449 0.32727137
155 44 187 85 0.31422728
886 196 913 231 0.21720955
946 214 971 246 0.20441887
456 13 500 63 0.1639182
558 272 593 316 0.15132362
119 373 158 429 0.14044419
328 288 368 339 0.13124774
71 176 98 211 0.10310765
944 369 984 417 0.09919995
409 20 444 63 0.097622275
733 419 764 460 0.09579865
348 545 389 597 0.085858636
77 244 106 280 0.082086794
97 323 140 376 0.074683
438 327 470 368 0.07208499
89 384 134 441 0.07049576
310 409 359 468 0.06913248
336 341 377 394 0.0684009
863 356 889 389 0.068227656
842 326 869 361 0.06273589
182 148 215 191 0.061150886
232 243 265 284 0.060465835
694 330 717 359 0.057808973
990 398 1019 442 0.057162482
136 245 170 286 0.056928303
427 372 458 415 0.055948284
373 155 427 218 0.055882238
45 369 86 424 0.052729357
849 375 876 409 0.05140298
147 337 197 406 0.04788574
771 357 796 388 0.04771368
251 166 286 210 0.047535833
291 310 348 381 0.04652364
278 16 316 60 0.045636117
543 14 581 64 0.044928674
724 385 748 417 0.044847574
957 464 996 515 0.044772815
789 378 816 413 0.044563252
143 300 177 345 0.044375915
889 377 916 411 0.044352014
588 520 628 564 0.04394908
895 355 922 388 0.043054856
945 320 975 361 0.042617783
23 327 60 372 0.04247803
131 123 156 155 0.041943435
696 49 722 81 0.04115648
766 326 789 355 0.040493444
254 42 287 86 0.03978983
435 247 465 285 0.03866164
920 352 945 384 0.03818528
485 272 519 314 0.0379042
267 605 310 650 0.037896633
796 598 838 649 0.03639795
511 242 542 279 0.036088776
928 299 955 336 0.035654288
664 471 700 519 0.035498206
865 218 890 249 0.034422312
582 457 610 494 0.034404196
95 173 123 209 0.03425145
861 399 892 437 0.03403812
635 15 663 49 0.03397724
147 200 175 236 0.033005115
744 328 767 357 0.03287909
1 229 27 267 0.032517504
664 429 698 472 0.03223264
710 451 740 490 0.03217016
685 450 720 496 0.032037213
296 210 340 262 0.03199264
633 352 660 387 0.031872604
46 189 76 229 0.03165212
567 609 620 660 0.031453673
231 2 261 37 0.031338237
867 254 892 285 0.031206114
296 105 337 152 0.03096514
204 47 232 84 0.03088077
453 266 490 311 0.030855212
794 307 818 339 0.030854331
231 47 259 85 0.030789718
685 349 710 381 0.030748187
328 91 363 140 0.029931437
76 102 102 137 0.029562972
207 221 237 259 0.02952681
479 224 511 264 0.029116096
712 330 736 361 0.029019913
385 0 418 36 0.028491747
151 172 179 208 0.027774781
919 400 947 435 0.02765405
94 227 123 263 0.02743002
791 275 812 302 0.02742938
131 173 157 208 0.027350571
426 224 455 259 0.026812758
180 198 212 235 0.026404768
99 100 124 134 0.026225436
119 272 160 321 0.026103647
271 361 311 414 0.025873566
870 177 897 212 0.025656894
544 405 569 436 0.025586009
61 568 102 618 0.025535062
351 94 391 147 0.02534403
537 497 571 541 0.025299499
966 252 996 289 0.025050506
846 276 871 306 0.024562431
615 368 643 403 0.02455712
234 325 292 400 0.024462944
379 271 413 315 0.024244694
438 447 472 496 0.024028594
630 551 663 597 0.023696078
814 398 845 437 0.023215791
817 309 847 347 0.023098601
924 204 949 236 0.022956314
820 344 850 382 0.02283531
865 306 891 340 0.02273843
891 327 919 361 0.022694388
70 23 103 62 0.022653196
840 420 873 460 0.022364695
400 245 434 286 0.022080995
449 303 484 347 0.021761304
4 10 36 50 0.021648869
274 185 314 233 0.021187134
376 350 418 408 0.020890385
586 350 613 388 0.020880776
7 50 34 86 0.020575445
658 47 693 89 0.020413572
462 199 492 241 0.02027461
914 423 946 462 0.020148398
659 576 699 634 0.020138938
19 171 60 223 0.020132516
510 607 544 647 0.020101713
