54_Rescue_rescuepeople_54_602
18
844 236 910 319 0.78761923
357 235 397 289 0.4130195
501 208 549 269 0.4022471
641 232 689 293 0.104185544
381 260 424 317 0.0591778
792 330 855 411 0.05178203
401 387 446 447 0.049860418
783 1440 855 1534 0.048657626
546 334 604 403 0.04060277
225 204 268 260 0.03878045
353 299 401 361 0.033399962
492 251 548 320 0.031858604
578 258 630 320 0.029332628
682 475 735 540 0.028396197
552 189 597 248 0.026410984
573 453 651 546 0.024453456
321 266 363 318 0.022971142
473 191 570 307 0.022680478
