54_Rescue_rescuepeople_54_431
219
521 509 554 552 0.74059373
788 525 814 558 0.42024732
568 307 591 336 0.36984128
765 453 788 481 0.3124326
84 308 159 390 0.29272565
28 359 165 528 0.2775714
477 465 505 500 0.27058643
332 363 360 398 0.25619543
883 418 910 452 0.2555562
625 559 653 593 0.24924527
315 307 341 341 0.24381329
374 399 403 435 0.24137835
791 404 814 433 0.19364417
949 512 981 553 0.18910067
567 461 596 497 0.16971838
890 481 920 517 0.16394047
708 455 731 483 0.14826642
353 376 384 415 0.12658456
299 191 329 228 0.12537763
290 396 325 438 0.12524115
712 481 735 509 0.12356109
821 378 844 407 0.122385554
634 382 656 410 0.11336633
642 481 666 511 0.11279032
970 611 998 648 0.107903235
824 434 848 465 0.107352845
606 429 633 462 0.10515197
745 438 768 466 0.10370868
289 259 314 291 0.0997992
383 331 404 359 0.096196964
389 532 417 570 0.096029624
506 252 531 286 0.09360543
586 326 611 356 0.09170634
559 636 583 667 0.08967645
848 535 872 565 0.08832259
205 378 240 422 0.08583136
615 449 642 485 0.08538337
687 402 709 428 0.08196659
665 434 687 462 0.081445806
386 186 416 224 0.07964237
743 387 766 415 0.07958705
410 224 438 258 0.07939745
492 222 517 253 0.07913532
716 562 740 594 0.07713005
968 458 994 491 0.07704352
588 152 616 185 0.076566376
837 302 862 332 0.07648975
743 565 769 598 0.07578354
663 596 692 631 0.07496355
659 486 684 516 0.07401787
635 457 663 491 0.07056227
770 514 795 548 0.07028119
664 356 685 382 0.06903134
887 601 918 640 0.06853598
636 253 661 285 0.06825935
298 422 339 470 0.06813032
692 529 718 561 0.06771154
439 203 465 236 0.06383044
835 359 860 389 0.06373778
847 461 871 490 0.06341153
612 409 636 437 0.06338035
478 377 506 413 0.063163646
669 505 695 537 0.06315978
511 170 536 203 0.06305565
481 308 505 337 0.06299922
988 479 1015 518 0.062277388
380 252 408 288 0.061685495
671 406 693 433 0.061483074
451 250 480 285 0.058788452
894 521 926 559 0.05852154
168 397 203 444 0.05807068
559 559 586 594 0.057259634
360 272 385 304 0.057094764
995 427 1018 461 0.0565671
507 329 530 357 0.05547279
610 180 635 210 0.05460297
848 631 875 663 0.051587448
452 224 480 258 0.050727725
790 310 813 339 0.050559856
692 72 719 107 0.049272567
718 381 739 410 0.04842531
586 353 610 382 0.047902662
843 407 868 440 0.04781859
919 455 944 488 0.047387682
282 357 308 391 0.046921205
535 175 561 208 0.045866165
229 250 254 281 0.045420066
975 438 998 466 0.04506454
868 554 896 587 0.04470456
366 326 390 359 0.044217043
788 606 817 641 0.044211745
874 506 901 542 0.044123016
203 301 234 342 0.04406773
461 428 487 460 0.04397189
283 303 307 335 0.043675303
309 355 341 395 0.043490276
405 250 432 284 0.042807274
462 354 490 390 0.042330302
533 374 557 406 0.041629076
766 559 790 590 0.041476935
645 146 671 179 0.041159358
546 305 568 334 0.040894296
865 458 893 491 0.04014674
483 628 508 661 0.03876565
512 614 537 648 0.038230628
588 613 611 643 0.038101513
436 277 465 315 0.038048156
510 308 531 336 0.03789792
725 155 747 182 0.037669547
788 432 812 462 0.037423316
539 456 564 488 0.037300583
792 455 816 484 0.037127644
514 204 539 237 0.036879636
818 405 843 436 0.035668954
672 281 694 307 0.03529365
588 504 615 537 0.03527585
486 153 515 190 0.035269927
613 304 633 330 0.035184406
693 439 716 468 0.03460316
915 326 940 357 0.03441456
743 479 768 510 0.034344323
942 549 974 588 0.03418734
324 394 358 437 0.034004595
812 603 844 644 0.033607688
567 359 592 390 0.03303698
619 479 644 510 0.03287498
215 345 250 386 0.032873165
640 433 668 467 0.032869607
817 131 838 156 0.032859232
511 53 539 86 0.032711834
773 326 795 353 0.03267484
685 251 710 283 0.0325525
359 424 394 467 0.03248685
228 281 256 314 0.032414205
361 489 388 521 0.032409914
635 403 659 432 0.032376442
515 355 540 386 0.03231619
513 378 539 412 0.032023385
637 227 663 259 0.031795826
922 527 951 564 0.03161865
457 172 487 210 0.031324018
512 459 539 492 0.030878995
529 69 559 105 0.030760419
713 538 736 568 0.030741032
210 228 233 258 0.030340858
588 230 611 259 0.030038798
846 327 871 358 0.02999222
540 282 563 312 0.029333003
322 614 359 662 0.029280866
642 202 670 235 0.02927992
255 199 281 232 0.029183235
463 325 488 356 0.029112784
513 427 539 458 0.028973985
255 277 280 308 0.02887719
615 353 639 382 0.028811084
563 413 586 441 0.028683713
818 533 844 566 0.028643167
787 552 814 584 0.028549591
900 307 925 338 0.028204724
671 302 695 332 0.028182212
913 375 939 409 0.028103556
614 282 638 311 0.02803502
662 454 685 483 0.0277164
910 584 940 625 0.027554968
434 357 461 393 0.02751629
766 583 791 617 0.027483473
745 508 773 542 0.027435998
403 378 430 413 0.027160812
768 385 793 416 0.027147964
569 52 595 83 0.026881253
669 75 695 107 0.0267555
718 360 741 389 0.026617484
252 248 279 283 0.026529467
637 178 662 208 0.02623844
969 352 993 383 0.026080381
183 322 212 362 0.025992982
667 529 693 563 0.025872823
607 334 629 362 0.025770368
722 329 746 358 0.025291644
797 131 818 158 0.024981152
324 195 360 238 0.024610216
951 434 974 463 0.024500865
564 149 596 185 0.024396721
643 361 665 389 0.024306273
378 351 405 385 0.02419276
950 476 974 508 0.024025394
145 271 173 310 0.02399401
613 43 639 73 0.023704112
921 272 946 302 0.023605712
717 255 740 285 0.02339203
307 216 338 256 0.022941835
483 587 506 616 0.022655487
699 559 723 590 0.02254825
535 118 563 153 0.022410838
826 284 850 315 0.022257034
2 243 37 294 0.022198528
171 350 204 395 0.022165105
738 124 762 153 0.022106897
502 404 531 439 0.021958094
432 480 463 517 0.021940777
255 394 289 433 0.021837007
615 229 640 260 0.021827035
669 224 695 256 0.021765148
207 250 233 282 0.021584703
78 174 110 220 0.021583602
587 249 613 283 0.021546153
712 501 740 537 0.021400299
466 613 494 651 0.021367403
871 278 896 309 0.021358844
714 638 740 669 0.021328092
737 173 762 202 0.020877128
591 284 614 313 0.020865861
437 409 463 441 0.0207637
868 332 893 364 0.020542242
283 222 311 259 0.02052772
740 279 761 307 0.02047192
350 226 384 270 0.020280678
3 64 30 104 0.020273142
195 373 264 451 0.020163132
