43_Row_Boat_Canoe_43_325
97
797 407 821 439 0.104675256
532 460 556 488 0.104384206
688 387 713 418 0.09842226
255 383 279 412 0.092198975
720 322 747 354 0.090423964
709 228 735 260 0.0810556
612 410 636 441 0.06860269
664 488 691 522 0.06342841
922 436 945 466 0.06271545
479 458 502 486 0.058712117
331 408 351 435 0.057593137
404 407 427 436 0.055527814
897 485 924 520 0.048972912
674 360 696 388 0.048245337
611 228 638 262 0.048170306
440 406 463 435 0.04744248
565 404 587 432 0.047304276
819 458 844 489 0.0472568
151 464 179 496 0.04697576
466 438 490 468 0.04619229
203 384 224 412 0.045859657
520 432 546 463 0.04499065
688 502 715 535 0.042756993
533 481 559 512 0.041991424
179 432 202 460 0.0409942
232 359 255 388 0.04058648
715 434 737 462 0.040281925
261 459 289 493 0.04011241
277 406 300 435 0.039451536
434 360 458 388 0.039183035
589 230 616 265 0.03901529
391 385 412 411 0.03877712
437 381 461 410 0.036671843
457 304 481 336 0.036420565
488 361 512 390 0.03476343
695 429 718 459 0.034748085
132 437 154 464 0.031988963
258 309 281 338 0.031562265
211 334 235 363 0.031373892
133 384 153 409 0.031084692
641 329 664 358 0.030912131
154 381 174 408 0.030859554
178 358 201 387 0.030768702
772 386 794 414 0.030503685
410 429 437 459 0.03032919
749 432 773 462 0.029950222
202 404 227 435 0.029888159
822 478 849 512 0.029654218
303 503 331 535 0.02936612
184 409 206 437 0.028702118
901 405 923 436 0.028418463
440 331 462 357 0.028145278
510 409 534 438 0.028030368
815 434 837 462 0.028010054
505 382 530 412 0.027482955
639 428 662 458 0.027265191
487 481 514 515 0.026966052
383 359 406 387 0.026638383
309 452 335 483 0.026524121
330 560 362 597 0.025925245
154 409 176 435 0.025752492
435 434 460 465 0.025472924
792 334 816 363 0.025430687
593 456 616 486 0.025403744
772 499 799 533 0.025280802
950 485 982 523 0.024715299
354 433 378 462 0.024387622
669 333 692 362 0.024174202
774 406 798 438 0.02400128
798 274 825 309 0.023918655
426 457 451 487 0.023514297
152 436 176 465 0.02334799
262 180 287 211 0.02319048
487 307 510 337 0.022883972
586 333 609 361 0.022862244
383 487 412 523 0.022805838
276 435 300 464 0.02273992
337 310 360 339 0.022570953
314 387 338 417 0.022405306
426 485 456 523 0.022379352
148 559 177 595 0.022282427
569 434 594 465 0.02217365
153 329 174 357 0.021609318
362 332 384 359 0.021540785
274 486 303 521 0.021409985
184 382 208 411 0.02134063
591 388 613 417 0.021273129
618 334 643 363 0.020974299
412 360 435 388 0.020926213
132 409 153 436 0.02078175
382 331 405 360 0.020660445
906 432 928 461 0.020629961
735 305 763 341 0.020626696
389 429 415 461 0.020412425
209 358 231 386 0.020246096
560 357 586 388 0.020017926
514 486 541 519 0.020016013
