43_Row_Boat_Canoe_43_757
46
528 203 565 251 0.67432404
405 47 432 84 0.17743982
461 47 491 84 0.07444273
581 175 626 230 0.06924428
500 279 543 331 0.06459894
247 297 274 332 0.06051911
380 297 409 334 0.059849758
349 105 377 142 0.050378457
616 97 644 132 0.04843741
486 74 512 105 0.04702075
609 73 635 106 0.045938153
482 100 514 139 0.044982295
537 3 564 34 0.044118483
998 236 1026 282 0.044004064
433 412 463 453 0.042819615
518 48 540 75 0.041627117
636 141 671 186 0.03985675
515 77 538 105 0.03710753
458 177 486 214 0.03445145
555 195 592 244 0.032460283
382 26 409 59 0.031896815
606 138 643 187 0.03185144
785 170 819 211 0.031815946
362 285 390 322 0.029210592
564 147 604 196 0.028705057
563 95 595 131 0.02824659
357 3 388 34 0.026175493
899 218 930 256 0.02570507
482 228 519 269 0.02568415
54 415 76 442 0.02547369
439 63 469 100 0.025382668
589 16 619 54 0.024114136
947 0 981 35 0.024006931
437 1 467 33 0.023977023
354 46 382 80 0.023379626
405 95 432 130 0.022634208
891 268 924 310 0.022252223
416 412 439 443 0.021450259
485 174 517 215 0.02126084
480 29 506 61 0.021118367
257 4 285 32 0.02111006
709 150 735 183 0.020861223
558 22 589 60 0.02072979
895 90 922 124 0.020578006
255 251 282 286 0.0202032
735 106 765 142 0.020008883
