39_Ice_Skating_Ice_Skating_39_661
88
222 266 11 14 0.9783611 
808 360 16 19 0.9611451 
1 371 15 19 0.93476444 
413 426 22 21 0.86207545 
442 507 27 21 0.84836656 
195 259 11 14 0.84186786 
94 326 12 14 0.7777681 
249 253 9 10 0.76994437 
75 234 10 14 0.68420047 
473 303 10 12 0.68350357 
509 254 10 12 0.6728584 
15 294 12 16 0.58659106 
441 312 10 12 0.44586655 
-1 262 7 13 0.26873964 
161 295 10 13 0.26397714 
793 221 7 10 0.23634395 
616 180 8 10 0.21658708 
589 182 8 10 0.21046397 
20 297 11 14 0.20078358 
155 386 12 21 0.16331236 
793 207 7 7 0.15805672 
467 185 6 9 0.14513916 
839 255 8 9 0.1377876 
804 73 33 46 0.13299137 
767 332 11 13 0.12871295 
594 224 7 9 0.12488402 
854 376 12 17 0.11932524 
716 272 11 12 0.118290536 
542 260 9 11 0.10337615 
489 190 7 9 0.1020115 
261 197 8 11 0.09827816 
950 254 10 11 0.0978089 
164 308 11 15 0.095860526 
232 256 9 12 0.09199185 
627 222 7 9 0.090727426 
654 184 7 9 0.083499864 
217 311 8 10 0.08078432 
470 184 7 9 0.07973928 
9 292 12 15 0.07435207 
617 168 8 10 0.071920455 
21 342 11 14 0.060443405 
702 225 8 10 0.0583997 
176 297 10 11 0.056809433 
30 297 9 12 0.054143965 
776 354 9 13 0.053422447 
1 302 10 15 0.049971424 
0 325 8 13 0.04851596 
513 210 7 9 0.048233733 
969 286 7 10 0.046231866 
570 212 8 10 0.04372828 
991 307 11 13 0.040666554 
820 133 8 11 0.03743507 
984 288 8 10 0.036151066 
847 237 7 9 0.034641128 
717 225 8 9 0.034235712 
384 181 6 8 0.033891663 
5 299 12 16 0.032645594 
826 231 7 9 0.0315172 
714 229 9 11 0.031105325 
533 283 10 13 0.030822521 
832 239 6 8 0.029772729 
551 177 7 9 0.028938869 
787 420 15 22 0.02853376 
975 285 7 9 0.028114885 
357 270 9 13 0.027473953 
430 327 13 17 0.027269052 
792 217 8 10 0.026476284 
349 301 12 20 0.026377732 
798 222 7 9 0.026243486 
278 190 7 9 0.025351861 
87 227 10 13 0.02446728 
263 192 7 10 0.02441281 
1015 292 9 13 0.024302244 
204 425 13 17 0.023659747 
145 204 8 9 0.023557745 
372 268 9 13 0.023271829 
990 292 9 10 0.022656329 
274 190 7 9 0.022185087 
620 176 8 11 0.022151947 
974 317 8 10 0.022037145 
847 233 7 9 0.02183465 
422 191 6 8 0.021354284 
765 207 7 9 0.021131938 
745 352 9 11 0.021104395 
223 194 6 8 0.020975292 
641 192 7 9 0.020313257 
376 183 6 8 0.02014322 
424 225 7 9 0.02004949 
