39_Ice_Skating_Ice_Skating_39_658
32
113 416 9 10 0.49414033 
185 413 10 11 0.4932902 
2 389 8 10 0.4456505 
1016 406 8 12 0.16922353 
52 419 10 13 0.16012429 
45 429 9 10 0.13993876 
782 396 8 11 0.13663459 
969 407 8 12 0.13501087 
41 428 8 11 0.13144776 
48 422 10 12 0.1131312 
169 415 8 9 0.10554139 
152 396 9 11 0.09549513 
944 400 8 10 0.09393666 
201 408 9 11 0.0882419 
886 405 8 10 0.081075504 
173 414 8 11 0.07353504 
937 399 8 11 0.0722723 
982 406 9 11 0.06421421 
973 407 9 11 0.05622842 
82 415 9 11 0.05423942 
277 406 7 10 0.047934093 
862 397 8 10 0.043482423 
661 414 9 13 0.042307373 
882 405 9 10 0.041274827 
353 531 19 19 0.040877502 
441 408 7 10 0.038314387 
951 388 8 10 0.03750872 
51 400 8 10 0.031107588 
88 409 8 11 0.029198317 
447 408 8 10 0.02693885 
30 428 9 12 0.025249584 
15 387 11 14 0.022356117 
