39_Ice_Skating_Ice_Skating_39_1047
40
244 112 56 68 0.9992505 
746 146 58 72 0.9983924 
877 173 26 33 0.99649185 
812 74 25 31 0.99515694 
832 145 24 31 0.9919292 
591 195 22 29 0.99041736 
735 2 24 29 0.98984724 
499 197 21 29 0.9889774 
724 79 23 29 0.9882951 
938 72 23 28 0.9851301 
59 23 19 24 0.9829746 
458 161 21 26 0.9819546 
944 5 19 24 0.9745626 
242 19 20 26 0.97294 
124 22 18 23 0.97286326 
880 9 20 24 0.96996427 
307 16 20 24 0.9697412 
8 14 19 24 0.968598 
671 0 21 24 0.9665639 
529 175 19 25 0.96259797 
530 130 20 27 0.958679 
966 194 27 31 0.9580838 
882 39 19 27 0.9545983 
180 19 20 25 0.95147943 
601 131 19 24 0.9499096 
1011 79 13 26 0.78652835 
806 28 19 21 0.7693612 
939 145 22 31 0.15955278 
914 143 15 19 0.09698196 
92 15 13 17 0.079596594 
40 0 14 12 0.06672741 
1012 166 12 23 0.054311473 
54 2 15 14 0.047161546 
459 230 16 19 0.03116352 
15 19 20 25 0.02986882 
26 26 15 20 0.02966863 
858 0 21 25 0.029605586 
177 -1 17 12 0.027295796 
567 147 16 19 0.022463461 
843 55 12 16 0.022198983 
