39_Ice_Skating_Ice_Skating_39_1029
55
208 252 9 13 0.97024477 
926 213 13 16 0.92858225 
268 255 11 13 0.91452116 
296 252 11 15 0.9110659 
653 230 12 17 0.87889177 
464 253 9 11 0.87020695 
740 223 11 14 0.8511856 
392 256 11 14 0.8416895 
109 248 10 12 0.81323236 
237 273 9 11 0.80526084 
558 250 11 14 0.80444396 
753 223 15 21 0.7932854 
524 239 10 13 0.64078635 
818 244 10 13 0.61952716 
418 270 9 11 0.61013615 
351 255 10 11 0.56636554 
490 246 10 12 0.4808751 
696 236 9 12 0.46155167 
422 254 9 11 0.45970294 
327 258 9 14 0.3831091 
176 248 9 12 0.31260625 
327 248 9 11 0.20675097 
612 238 9 12 0.16351831 
712 228 9 12 0.16053458 
137 248 8 11 0.15679127 
181 249 8 11 0.11671141 
190 262 9 11 0.108936995 
158 265 8 11 0.09272327 
716 229 9 12 0.08951624 
606 254 9 12 0.083214775 
190 256 9 12 0.07989074 
661 235 11 14 0.0718401 
580 253 10 12 0.06620854 
431 244 7 9 0.05937827 
791 252 11 13 0.049931787 
574 230 12 13 0.042207643 
142 253 7 10 0.041470934 
599 255 9 12 0.039509118 
654 224 10 13 0.039207354 
373 260 9 11 0.038448498 
97 255 7 10 0.038303595 
607 243 10 13 0.03463261 
558 241 10 12 0.031233259 
425 248 8 10 0.02816823 
593 259 10 10 0.027166864 
171 253 8 10 0.027119393 
447 262 8 10 0.02604652 
470 249 7 11 0.025509927 
704 230 9 12 0.02469488 
537 256 8 10 0.024364023 
49 246 8 10 0.023968996 
346 254 9 12 0.023183428 
432 263 9 11 0.023071723 
249 264 10 12 0.021206714 
171 247 9 12 0.020182543 
