39_Ice_Skating_iceskiing_39_138
18
289 208 80 63 0.99578387 
574 181 94 109 0.9875474 
20 117 41 38 0.5096426 
387 337 34 37 0.49841493 
390 463 28 29 0.39895293 
0 319 24 35 0.3024276 
664 131 84 122 0.2501325 
613 148 92 135 0.17646727 
35 271 22 31 0.15468875 
504 465 42 30 0.11753828 
100 336 37 32 0.113452576 
36 110 39 40 0.07533804 
253 240 16 20 0.045370627 
812 330 34 35 0.03003393 
549 389 56 64 0.02600269 
797 320 56 56 0.021748705 
20 91 40 38 0.021098835 
795 340 62 66 0.020917013 
