39_Ice_Skating_Ice_Skating_39_252
19
718 179 32 37 0.996775 
472 183 25 29 0.9939452 
818 163 29 30 0.9930911 
513 176 25 29 0.99265057 
185 185 44 45 0.9915684 
322 177 23 29 0.9912077 
373 179 25 31 0.98875564 
623 192 23 26 0.98377407 
417 168 21 27 0.9654588 
893 131 24 33 0.6442891 
395 160 19 22 0.2056184 
402 163 21 27 0.08803273 
343 173 20 31 0.08239925 
278 203 16 19 0.06525454 
266 175 15 21 0.06486437 
608 181 22 26 0.03250954 
301 181 22 30 0.02860126 
667 178 17 21 0.023060786 
230 175 25 30 0.021106321 
