39_Ice_Skating_Ice_Skating_39_169
19
332 829 31 46 0.97669536 
270 850 13 15 0.18997616 
820 896 10 12 0.10285739 
199 848 11 13 0.06411308 
276 848 11 12 0.050523315 
781 821 10 12 0.04977406 
520 848 7 8 0.045175646 
778 892 8 12 0.04404675 
401 874 8 10 0.04347772 
513 845 6 9 0.03406985 
586 862 7 10 0.033627536 
874 900 11 14 0.03231272 
741 888 8 11 0.029770767 
409 846 7 9 0.028118057 
574 839 8 10 0.02809681 
746 843 7 9 0.027558295 
513 861 6 8 0.02308168 
288 845 9 12 0.022804888 
266 847 22 26 0.022537362 
