39_Ice_Skating_Ice_Skating_39_463
40
899 735 12 14 0.8836737 
956 726 10 13 0.85685325 
836 740 10 13 0.8439243 
911 759 10 14 0.7652975 
801 751 8 11 0.7603979 
700 709 8 10 0.3073666 
819 765 13 15 0.21902904 
920 688 7 10 0.14736314 
650 743 9 12 0.13702695 
966 775 9 11 0.09982041 
514 702 8 10 0.08169802 
609 703 8 10 0.06347345 
648 686 8 10 0.0634224 
554 704 8 10 0.061341044 
476 703 7 9 0.06080842 
751 672 8 10 0.0570667 
585 709 8 11 0.049871776 
430 679 7 8 0.035752695 
403 656 7 9 0.03468763 
369 662 7 9 0.034057897 
474 696 8 9 0.032801617 
639 704 7 8 0.031224491 
549 656 7 9 0.031115182 
336 686 8 9 0.029592078 
638 688 8 10 0.026706295 
497 705 8 10 0.026061436 
854 676 9 10 0.026001893 
849 675 9 11 0.025875153 
637 693 8 9 0.024592785 
888 672 7 9 0.02449068 
717 656 7 10 0.023572985 
407 664 7 9 0.023237383 
654 688 8 10 0.02315805 
952 730 11 13 0.022248823 
592 680 8 10 0.021444434 
648 672 7 9 0.020900628 
513 697 7 8 0.020688279 
402 662 7 9 0.020623574 
454 654 7 9 0.020565493 
478 695 7 9 0.020203317 
