39_Ice_Skating_Ice_Skating_39_992
79
956 580 54 65 0.99952364 
297 848 58 70 0.9993832 
170 277 51 61 0.99928313 
612 267 48 59 0.9990387 
824 481 48 56 0.9989748 
423 19 52 67 0.9987299 
667 480 52 65 0.99862766 
777 609 56 64 0.9985561 
899 713 52 62 0.998544 
160 811 48 62 0.9984811 
727 736 56 64 0.9984383 
746 0 54 58 0.9983663 
938 248 44 62 0.9983279 
836 123 50 69 0.99831414 
13 638 54 64 0.9981522 
117 41 49 65 0.9980178 
385 382 45 58 0.99799013 
535 720 75 97 0.99788505 
804 250 47 60 0.99784446 
23 381 51 56 0.9972837 
463 264 48 57 0.996469 
385 143 46 54 0.9933831 
727 369 49 59 0.9920032 
310 262 52 67 0.9915767 
906 27 41 54 0.9905053 
284 684 66 79 0.9897014 
283 51 45 51 0.9883348 
213 620 52 62 0.9876495 
568 370 50 55 0.98370785 
334 473 57 70 0.9742202 
286 423 37 61 0.9565856 
996 460 27 65 0.63214356 
337 369 33 39 0.42863742 
468 145 61 70 0.37687036 
80 700 51 60 0.36650676 
221 172 40 50 0.34795204 
736 546 50 63 0.34374088 
926 0 40 50 0.2638116 
510 277 48 59 0.24094504 
653 0 45 37 0.17293794 
100 128 42 47 0.16870137 
678 448 41 46 0.15860127 
341 411 47 61 0.13662408 
186 444 45 50 0.109680936 
51 175 36 40 0.09680733 
227 833 37 41 0.094839014 
314 374 27 35 0.08559648 
878 601 41 51 0.082399525 
887 -1 34 44 0.07950119 
224 195 39 52 0.07503237 
544 19 24 33 0.066297285 
724 339 46 60 0.066226184 
998 122 26 62 0.065886006 
94 146 46 59 0.064642645 
534 55 104 124 0.0626693 
101 711 42 52 0.060934838 
548 478 61 79 0.05870342 
102 468 45 59 0.054178394 
8 155 43 56 0.042554747 
665 426 47 58 0.03649214 
670 413 38 45 0.03444833 
119 405 45 50 0.033819243 
628 0 55 44 0.032667797 
271 808 37 41 0.03153421 
124 489 40 57 0.030461054 
281 109 42 55 0.030049378 
58 167 47 58 0.029274402 
849 744 53 60 0.027584106 
659 -3 58 61 0.026568245 
180 5 42 51 0.025038326 
695 680 51 51 0.024584252 
22 128 24 29 0.024492228 
498 134 59 66 0.02377842 
878 755 20 24 0.023656573 
783 548 29 34 0.022605408 
630 11 58 72 0.022603892 
353 912 45 46 0.022292813 
1 57 19 53 0.020503039 
29 502 28 34 0.02030429 
