39_Ice_Skating_iceskiing_39_583
116
444 141 33 38 0.9940018 
785 151 25 30 0.9915604 
522 117 26 36 0.9865718 
464 221 42 40 0.9838161 
303 88 20 29 0.96187353 
325 86 18 24 0.8218628 
354 183 17 22 0.7625823 
235 48 21 43 0.67332125 
696 203 9 11 0.66845113 
500 143 22 26 0.5549435 
421 110 16 22 0.4714029 
636 215 12 16 0.43050572 
398 102 13 17 0.34595275 
653 198 10 12 0.3036743 
662 209 8 10 0.2706536 
332 125 14 18 0.261271 
11 0 41 43 0.20666975 
274 72 13 15 0.16701023 
350 93 13 16 0.16676153 
271 412 13 18 0.16578737 
311 74 14 17 0.15931988 
307 174 15 20 0.13648482 
670 201 8 10 0.12875924 
657 206 9 11 0.1255535 
92 0 36 35 0.12329691 
331 70 11 14 0.11302346 
381 93 12 16 0.104434006 
635 247 10 11 0.09970055 
678 215 9 11 0.09866482 
631 199 8 11 0.09757925 
315 83 20 27 0.09154478 
614 186 10 12 0.08642438 
992 226 9 11 0.08323809 
662 183 8 10 0.082588345 
75 1 35 33 0.0776343 
502 118 10 12 0.07549029 
672 204 9 11 0.07437077 
592 159 8 11 0.07350127 
151 -1 33 32 0.06317378 
625 172 10 11 0.059976354 
601 158 8 11 0.059546392 
991 210 9 10 0.0587205 
440 98 13 15 0.058694806 
366 94 10 14 0.05863926 
743 85 9 12 0.05584604 
600 180 9 12 0.05536906 
874 169 7 9 0.055300735 
656 212 9 10 0.049414206 
678 221 9 11 0.04794759 
363 74 14 15 0.047105502 
920 105 7 9 0.045249775 
677 207 8 10 0.044503905 
607 199 9 11 0.044207796 
977 228 10 12 0.04377285 
916 204 11 13 0.04372416 
309 381 38 48 0.04339145 
606 183 8 11 0.04165551 
304 50 9 14 0.041116316 
391 99 15 19 0.040520128 
345 209 14 18 0.039665114 
327 74 14 17 0.03838308 
168 3 27 36 0.037598897 
653 96 8 9 0.037508644 
862 174 7 9 0.037061263 
444 94 13 16 0.036455102 
658 183 9 9 0.036435448 
596 112 10 12 0.035512127 
418 267 38 51 0.035372585 
620 221 9 12 0.035041194 
277 65 12 15 0.034634028 
181 10 16 24 0.033138916 
352 55 9 11 0.032822892 
640 206 9 11 0.03214263 
638 181 9 12 0.03197162 
268 36 15 18 0.031186158 
881 231 10 12 0.03006682 
615 175 8 9 0.02989127 
741 80 10 12 0.029747885 
351 260 35 35 0.02913383 
136 0 21 20 0.02899565 
343 254 29 34 0.028043564 
265 413 13 17 0.027878957 
401 254 42 53 0.027328257 
895 124 6 9 0.027290056 
386 92 14 18 0.027210988 
761 151 8 10 0.026977027 
311 59 12 15 0.026216295 
629 168 9 11 0.026095537 
688 157 8 11 0.025705805 
248 16 34 53 0.025440995 
261 20 25 31 0.02521266 
439 106 13 17 0.024876833 
260 20 15 19 0.024368308 
585 136 8 11 0.02436153 
645 220 10 14 0.02429715 
904 208 10 11 0.023890551 
658 140 8 10 0.023715144 
959 190 9 11 0.023479555 
309 54 11 14 0.023476558 
638 200 10 11 0.023474887 
114 -1 31 28 0.023150753 
145 1 22 21 0.022883272 
880 198 8 10 0.022663627 
335 253 22 27 0.022593413 
274 13 15 18 0.022475401 
1005 176 10 11 0.022219175 
639 165 9 11 0.022152672 
913 199 11 12 0.021979092 
665 200 9 10 0.02189455 
890 221 8 10 0.021447957 
609 189 9 11 0.021380715 
336 86 19 27 0.021225166 
609 140 8 10 0.020757932 
480 91 11 14 0.020614132 
343 179 12 16 0.02043385 
647 204 8 11 0.020335412 
