21_Festival_Festival_21_254
44
494 240 593 363 0.94306207
237 364 287 426 0.6823777
720 189 769 254 0.3636552
315 224 354 276 0.26743835
150 491 188 541 0.21352008
915 390 961 451 0.15867287
106 144 154 206 0.121738695
951 471 1008 544 0.0963272
238 300 284 359 0.08321908
81 260 124 313 0.07546048
37 260 74 309 0.06883722
620 143 667 200 0.06805759
893 258 933 308 0.06570098
416 339 466 409 0.06219505
196 235 233 280 0.06212754
155 255 194 303 0.055956617
77 168 130 234 0.05404056
526 144 573 202 0.050864454
336 248 380 304 0.05075625
190 462 236 516 0.04886811
910 292 950 344 0.041971937
366 867 417 937 0.039232325
199 375 243 429 0.03618668
715 243 763 305 0.035249107
270 273 313 326 0.033178363
38 132 87 197 0.032513052
67 602 104 652 0.031788778
305 346 349 404 0.029955689
306 295 347 346 0.028171312
8 262 45 315 0.026573364
997 249 1036 304 0.026534872
580 150 625 208 0.026197163
336 345 384 407 0.026073119
115 231 157 284 0.025864301
15 644 52 700 0.024504587
190 413 238 468 0.023183746
190 299 230 350 0.022824597
379 452 429 517 0.022208668
192 688 232 740 0.02172295
31 506 66 551 0.020837465
263 765 310 825 0.02048593
617 256 671 329 0.02043681
-2 569 33 623 0.020336278
219 488 258 536 0.020207463
