21_Festival_Festival_21_604
186
697 569 725 604 0.38069725
743 535 765 563 0.2517948
848 594 872 623 0.21415459
819 541 841 569 0.20999724
877 562 900 590 0.16682273
952 514 974 541 0.16023077
947 534 971 563 0.13271813
923 602 949 634 0.1317657
791 603 817 635 0.12961285
644 489 668 518 0.12727417
378 506 403 539 0.12563027
864 609 888 639 0.11961116
927 539 950 567 0.11362805
950 384 973 412 0.103947125
260 491 279 515 0.097347245
801 541 821 567 0.09674424
823 587 846 616 0.09331508
898 590 920 618 0.091504976
719 458 740 483 0.089914754
896 485 917 511 0.082934126
520 504 544 533 0.08068265
288 613 310 641 0.07712277
213 487 233 513 0.07487386
840 559 866 590 0.07400643
154 485 177 513 0.07371827
364 533 388 562 0.07361198
570 388 593 416 0.0732037
622 433 645 462 0.072178304
234 490 253 515 0.07080531
766 487 787 512 0.07063824
946 557 969 586 0.07011804
821 465 842 492 0.06839561
767 538 789 565 0.06744066
151 543 171 567 0.066257186
70 125 111 177 0.064817876
822 518 842 541 0.064187124
177 481 196 506 0.0640857
639 566 664 598 0.06310543
15 539 41 569 0.06281233
49 564 72 593 0.059400756
869 510 892 539 0.059280895
385 486 409 515 0.05913154
770 586 796 618 0.05912717
24 456 48 486 0.058626767
874 488 895 514 0.057859156
283 542 303 567 0.055912957
665 508 690 540 0.05512801
724 533 749 563 0.054009583
770 512 793 539 0.053520467
850 515 871 542 0.05339336
848 463 868 488 0.053179216
282 507 302 532 0.051505692
696 488 717 514 0.051433817
765 560 789 590 0.051014375
722 608 749 640 0.050564233
329 566 352 593 0.05036791
898 436 919 462 0.050131552
668 457 690 484 0.049155362
973 436 995 464 0.04776361
431 533 457 566 0.04748974
924 482 946 509 0.04608701
694 411 714 437 0.045790095
406 463 428 490 0.04559635
797 413 816 436 0.045539204
802 465 822 491 0.045512836
691 434 712 459 0.045061983
464 481 487 511 0.044785086
159 463 179 488 0.044675376
512 438 535 467 0.04448214
310 511 331 536 0.044169545
922 462 943 488 0.044149462
635 630 664 667 0.044017244
733 637 764 673 0.043209653
873 539 895 566 0.04221116
332 514 355 542 0.041441932
969 383 991 411 0.04143024
489 459 513 491 0.040860347
798 516 817 540 0.0407196
978 483 998 511 0.039688822
740 587 764 617 0.039282706
310 487 331 514 0.03926454
897 511 919 538 0.03903371
359 556 384 586 0.038980164
716 483 737 509 0.038794387
82 512 101 536 0.038752686
742 439 763 465 0.03810146
206 617 228 644 0.038018633
530 588 557 622 0.037948165
852 485 872 509 0.03763048
134 492 154 518 0.037292797
338 464 360 491 0.036922798
73 413 93 439 0.036783885
28 559 53 588 0.036750622
136 437 156 462 0.036279142
687 536 711 566 0.036202613
749 381 772 408 0.035592906
769 414 790 438 0.035093013
921 406 944 434 0.0348897
441 407 462 433 0.034828346
365 485 386 513 0.034543112
609 534 633 564 0.03418381
928 514 950 541 0.0336684
999 509 1021 540 0.03346463
333 483 355 510 0.0333603
439 433 460 460 0.033001885
973 458 995 487 0.03289322
972 512 993 539 0.032791138
534 431 560 463 0.03229495
620 580 647 613 0.032230053
675 439 696 464 0.032014072
950 489 973 517 0.031865213
184 588 206 614 0.03166414
104 465 124 489 0.031451132
487 604 514 638 0.03139779
55 485 76 510 0.030976107
307 589 331 620 0.030944893
879 435 897 458 0.030724017
128 588 149 614 0.030381355
941 588 966 621 0.030000467
979 584 1003 615 0.029878823
262 541 283 566 0.029254604
207 541 227 566 0.028867396
45 585 71 617 0.028861588
46 467 68 493 0.028792659
903 537 925 564 0.028631685
461 532 486 566 0.028354798
180 513 199 538 0.028338356
952 455 974 483 0.028321015
639 459 663 488 0.028169667
257 586 280 614 0.028079223
969 535 991 564 0.028037792
207 466 228 492 0.027686702
81 538 101 564 0.027068136
995 623 1021 661 0.026927657
614 509 637 539 0.026911505
485 541 510 574 0.02686089
20 510 45 540 0.02680787
133 541 155 569 0.026548257
844 628 872 663 0.026477456
919 436 941 463 0.026108831
236 565 259 593 0.026038194
235 415 255 439 0.02569288
442 387 464 415 0.025664665
256 562 278 589 0.025372867
100 541 121 567 0.025203718
669 562 694 595 0.02439586
901 459 923 486 0.02435374
769 468 791 495 0.02427718
694 459 716 486 0.024045428
261 437 280 461 0.024021214
443 482 467 512 0.023894863
873 463 893 488 0.02383244
279 631 305 663 0.023790812
874 414 895 440 0.023754941
181 537 199 562 0.023640318
825 437 845 461 0.023640126
207 430 225 454 0.02310616
790 176 818 209 0.023011869
823 382 842 405 0.022937112
263 610 287 639 0.022903452
997 427 1020 460 0.022856839
535 533 561 567 0.02285494
132 564 153 589 0.022827491
686 510 709 539 0.02279527
180 412 199 435 0.022528104
312 464 331 488 0.022401126
76 591 97 618 0.022363456
208 508 229 534 0.022339558
107 561 128 585 0.022219278
383 410 405 437 0.022043882
80 488 100 512 0.02202163
999 378 1020 409 0.021892112
98 514 119 539 0.02162479
57 543 80 571 0.021597834
154 592 173 615 0.021469586
668 612 695 647 0.021237716
486 506 509 535 0.021225076
996 479 1019 511 0.021043897
56 509 78 537 0.020892223
205 562 228 591 0.020771487
416 558 442 590 0.020712584
847 414 867 439 0.020650126
840 380 862 407 0.02064191
801 432 820 456 0.020417964
438 458 461 487 0.020270145
711 410 733 435 0.020217111
