21_Festival_Festival_21_140
51
517 497 554 543 0.23987624
339 451 382 503 0.16360997
182 493 236 557 0.11022368
19 460 73 529 0.08567149
96 712 134 760 0.077518165
428 437 464 483 0.07546863
875 566 915 617 0.066752926
583 641 620 688 0.04946765
126 1128 172 1190 0.048476454
383 1109 436 1173 0.04530578
680 547 715 594 0.045226052
315 614 351 661 0.044467434
607 611 639 652 0.04365657
817 631 865 698 0.043031566
578 505 618 553 0.04193717
483 430 522 478 0.03928933
22 821 64 870 0.037713528
375 515 412 559 0.03703769
413 611 446 657 0.036225054
61 599 95 646 0.03575114
195 778 236 828 0.033865243
61 773 98 818 0.033562414
612 859 670 928 0.032868896
400 510 438 557 0.031590704
751 476 782 515 0.028814094
311 430 402 535 0.027987141
652 641 685 683 0.027780317
332 851 366 895 0.027673906
534 527 577 579 0.027172508
570 473 610 520 0.027009951
606 513 645 561 0.026255606
267 812 303 859 0.025775222
795 642 883 764 0.025133576
121 950 162 1004 0.024828412
173 436 279 559 0.024633048
377 610 413 657 0.024537759
681 642 719 689 0.024036393
688 506 722 549 0.023988854
238 683 269 723 0.023945468
113 644 148 687 0.023638302
848 604 887 653 0.023443332
648 438 683 481 0.023059212
965 446 1000 492 0.02232225
811 544 847 588 0.022284415
716 541 755 593 0.02217673
591 582 625 624 0.02213815
70 441 112 494 0.021769596
974 780 1019 843 0.021576192
614 117 661 173 0.021352654
492 474 528 519 0.021094253
437 606 476 658 0.020070797
