21_Festival_Festival_21_193
157
336 459 377 516 0.502355
31 498 80 568 0.42379946
824 452 853 488 0.38028547
564 481 598 523 0.34951553
532 421 560 456 0.33058012
675 408 699 438 0.31894293
938 380 966 417 0.3020855
694 484 727 525 0.28755203
635 436 663 471 0.2803919
899 458 928 496 0.27096465
577 430 604 463 0.22426249
947 450 981 495 0.20276731
206 431 237 470 0.16567262
790 437 814 467 0.15826263
301 410 326 441 0.15401484
99 433 126 469 0.15299277
457 462 486 500 0.14190459
487 482 517 521 0.13761686
622 479 656 525 0.1358598
435 200 460 232 0.12993875
409 474 441 512 0.12104333
474 384 498 413 0.11840271
381 404 411 438 0.11214593
179 498 213 545 0.106344804
431 411 459 447 0.10518849
2 206 46 267 0.10045007
228 499 271 549 0.10023142
869 433 897 470 0.096398756
671 380 696 410 0.09422235
763 456 793 492 0.08693666
326 378 351 410 0.08411997
646 414 668 442 0.08160507
436 331 466 368 0.08101016
739 430 764 462 0.07813372
477 602 513 645 0.07704544
875 387 897 417 0.07699553
644 362 668 393 0.07573477
512 413 541 450 0.07497734
693 571 731 627 0.07387372
264 377 288 408 0.07217358
662 426 688 460 0.070598535
287 423 316 461 0.0693516
749 474 784 519 0.069031976
845 437 876 476 0.0680899
667 507 697 548 0.067562215
763 382 791 416 0.066262856
615 407 639 437 0.06523321
721 413 744 442 0.06517824
891 599 931 657 0.06476577
840 546 886 606 0.06390918
275 476 311 523 0.06340789
121 433 154 473 0.06181384
643 611 671 650 0.060322125
584 353 609 385 0.057439893
25 508 109 628 0.055838548
458 431 485 465 0.055208087
513 355 538 387 0.055015855
193 513 241 571 0.05438242
708 455 735 490 0.053894214
409 423 439 461 0.053698897
669 181 691 211 0.0523595
463 403 490 438 0.05232213
993 399 1019 435 0.05053383
588 383 614 414 0.050465778
943 521 982 576 0.04896132
416 380 440 411 0.048718564
690 360 715 392 0.048178792
979 522 1019 583 0.04813937
303 499 339 547 0.047571275
354 274 379 308 0.04755957
508 574 540 621 0.047054786
47 327 70 357 0.045854464
816 400 841 433 0.04462073
124 375 149 406 0.04396698
688 516 726 566 0.04376719
366 384 392 416 0.043236244
801 385 823 416 0.042600635
837 472 872 513 0.042416237
528 549 563 595 0.04210503
875 479 903 513 0.041585635
615 384 637 412 0.040658984
149 434 179 472 0.04056278
348 432 378 472 0.040001463
71 407 101 445 0.039899837
254 406 280 440 0.03968702
973 381 1002 419 0.03964087
853 402 879 436 0.038783304
382 481 410 516 0.03862384
438 257 466 291 0.03852514
352 224 382 262 0.03820429
460 355 486 387 0.03779242
543 502 573 540 0.03776285
406 234 428 263 0.037750933
456 504 488 545 0.037549343
620 358 644 389 0.036811005
746 409 772 442 0.036426753
585 222 613 257 0.03600521
484 405 510 439 0.035945438
489 429 514 463 0.035713416
969 357 995 390 0.035564784
894 402 923 437 0.035354875
539 453 570 493 0.034507908
921 429 949 465 0.03436747
533 382 557 410 0.03411585
569 206 595 238 0.034082163
175 450 203 487 0.033123247
365 350 392 386 0.032963872
173 399 200 434 0.03284481
333 406 360 440 0.032209627
717 380 740 409 0.03189416
229 411 255 444 0.031764027
459 252 485 284 0.031230468
488 284 514 316 0.031119894
796 405 821 437 0.031031003
427 555 464 607 0.030747522
609 255 636 290 0.03049482
325 526 360 575 0.030184811
420 357 444 389 0.030004801
278 361 301 393 0.029714951
487 355 512 387 0.02915998
611 555 646 602 0.029020172
70 204 105 244 0.028889062
570 278 595 309 0.028524127
75 380 102 414 0.028419107
229 559 367 719 0.027916731
919 469 951 510 0.027688732
532 355 559 387 0.027431024
158 385 184 417 0.026939882
929 362 957 397 0.02683313
789 479 820 520 0.026688797
371 501 407 545 0.02579761
577 527 618 579 0.02574964
883 549 927 607 0.025652936
85 432 151 516 0.02553799
919 511 955 561 0.02465787
107 361 133 394 0.024264049
30 301 59 337 0.023855733
688 427 714 460 0.022848021
511 280 538 311 0.022588989
273 174 302 209 0.022570558
288 278 313 311 0.022520218
233 380 255 408 0.02219905
49 376 76 411 0.022136817
920 307 944 340 0.022132952
811 522 855 578 0.021925475
641 204 664 231 0.021893587
566 301 591 331 0.021656675
664 453 692 489 0.021608904
636 227 660 257 0.021571618
615 230 642 262 0.021452792
666 582 697 625 0.021258462
616 335 641 367 0.021148978
277 519 324 574 0.020922206
580 579 627 639 0.020344358
711 557 776 649 0.0202446
51 426 84 469 0.020090329
484 248 508 279 0.020039085
