21_Festival_Festival_21_513
19
213 112 302 222 0.99065185
507 104 584 200 0.9280647
595 186 676 295 0.4374353
486 264 542 341 0.28075507
753 107 811 188 0.2562243
24 42 75 103 0.13021357
59 168 108 228 0.10743754
462 199 518 277 0.060058128
883 110 927 178 0.053966258
-2 125 95 254 0.039520565
721 140 783 226 0.037793525
512 163 606 292 0.031877592
541 50 586 106 0.03164104
648 156 735 271 0.031171998
832 118 915 217 0.028701773
221 0 268 44 0.02777216
1005 265 1045 327 0.022275211
322 259 406 368 0.021041231
315 65 362 121 0.0205631
