21_Festival_Festival_21_290
67
299 233 362 328 0.94598764
568 284 616 346 0.8989943
471 312 520 377 0.88748676
4 187 88 320 0.7174898
811 320 867 408 0.40677285
96 222 187 334 0.3916337
556 193 597 245 0.3190974
687 301 723 345 0.29659647
480 160 534 223 0.18156493
420 184 452 227 0.17222244
381 334 419 385 0.13697451
977 415 1020 474 0.08192423
396 249 429 297 0.07296036
120 334 184 409 0.063031994
590 455 624 499 0.061134804
441 74 479 120 0.058916353
711 197 743 235 0.057073325
942 338 987 407 0.053612694
977 252 1012 301 0.051650323
485 681 516 716 0.0514285
745 546 773 583 0.048562583
261 238 314 311 0.045964807
722 677 753 718 0.044237766
771 342 814 405 0.044202678
798 518 917 662 0.0429095
654 256 685 299 0.042507093
747 785 791 842 0.04008577
703 336 747 390 0.03710414
503 100 538 147 0.03689866
775 294 813 346 0.036802888
478 45 511 88 0.036205344
75 81 120 143 0.03519533
539 718 566 752 0.033600915
745 593 776 631 0.030994521
683 168 718 212 0.030859455
515 718 551 763 0.030547222
22 406 99 517 0.030475063
368 73 403 116 0.0304097
548 420 581 461 0.029805992
740 356 774 407 0.029701687
541 663 570 697 0.028710742
660 302 695 349 0.027756514
606 682 634 717 0.027364125
861 876 920 946 0.026184417
971 827 1004 874 0.025838858
632 734 662 773 0.025544366
767 624 803 668 0.025425592
425 712 471 766 0.025268735
789 6 825 41 0.025042787
547 542 575 578 0.02475625
747 304 774 343 0.024598652
-13 58 133 264 0.024437126
574 717 601 752 0.023803951
367 269 407 322 0.023629043
650 335 688 385 0.023202544
44 457 146 599 0.022554928
626 680 656 716 0.022528598
631 622 661 658 0.02241407
143 102 186 157 0.022315307
671 288 741 369 0.022310048
425 500 464 549 0.022295225
420 435 466 491 0.022159997
513 677 544 713 0.02078803
682 619 712 655 0.020622913
588 192 627 246 0.020453328
15 640 69 721 0.020160723
506 283 543 335 0.020135611
