21_Festival_Festival_21_976
24
533 267 590 339 0.56575334
812 97 857 154 0.5306944
465 48 494 85 0.1773882
869 40 896 75 0.09326005
330 5 363 39 0.062742196
864 1 899 40 0.061625414
716 42 745 79 0.05202698
372 91 408 135 0.049250294
762 43 789 77 0.04346194
749 21 774 54 0.038092647
359 68 391 109 0.03679173
517 4 545 33 0.032629304
793 66 823 105 0.028221758
710 113 741 152 0.028046958
312 20 338 50 0.027998932
684 147 730 200 0.026338251
888 19 916 56 0.026047194
417 116 456 164 0.025311863
761 149 792 188 0.024629464
742 47 769 82 0.024304418
846 18 878 60 0.024165655
819 44 846 80 0.024055345
405 46 441 87 0.0239877
540 75 571 113 0.022943169
