21_Festival_Festival_21_275
107
285 228 331 287 0.39126223
251 277 283 318 0.34501797
-2 201 50 281 0.2392518
149 286 191 338 0.23638941
374 281 410 325 0.21218923
124 319 162 366 0.19732814
293 323 329 368 0.17661706
519 322 545 354 0.12456661
410 256 441 296 0.12141854
542 272 570 307 0.1116283
542 529 565 559 0.07967551
690 460 713 489 0.07390187
538 309 564 342 0.07132411
272 609 308 653 0.06892883
434 268 465 305 0.061372377
401 344 436 387 0.05725008
207 426 238 468 0.054186095
34 225 93 291 0.05202396
612 505 635 534 0.04780365
505 567 532 600 0.047629688
250 154 280 192 0.045893993
717 309 741 336 0.04483614
460 260 486 293 0.04465543
699 278 721 307 0.044100408
335 609 367 650 0.043647867
285 151 312 188 0.043404408
647 228 673 260 0.04218744
587 285 612 316 0.042015973
698 307 720 334 0.0414181
649 333 671 361 0.04024693
459 356 485 389 0.039359383
515 255 542 289 0.039231736
612 304 635 332 0.038624644
113 274 175 351 0.03773556
561 331 584 358 0.03762584
386 254 417 294 0.037319023
327 278 358 317 0.036083974
696 361 720 391 0.035784494
648 307 670 333 0.035004478
458 330 484 363 0.03455761
491 275 519 308 0.034552194
668 38 708 86 0.034544352
379 320 421 369 0.034533393
288 35 322 78 0.03396099
438 349 466 386 0.033349033
454 379 481 414 0.033028387
595 491 617 520 0.032854043
488 325 517 359 0.032777026
356 583 387 623 0.032629047
508 226 535 258 0.032569844
559 532 583 563 0.031763285
976 331 996 358 0.03151927
308 457 336 491 0.03140059
950 394 976 427 0.030721426
641 205 666 237 0.030547492
571 384 597 416 0.030177137
673 466 697 497 0.029520037
248 584 280 624 0.02880463
385 177 413 214 0.028799964
453 427 482 464 0.028267814
270 399 302 444 0.027348733
197 344 232 388 0.026816625
442 405 469 440 0.026592255
664 308 687 335 0.02631538
644 481 668 511 0.025886958
593 335 617 361 0.024908917
174 316 210 357 0.02481862
925 339 947 367 0.02474544
697 330 719 357 0.024618525
719 328 743 356 0.024375355
126 217 165 269 0.024300357
272 505 304 544 0.02425961
875 334 896 361 0.023984717
788 202 812 231 0.023971118
385 229 413 263 0.023888795
725 410 746 437 0.023865163
794 99 820 133 0.023625238
957 309 979 338 0.023597406
230 253 263 295 0.0235265
302 167 333 204 0.023371806
325 432 351 465 0.023312489
557 302 584 335 0.023179837
194 296 225 335 0.023131054
256 227 286 268 0.023102693
381 610 417 655 0.022892991
390 149 414 181 0.022659477
300 610 333 653 0.022510527
818 401 844 432 0.022148302
564 257 592 292 0.022001842
405 194 436 231 0.021988302
359 405 387 441 0.021711122
518 380 543 410 0.021703077
230 480 260 515 0.021493165
798 403 820 431 0.021186497
481 505 507 538 0.021165108
950 225 972 255 0.021126099
225 226 254 263 0.021010505
694 440 716 468 0.020979555
1000 379 1022 413 0.020974064
247 191 279 232 0.020886565
162 242 215 302 0.020696873
281 480 310 514 0.02065903
730 28 775 79 0.020492202
615 334 639 361 0.02034172
521 512 548 546 0.020283999
434 202 464 237 0.020180563
351 250 387 292 0.020009527
