21_Festival_Festival_21_225
43
626 468 676 533 0.94728047
492 205 583 297 0.9441456
748 276 798 341 0.8814249
843 301 897 371 0.87641466
665 206 712 266 0.8440438
380 442 429 504 0.70864284
21 471 67 537 0.30552152
264 705 304 752 0.18167971
599 685 637 735 0.14348449
345 698 387 753 0.13367248
33 539 81 603 0.124899685
378 356 419 409 0.08718054
255 657 289 699 0.08648484
163 373 193 410 0.062511735
227 685 254 720 0.048312943
165 112 250 208 0.04456181
273 627 306 669 0.044509158
954 243 984 284 0.043937054
399 659 444 713 0.038508203
839 237 874 280 0.035865147
217 353 256 399 0.033163372
330 386 368 437 0.02982966
842 712 888 764 0.029818656
401 401 444 454 0.029686261
578 421 622 481 0.029654665
746 522 787 572 0.029246548
210 404 240 442 0.029206213
433 353 472 404 0.028201068
323 430 360 476 0.027818091
984 354 1022 411 0.027094066
366 662 432 742 0.027059445
430 637 462 677 0.026393248
992 294 1025 343 0.02565751
625 706 672 759 0.024887484
128 196 246 311 0.024846524
283 330 319 375 0.024638962
660 699 720 761 0.023956118
298 631 331 674 0.022547085
917 554 955 602 0.022004781
417 236 462 293 0.021665862
421 448 457 497 0.020838857
123 712 158 755 0.02058465
252 324 345 440 0.020048093
