21_Festival_Festival_21_378
67
745 286 775 323 0.14023174
953 231 977 263 0.086642854
621 229 642 255 0.075491406
234 283 258 314 0.071572125
260 201 280 227 0.061195668
816 209 840 240 0.06084846
832 277 859 312 0.059823226
635 302 663 335 0.055463985
148 204 172 233 0.054260004
386 204 406 230 0.05222953
32 227 55 255 0.050431747
411 283 433 311 0.049448226
637 230 657 255 0.047092702
716 233 742 265 0.046434946
898 282 923 314 0.044535678
737 251 761 280 0.04362986
561 225 582 250 0.042231936
282 203 305 232 0.04170737
641 349 668 384 0.041426208
437 226 458 252 0.04110977
994 231 1017 266 0.039513215
432 283 453 310 0.03488601
314 273 339 305 0.034874305
252 250 274 278 0.034746367
542 230 562 254 0.0329651
362 203 384 231 0.03260827
130 221 152 248 0.031457882
233 233 255 261 0.031224282
561 278 583 306 0.030691862
200 202 222 229 0.030236686
966 242 993 276 0.030082272
203 251 225 279 0.029856501
925 229 950 261 0.029788552
643 252 668 282 0.028759696
672 224 693 250 0.028367976
201 180 224 207 0.02811226
870 227 894 258 0.027445426
306 207 329 237 0.02729131
688 284 711 312 0.027142463
102 207 122 235 0.026955968
642 128 664 156 0.026732912
589 176 611 204 0.02644853
462 303 485 331 0.026400637
363 225 384 252 0.026046783
334 225 357 254 0.026014697
84 207 107 235 0.025937146
919 283 947 318 0.025200011
61 330 92 367 0.024687594
427 386 452 415 0.024596129
792 281 819 316 0.024585778
2 173 25 210 0.024122737
184 230 205 256 0.024117047
30 250 55 280 0.023844546
770 229 794 258 0.023618996
897 228 921 258 0.023236409
538 255 562 283 0.023218349
434 258 454 282 0.022289965
416 175 440 205 0.022281475
186 252 209 282 0.02136407
695 228 718 257 0.021324888
691 210 711 236 0.021115107
794 225 819 257 0.020969344
667 300 693 331 0.020834986
311 179 334 207 0.020671675
154 260 177 287 0.02064196
49 279 73 309 0.020176753
591 204 613 232 0.020124556
