21_Festival_Festival_21_585
39
562 64 619 131 0.42757457
566 154 611 208 0.11026764
506 165 546 218 0.107889034
329 589 359 629 0.102035604
56 352 81 383 0.09144228
760 113 808 169 0.05261914
200 457 226 490 0.049725927
693 164 729 212 0.048594605
252 513 279 546 0.042105097
386 93 418 137 0.03980272
353 484 377 513 0.036935408
540 409 566 444 0.03550952
119 325 151 367 0.03364293
444 511 468 543 0.033396944
238 434 263 464 0.03266022
452 483 477 515 0.032286577
346 114 385 167 0.03178686
507 455 530 486 0.031779636
407 528 432 560 0.031388897
270 593 299 629 0.02989046
718 124 750 165 0.02881134
410 405 436 437 0.02834224
233 486 262 522 0.028110377
484 533 510 566 0.027813483
248 454 276 489 0.027205085
388 483 410 510 0.026155928
505 510 532 545 0.025109144
58 282 86 318 0.025010796
284 413 307 442 0.02382082
733 175 788 254 0.023458283
737 316 817 420 0.023116643
477 215 507 254 0.022961153
188 328 214 361 0.02254148
988 295 1022 352 0.022256456
392 515 416 545 0.021559477
404 459 429 488 0.021018479
281 512 307 546 0.020747824
134 457 165 497 0.020505013
350 512 375 542 0.020502893
