21_Festival_Festival_21_97
54
242 48 280 98 0.73041505
133 603 176 657 0.7109183
265 613 301 661 0.32603398
812 548 877 624 0.25746548
498 685 528 723 0.14648625
504 580 536 621 0.097947165
205 565 257 631 0.09395785
652 838 682 877 0.063377865
440 691 464 720 0.060581297
848 970 892 1017 0.058889057
810 653 878 741 0.057932056
389 683 417 717 0.057119273
364 296 393 334 0.0415692
646 739 672 775 0.040621385
401 710 428 742 0.040404968
586 684 612 716 0.03748
802 964 851 1015 0.037323058
103 626 136 671 0.037191093
740 729 774 778 0.035149425
100 2 135 43 0.03505891
860 596 900 650 0.03489219
94 657 127 702 0.03488697
606 739 634 775 0.034685995
124 652 165 705 0.034420393
661 679 687 715 0.033504426
538 640 564 674 0.03308292
279 670 314 719 0.031684153
269 834 302 876 0.030525427
777 944 822 993 0.030450469
362 3 394 40 0.030324852
453 635 481 670 0.030254466
454 711 480 741 0.029734239
401 663 429 697 0.028906263
409 634 435 668 0.02847949
439 662 464 693 0.028361242
834 506 887 566 0.027532874
217 646 253 696 0.02735183
346 737 382 779 0.027174432
537 686 561 718 0.026876768
457 890 488 930 0.025421461
347 683 379 720 0.024806093
732 1 839 112 0.023975039
16 546 101 664 0.022748359
647 816 672 848 0.022686126
170 599 207 649 0.022482326
374 241 401 279 0.02192038
96 555 130 600 0.021577835
177 643 217 697 0.021466501
119 6 158 54 0.021140343
411 121 443 161 0.020859834
432 764 467 806 0.020797366
803 786 847 839 0.02067664
641 895 669 930 0.020510653
943 939 988 997 0.020022748
