21_Festival_Festival_21_42
167
441 1154 474 1194 0.36463016
513 1125 545 1163 0.17894009
162 1227 195 1270 0.1221207
683 875 714 913 0.121192165
615 1130 646 1168 0.12112541
686 1228 717 1266 0.11801439
645 1150 677 1191 0.10531675
65 1224 100 1265 0.10401387
348 1018 377 1055 0.09855923
720 1159 751 1196 0.095534384
107 1160 137 1195 0.09148474
534 1288 568 1329 0.08915734
415 1256 450 1302 0.0859621
640 920 671 957 0.085951835
645 994 673 1028 0.08577211
441 984 472 1023 0.08539514
607 1193 639 1232 0.078983724
755 1297 787 1335 0.07815423
361 1297 396 1339 0.07367555
69 1259 104 1303 0.070073254
711 1223 742 1261 0.0676999
655 888 683 924 0.06453289
178 1121 211 1161 0.06372768
720 1257 750 1294 0.06290912
585 918 613 952 0.061833557
523 1263 554 1301 0.060013637
613 1091 646 1129 0.0581435
725 952 753 988 0.057587698
689 1090 715 1123 0.056845907
439 958 468 993 0.05608141
237 1010 269 1049 0.05566351
613 886 641 921 0.05557641
678 1301 719 1346 0.05481151
644 1058 671 1093 0.05364211
380 1158 412 1197 0.05271298
713 1130 743 1165 0.052098617
723 1193 755 1230 0.05200623
851 1229 884 1272 0.05087313
168 1023 203 1065 0.050727654
718 1301 753 1341 0.049987797
690 1125 720 1163 0.04943228
541 1121 571 1161 0.048592135
757 1228 786 1265 0.048216768
621 992 651 1030 0.04676104
519 993 548 1030 0.04612428
42 1203 75 1243 0.046040665
543 991 572 1027 0.045911707
582 1220 614 1259 0.045878056
720 854 749 893 0.045607857
648 957 676 991 0.04534329
751 958 779 993 0.04487664
779 1257 812 1297 0.04487138
950 1158 980 1197 0.04458077
585 1259 617 1297 0.044100698
688 1198 717 1233 0.044079058
643 1021 671 1055 0.043545723
136 1055 165 1091 0.043188453
513 1091 547 1130 0.042991333
303 1304 337 1344 0.042093195
760 1095 787 1129 0.040956307
662 1230 693 1269 0.040857438
277 1185 312 1226 0.040052205
587 851 616 888 0.040001143
586 1156 618 1195 0.039520364
657 1257 691 1297 0.03919137
622 1062 655 1102 0.038160313
96 1259 129 1301 0.038127948
470 1158 506 1200 0.038043328
755 1262 786 1300 0.037908185
345 1055 377 1093 0.03768982
379 1191 410 1227 0.03721364
101 1191 131 1227 0.03702716
486 1125 517 1164 0.03688419
592 1125 622 1163 0.036585294
422 1127 452 1165 0.03618126
107 1053 136 1090 0.03614788
751 888 780 925 0.036101475
105 1090 137 1130 0.035894744
823 1304 856 1340 0.03569368
784 1097 811 1132 0.035077892
109 1131 141 1168 0.03457712
23 1129 58 1173 0.034331236
684 986 712 1020 0.03428482
442 925 472 961 0.033951454
617 955 645 990 0.033924196
448 1096 477 1131 0.03339512
271 1225 308 1269 0.03338534
591 889 618 923 0.03313088
139 1191 171 1231 0.033094276
200 1097 229 1134 0.03304521
314 993 345 1032 0.03261987
440 1287 478 1333 0.03255741
607 1222 639 1261 0.032195676
72 1028 100 1065 0.031332728
339 1092 369 1127 0.03099813
470 1255 507 1298 0.030869693
276 1063 306 1102 0.030854147
164 1195 197 1235 0.030522566
267 920 297 958 0.029993718
584 1022 612 1058 0.029681902
303 1163 336 1205 0.029206846
658 856 687 893 0.028719423
778 1295 813 1334 0.02833312
205 991 237 1032 0.0282917
858 1048 887 1085 0.02828948
554 1197 583 1233 0.027907135
477 990 512 1033 0.027789833
81 1159 111 1196 0.027484087
377 1265 409 1305 0.027312957
791 1021 821 1058 0.027193617
549 1019 579 1055 0.027133768
592 1291 625 1331 0.027118662
173 1154 208 1196 0.02699331
760 986 788 1021 0.02655577
343 1153 378 1196 0.02653806
821 987 848 1022 0.026434219
922 1121 954 1163 0.026028613
850 1192 881 1229 0.025713978
824 1095 856 1135 0.025671951
948 1221 983 1268 0.02546865
688 1157 718 1195 0.025308944
412 1020 445 1060 0.025280971
686 960 715 995 0.025230695
508 1227 540 1264 0.024890058
244 1091 274 1128 0.02482383
416 1098 449 1137 0.024362152
23 1088 55 1128 0.023922648
827 1166 857 1204 0.023909798
467 1294 511 1342 0.023877535
827 1228 861 1275 0.023743538
786 959 814 994 0.023510236
900 1095 931 1133 0.023427067
818 1025 846 1061 0.023355506
476 1064 507 1101 0.02330475
586 955 614 990 0.023269262
516 791 544 825 0.023018425
141 1245 178 1292 0.022842938
0 1298 38 1352 0.022730963
954 1129 985 1171 0.022621756
544 1091 576 1132 0.022469094
551 956 580 994 0.02236276
268 989 300 1031 0.022302752
211 1188 242 1227 0.022150967
590 1095 623 1136 0.022134695
782 1158 819 1203 0.02206536
743 1166 775 1207 0.021986667
73 1130 105 1170 0.021949347
949 954 981 996 0.021925412
545 887 574 923 0.021899393
923 914 951 952 0.021870492
899 917 928 952 0.0217581
438 753 468 789 0.021733295
519 854 548 890 0.02148619
551 920 581 957 0.021463905
197 1292 233 1335 0.021405244
197 1259 229 1301 0.021307383
32 1316 73 1362 0.021270389
443 778 473 813 0.021245757
548 1159 579 1198 0.021148415
376 1091 409 1130 0.020830559
886 1189 917 1227 0.02080209
248 956 280 993 0.020664334
510 1195 541 1232 0.020559998
373 918 404 956 0.02051145
76 1092 107 1131 0.020433739
303 1059 335 1099 0.020334015
238 1304 274 1344 0.020202579
