21_Festival_Festival_21_107
198
185 237 225 283 0.3310245
453 150 483 188 0.25216055
485 200 513 236 0.24806204
353 99 379 133 0.23007822
604 191 635 229 0.22351916
263 299 297 342 0.21779686
511 252 539 287 0.21246737
400 202 427 236 0.20105515
594 124 619 156 0.1951154
365 394 401 439 0.18813396
385 254 413 289 0.18803594
357 323 388 362 0.17170124
609 28 633 59 0.16528404
608 251 640 288 0.1648259
275 227 301 261 0.15325846
505 123 528 153 0.13974531
49 118 73 148 0.1375636
564 231 589 261 0.12961632
170 334 213 386 0.12554052
539 150 569 190 0.12209394
387 157 411 186 0.12181813
174 155 205 192 0.11895319
484 71 509 103 0.10477632
253 177 277 209 0.09910757
329 147 358 185 0.09906611
535 80 559 110 0.09356797
517 73 541 106 0.090628535
589 231 617 263 0.08474201
79 124 103 154 0.084704936
541 18 567 50 0.081915215
504 173 530 204 0.078687035
304 274 334 309 0.07733123
538 225 563 256 0.077132165
614 325 642 360 0.07647738
275 201 300 234 0.07628431
271 353 304 394 0.07458434
486 246 516 283 0.074420236
255 97 277 126 0.07435831
491 97 515 128 0.072142646
635 254 664 290 0.072026625
194 208 227 246 0.07019951
377 53 402 85 0.06963671
390 349 425 390 0.069466956
715 283 740 313 0.06945904
713 73 736 104 0.06910005
202 153 226 184 0.06679684
694 230 719 262 0.0666931
666 301 692 334 0.06509466
462 21 487 50 0.06496059
100 170 127 203 0.06037366
305 345 338 385 0.059634086
695 284 718 312 0.059573993
713 386 742 422 0.057196636
531 274 559 308 0.056672763
149 223 178 261 0.056522507
258 151 281 181 0.056488965
564 277 592 310 0.056485243
122 298 154 339 0.056129184
324 425 353 462 0.056087468
356 225 383 259 0.055489115
381 99 407 134 0.055452995
205 99 227 126 0.05524932
30 117 55 149 0.053315453
303 130 326 158 0.052421413
401 268 433 308 0.051635657
713 229 743 265 0.049840245
638 232 660 259 0.04873408
639 355 663 386 0.048202585
332 304 363 341 0.04777154
430 127 456 161 0.04753887
742 279 770 313 0.04736359
431 224 458 257 0.04683903
383 306 410 341 0.04683114
39 257 78 307 0.046531364
409 98 434 131 0.046380702
511 17 538 49 0.04563349
279 146 304 178 0.045233876
233 152 255 182 0.045106865
691 325 719 360 0.0447594
134 203 159 234 0.04469028
461 281 493 319 0.04445385
405 75 428 104 0.044114713
307 407 337 445 0.044088934
658 149 683 181 0.043972444
256 128 280 158 0.04384146
560 49 583 79 0.043517314
561 172 588 206 0.042858563
485 144 515 181 0.042361088
745 350 770 381 0.042150166
562 126 590 159 0.04198423
436 425 466 463 0.041806743
639 74 663 105 0.041383848
364 246 392 281 0.041352987
403 301 430 334 0.04091637
562 203 590 237 0.04034157
648 127 674 161 0.04019995
357 146 382 179 0.039913304
644 181 666 210 0.03956684
152 79 174 110 0.039529905
302 4 329 33 0.039321333
662 256 687 286 0.038683146
576 377 607 413 0.038578887
323 374 354 413 0.038332906
75 199 105 236 0.038167205
150 132 174 162 0.03796576
387 226 412 257 0.037891574
399 173 425 206 0.037622254
312 172 344 213 0.03732301
155 403 186 442 0.037252262
559 98 583 127 0.03713586
337 81 362 114 0.03703912
587 269 620 307 0.03662811
662 175 685 204 0.03634687
152 47 173 75 0.03624
273 402 306 441 0.035686158
323 252 352 287 0.035211716
509 101 535 133 0.034551945
98 129 122 158 0.03436739
639 409 667 448 0.03431913
64 352 101 392 0.03424776
182 96 206 126 0.034033507
437 51 462 83 0.033956494
462 49 488 81 0.033890102
476 328 514 372 0.03328734
511 294 540 329 0.03327782
231 297 259 338 0.033011913
307 76 333 111 0.032724675
631 51 654 80 0.032646403
323 456 355 498 0.032544006
57 13 87 51 0.032435764
235 97 258 127 0.032371957
567 402 597 438 0.03213242
590 41 619 77 0.0320022
281 96 306 127 0.03195986
375 458 402 494 0.031879462
395 374 429 417 0.031799685
83 149 111 184 0.031773098
608 3 634 30 0.03176764
559 301 590 338 0.031761467
1 249 35 297 0.030867727
588 304 617 340 0.030787256
9 96 33 131 0.030725578
121 350 154 395 0.030561678
470 225 498 260 0.030249963
607 147 634 178 0.030054945
693 355 721 389 0.029851401
95 226 128 266 0.029666502
661 206 685 236 0.029500699
692 209 715 238 0.029273475
270 460 306 501 0.02921017
74 50 101 84 0.029115522
430 251 459 286 0.028511569
274 175 302 211 0.028354082
584 433 619 474 0.028330235
688 94 714 126 0.028071588
75 250 108 290 0.027936742
555 354 597 401 0.027876776
-2 146 21 180 0.027785495
744 79 767 108 0.027534075
640 303 668 339 0.027530719
617 349 646 385 0.027392766
798 305 822 335 0.027333524
361 276 388 310 0.026709765
22 607 48 638 0.02660118
124 175 150 208 0.026292643
542 332 576 372 0.02623592
528 401 557 435 0.026036901
719 47 742 77 0.025735874
740 254 766 284 0.024830988
689 22 716 55 0.024722803
228 251 253 284 0.024625976
231 569 265 612 0.024539815
482 21 509 53 0.024515187
461 95 487 127 0.024127014
747 155 771 186 0.023988208
406 48 432 81 0.02397969
540 124 565 156 0.023708219
149 301 192 353 0.023542635
761 333 786 364 0.023495417
645 95 669 126 0.02319773
225 345 254 386 0.023067495
736 380 763 415 0.022976235
670 18 696 50 0.022839567
666 75 692 108 0.022830863
91 369 127 410 0.022753965
382 23 410 58 0.022669375
194 303 234 350 0.02252215
405 22 432 54 0.022110155
194 474 234 517 0.021963542
614 380 639 412 0.021888306
738 228 763 259 0.021673186
299 230 329 266 0.021652604
583 75 613 111 0.021520134
223 225 250 261 0.021421552
657 355 686 391 0.021371689
129 77 154 110 0.021211712
125 241 158 283 0.021097481
363 172 389 206 0.02107614
