21_Festival_Festival_21_811
33
747 253 778 291 0.45957333
600 251 629 290 0.36885995
484 270 520 315 0.28263083
770 307 798 342 0.094592296
352 345 384 385 0.08767049
374 353 407 392 0.080922596
510 294 538 331 0.07931599
405 376 431 410 0.062262416
529 278 556 314 0.0576339
374 325 404 361 0.054220866
789 459 815 493 0.049122497
537 333 561 364 0.045080762
883 279 912 314 0.039413646
646 351 673 384 0.03676505
539 381 562 410 0.032155693
482 321 514 359 0.030595323
607 352 634 387 0.029395908
737 320 767 358 0.028298816
735 250 794 320 0.027710808
335 369 362 406 0.027135508
460 325 491 363 0.027068071
720 305 749 341 0.026729245
566 276 593 310 0.026056498
431 377 457 410 0.025920574
590 330 614 362 0.024192302
657 330 684 364 0.023298759
687 481 714 515 0.02299331
228 382 264 426 0.022039322
556 354 582 387 0.021920424
532 403 562 441 0.021649899
586 298 613 331 0.021285607
666 475 691 509 0.020792926
660 378 687 413 0.020094024
