21_Festival_Festival_21_943
63
406 317 439 356 0.19723685
669 204 700 242 0.14315483
261 302 291 342 0.13385195
410 353 445 393 0.09337983
589 288 629 333 0.08352538
216 372 249 417 0.07595379
237 197 261 230 0.067965284
197 197 221 228 0.06633609
74 197 99 229 0.06587354
3 138 42 200 0.06496843
479 285 526 337 0.063727885
619 207 643 239 0.06263715
384 269 421 315 0.059649587
439 192 469 227 0.05741418
255 183 276 210 0.055918016
508 264 581 342 0.05557818
102 228 126 258 0.050862897
563 219 595 257 0.05026212
185 185 207 211 0.04309964
52 196 78 232 0.04183049
381 202 407 234 0.040998988
720 201 744 233 0.038860656
439 225 472 263 0.038336456
456 248 491 289 0.037970755
433 305 462 346 0.03752103
107 181 128 209 0.03591325
638 204 664 240 0.034894027
659 272 724 341 0.033502746
155 227 181 262 0.03311138
357 334 385 369 0.032071177
337 256 366 291 0.032059733
513 194 543 231 0.031791776
873 278 902 313 0.029751832
588 201 616 236 0.029516751
281 178 305 207 0.029305553
253 249 279 281 0.029052652
452 116 481 156 0.028209276
916 277 943 309 0.027766682
203 225 227 256 0.027671507
741 197 765 228 0.026796281
335 346 366 386 0.026789032
329 306 357 340 0.026332175
457 316 489 357 0.025490915
19 191 52 239 0.025298966
129 233 154 264 0.025295569
306 305 337 343 0.02525935
125 195 149 226 0.024248106
353 269 387 311 0.024225198
487 179 513 211 0.02357035
475 426 506 465 0.023065384
233 305 260 339 0.022855321
377 351 409 388 0.022508254
331 199 356 231 0.022468403
313 178 335 207 0.02243864
309 384 338 422 0.022395574
256 358 284 396 0.022163806
161 201 185 232 0.021827381
190 449 228 496 0.02163235
919 251 946 285 0.021324022
81 221 108 255 0.020985205
531 216 568 259 0.020454112
331 226 356 257 0.020296955
79 257 105 288 0.020089822
