21_Festival_Festival_21_219
24
565 278 646 388 0.9905794
949 358 982 397 0.07384609
951 282 978 314 0.051630013
738 360 767 396 0.049380727
900 334 929 367 0.047946543
823 358 849 391 0.04484063
898 280 927 314 0.04303417
918 254 941 284 0.041779872
757 183 790 224 0.037133314
862 331 893 367 0.03629514
617 231 647 269 0.03519794
769 381 797 416 0.034819517
990 270 1018 312 0.0329532
874 282 899 313 0.029631725
789 354 814 388 0.027063211
537 175 564 212 0.02701686
922 302 949 333 0.02644505
895 233 920 265 0.026033925
302 267 333 307 0.025945472
865 303 891 333 0.023922522
824 280 847 310 0.02380921
259 356 292 396 0.022037875
65 244 112 295 0.021446398
776 335 799 364 0.021272816
