21_Festival_Festival_21_797
42
636 136 745 269 0.9760985
419 205 473 273 0.8803649
782 259 847 342 0.5459898
179 273 225 334 0.35039118
315 319 365 380 0.3154035
504 250 563 325 0.25269768
280 441 327 502 0.2437323
137 63 181 118 0.22197837
431 362 484 426 0.2176072
302 180 355 246 0.18140376
271 295 311 349 0.13497327
77 251 126 314 0.12266575
86 280 153 362 0.11181383
830 160 876 216 0.10215838
272 61 323 125 0.097685724
107 155 151 206 0.085652456
128 444 171 498 0.07804484
381 300 429 364 0.058699835
92 213 147 282 0.057478864
867 145 910 204 0.05299419
386 141 427 192 0.046018858
102 345 152 410 0.04463037
77 174 123 231 0.04407056
796 38 846 97 0.042080604
679 68 729 128 0.040421158
34 257 124 382 0.037581004
290 251 339 311 0.035759497
43 155 81 203 0.035700593
494 171 540 236 0.03464794
906 142 954 209 0.032693684
122 96 173 157 0.029516818
68 447 110 501 0.028643617
377 186 428 253 0.024597153
714 2 761 52 0.023877025
130 184 184 250 0.023033518
58 519 105 578 0.022834852
177 4 224 57 0.022286698
679 5 726 55 0.021986088
126 262 217 374 0.021812575
640 70 691 131 0.02148225
221 290 269 352 0.02117456
447 288 497 350 0.020246016
