3_Riot_Riot_3_306
27
265 139 61 69 0.99955875 
745 81 62 89 0.9995431 
479 189 59 64 0.998609 
655 172 77 68 0.9951462 
915 64 76 83 0.9942908 
147 152 18 24 0.9444915 
473 136 37 47 0.9313378 
323 128 22 29 0.900345 
236 184 36 48 0.81260085 
291 233 35 75 0.7169437 
181 150 17 23 0.64438164 
5 7 101 163 0.38143405 
840 130 12 16 0.089613 
447 220 36 46 0.06546089 
614 101 15 17 0.0585027 
542 311 65 75 0.051125072 
475 152 45 54 0.04931865 
552 91 11 13 0.047664512 
522 78 10 13 0.044919573 
485 104 14 17 0.035959493 
413 145 24 26 0.033483636 
106 173 16 23 0.029586332 
555 126 13 16 0.028819773 
205 144 15 19 0.028299998 
556 88 11 15 0.026620204 
72 205 12 14 0.024663221 
403 139 22 28 0.021823289 
