3_Riot_Riot_3_958
64
236 10 27 36 0.9983822 
137 4 27 33 0.9975274 
520 45 27 34 0.9973494 
108 30 27 33 0.9972671 
567 112 52 67 0.9967512 
53 23 26 33 0.9967154 
373 34 25 31 0.99652976 
13 6 38 47 0.9959811 
773 39 31 35 0.99559337 
66 3 28 33 0.995503 
864 19 36 43 0.9944366 
924 73 25 35 0.993573 
822 47 27 29 0.9917629 
403 23 37 52 0.98807216 
708 30 25 35 0.9860654 
951 57 26 39 0.98593545 
336 36 22 29 0.98460037 
497 32 24 30 0.98068637 
667 56 20 27 0.9783609 
314 36 19 28 0.95052344 
209 28 23 26 0.93888944 
457 36 22 32 0.9218003 
290 40 16 21 0.8715121 
397 18 25 37 0.845049 
606 48 16 19 0.84345055 
971 18 20 28 0.7408965 
183 25 17 20 0.723711 
308 31 19 29 0.69519055 
483 48 17 23 0.6793592 
171 33 14 19 0.643538 
754 66 19 22 0.6125159 
635 61 12 15 0.35442764 
580 51 22 26 0.32278252 
304 29 16 21 0.23415674 
962 17 19 24 0.21971168 
471 39 20 30 0.15377071 
646 66 13 17 0.1505616 
-2 18 17 35 0.13920483 
307 2 16 17 0.13592367 
597 47 19 24 0.11200962 
573 51 17 21 0.08362066 
546 30 22 26 0.070449606 
630 60 21 25 0.06853655 
1014 45 11 19 0.06849747 
749 59 16 20 0.055100292 
223 21 24 29 0.049063098 
756 52 15 18 0.047595255 
638 57 10 12 0.045400668 
958 10 19 22 0.04268637 
1007 84 15 19 0.041406367 
702 51 14 18 0.03759057 
392 22 17 24 0.033436734 
750 6 21 28 0.03279209 
467 30 15 19 0.032118186 
562 45 20 27 0.030164871 
651 63 12 15 0.027125966 
397 55 16 22 0.02701311 
632 56 12 15 0.025364403 
758 57 23 29 0.024774233 
740 57 17 20 0.023724534 
1012 56 12 21 0.022435844 
977 13 17 23 0.021074137 
767 47 15 22 0.020871699 
529 38 27 35 0.020031422 
