3_Riot_Riot_3_790
30
206 275 25 32 0.9950717 
786 249 17 23 0.9858725 
987 273 16 19 0.9681218 
812 268 20 22 0.9677232 
483 261 11 15 0.9557247 
245 252 16 22 0.9338947 
929 274 14 17 0.91648394 
513 260 16 18 0.8911252 
262 241 14 17 0.87495524 
327 260 14 17 0.7964167 
432 273 14 15 0.7279169 
348 419 42 42 0.27502686 
846 265 13 16 0.1899218 
894 268 10 12 0.09089047 
217 254 14 16 0.06911707 
255 238 15 17 0.06001808 
851 262 12 15 0.058892205 
839 259 12 16 0.056236524 
985 253 11 14 0.053187113 
213 257 20 25 0.050079517 
332 313 13 16 0.044881485 
432 288 13 16 0.038992792 
407 607 10 12 0.03808602 
391 280 8 10 0.031757325 
845 273 14 16 0.030911177 
774 251 14 18 0.027618624 
332 272 13 17 0.026269807 
510 284 13 18 0.02609223 
1011 264 12 21 0.025401209 
447 286 11 14 0.020717815 
