3_Riot_Riot_3_123
39
592 469 66 74 0.9967294 
895 348 20 34 0.90892196 
318 395 19 22 0.5169534 
999 300 19 34 0.4901339 
988 275 12 15 0.27876037 
273 431 20 32 0.2357324 
827 616 60 103 0.21182907 
943 268 9 12 0.19291231 
927 261 9 10 0.12065543 
632 480 57 72 0.10903907 
989 351 29 48 0.10422726 
904 282 13 16 0.10302236 
646 461 55 66 0.083107844 
972 261 8 10 0.07120954 
959 263 8 10 0.06794469 
950 291 14 20 0.04961509 
952 287 10 15 0.048158318 
986 269 11 14 0.047647264 
988 263 11 14 0.04732694 
234 398 27 28 0.046264667 
837 585 61 74 0.045505192 
1001 311 21 42 0.04084721 
913 245 7 10 0.04076934 
515 369 24 30 0.035330065 
994 267 13 17 0.03441786 
689 484 35 47 0.032450538 
651 509 38 48 0.02910763 
394 421 25 28 0.027633019 
960 268 9 12 0.027377846 
920 264 8 10 0.026327498 
917 269 8 11 0.025822166 
967 271 9 13 0.025301507 
935 262 8 11 0.024699043 
992 274 15 18 0.023611898 
913 264 8 10 0.023282934 
921 284 10 16 0.02306607 
534 479 46 64 0.022561602 
982 280 13 17 0.021670744 
965 246 8 10 0.021655211 
