3_Riot_Riot_3_393
21
444 130 37 45 0.99507576 
787 154 15 18 0.9755005 
727 178 12 15 0.96326745 
540 119 27 30 0.95601207 
222 131 18 19 0.9483342 
125 141 14 17 0.9479497 
853 173 11 14 0.9188681 
168 157 9 12 0.9143706 
342 152 13 16 0.82317924 
632 128 24 42 0.6085281 
193 149 8 11 0.28275356 
673 158 10 14 0.2620301 
325 122 16 25 0.17098413 
90 123 17 20 0.09921922 
623 135 23 38 0.09643904 
91 308 17 25 0.043088283 
79 114 25 28 0.04226838 
731 222 10 13 0.0405415 
550 121 28 32 0.03877687 
660 216 20 29 0.03682958 
193 155 9 11 0.03274765 
