3_Riot_Riot_3_263
36
866 222 22 28 0.98655486 
419 162 16 22 0.97643846 
388 163 15 23 0.97120553 
477 165 21 26 0.9682694 
546 172 17 19 0.9605908 
7 129 22 28 0.9564097 
436 163 18 25 0.9542775 
925 212 13 17 0.90495354 
858 211 14 19 0.6991792 
426 162 18 25 0.55944806 
525 180 13 15 0.54862505 
349 141 15 21 0.5167324 
277 147 13 17 0.4692779 
858 213 21 28 0.2695298 
487 280 31 33 0.22854272 
205 141 16 20 0.22483791 
348 169 12 16 0.12969501 
864 180 9 13 0.08239386 
519 186 16 20 0.064685576 
872 187 9 11 0.05998293 
537 199 17 22 0.051214296 
775 172 10 14 0.04407959 
361 183 11 14 0.04256135 
869 184 10 11 0.037788883 
474 284 33 37 0.03590826 
520 176 13 14 0.034936726 
502 274 23 34 0.034162723 
842 202 17 30 0.03375875 
876 187 11 11 0.03117105 
403 180 14 18 0.031047493 
651 159 95 104 0.02755425 
531 193 19 24 0.026467476 
342 163 15 20 0.02578744 
1 107 17 20 0.023675611 
319 194 11 13 0.022762831 
0 97 11 20 0.0224612 
