10_People_Marching_People_Marching_2_823
18
359 196 188 261 0.9997584 
232 414 25 31 0.96409047 
797 447 27 30 0.96051985 
947 488 23 31 0.94690096 
990 461 14 18 0.6880665 
967 462 13 15 0.22876658 
878 466 11 15 0.13944685 
689 461 12 14 0.107043475 
675 460 12 14 0.065256014 
650 455 23 29 0.052220564 
220 412 27 30 0.04108005 
665 473 16 18 0.03963933 
954 465 19 25 0.027179768 
204 409 27 29 0.0245494 
143 449 9 10 0.022326233 
845 452 15 19 0.021933744 
747 472 14 17 0.021860283 
949 466 16 19 0.020283902 
