10_People_Marching_People_Marching_10_People_Marching_People_Marching_10_People_Marching_People_Marching_10_933
39
540 155 27 34 0.9907731 
110 199 38 48 0.98345 
981 139 22 31 0.9682768 
518 179 24 27 0.4275981 
233 11 14 18 0.3552384 
279 52 19 27 0.29053783 
735 10 12 15 0.27580664 
239 50 16 20 0.17040911 
793 11 11 15 0.13703206 
531 164 24 31 0.117541276 
717 41 12 18 0.10556133 
751 43 9 15 0.094720095 
812 54 12 16 0.084962115 
760 29 10 14 0.07801098 
741 87 13 19 0.07750314 
547 286 21 22 0.072102316 
222 63 21 31 0.06595288 
16 12 12 17 0.0644156 
671 9 13 18 0.063665725 
229 5 14 19 0.0634277 
231 30 13 16 0.052307114 
788 43 13 18 0.045002423 
181 0 13 10 0.041758917 
949 23 7 10 0.04103153 
246 99 15 19 0.03882298 
288 56 16 21 0.03755724 
221 0 13 12 0.03209058 
1 5 10 16 0.030525442 
753 5 10 13 0.02874868 
247 87 22 28 0.02742037 
316 71 16 22 0.027408058 
724 0 10 12 0.02633895 
773 0 14 14 0.025813077 
266 17 12 16 0.025352992 
5 9 13 16 0.024744032 
796 36 11 13 0.02304206 
12 6 14 17 0.021955462 
821 51 13 17 0.02105514 
730 11 10 14 0.020765688 
