10_People_Marching_People_Marching_2_898
45
675 590 55 65 0.9985843 
511 710 45 56 0.9947338 
796 653 31 33 0.97281647 
259 807 46 52 0.96889806 
444 783 36 40 0.38446674 
889 646 40 44 0.2246061 
382 685 21 27 0.17290515 
327 727 15 18 0.14570302 
377 770 33 36 0.12414169 
443 701 15 17 0.121039316 
867 575 31 35 0.11433661 
474 657 14 18 0.10921611 
243 681 16 18 0.1000185 
383 611 16 21 0.090937115 
444 637 16 21 0.08527016 
607 572 9 11 0.06855199 
587 632 15 17 0.066803426 
322 610 15 17 0.05663255 
173 654 15 20 0.046212472 
414 583 10 12 0.04604452 
457 577 16 18 0.045435905 
325 648 15 19 0.041765634 
374 653 13 18 0.040663663 
728 502 12 14 0.0402639 
299 678 19 24 0.037982944 
212 630 11 14 0.031755213 
283 643 13 16 0.031146118 
385 607 11 15 0.031088116 
324 703 24 32 0.030094823 
361 620 12 14 0.026530745 
853 501 11 13 0.026036335 
379 787 35 36 0.02601518 
362 612 14 17 0.02496386 
557 616 15 17 0.024315264 
852 573 31 36 0.024173016 
221 684 18 21 0.0238939 
546 646 12 14 0.023088189 
233 683 23 26 0.022947272 
528 637 8 10 0.022798711 
498 586 14 17 0.022756323 
918 823 8 10 0.02166333 
828 512 12 16 0.021232642 
420 581 12 13 0.020947546 
344 777 14 21 0.020686485 
541 661 22 30 0.020045618 
