10_People_Marching_People_Marching_2_430
25
166 163 31 37 0.996349 
417 172 28 35 0.9952284 
633 203 42 50 0.9950316 
287 128 30 36 0.99474156 
914 252 33 40 0.9926622 
769 201 39 46 0.9918983 
214 156 22 29 0.97420347 
92 145 18 22 0.6704119 
64 126 21 22 0.23848791 
305 185 25 34 0.23503907 
588 226 24 33 0.16699031 
109 188 18 22 0.15918452 
84 182 26 27 0.09974691 
539 162 46 60 0.06713482 
846 267 37 44 0.05971869 
365 169 16 21 0.057965968 
864 284 26 36 0.054384034 
579 232 33 47 0.04915417 
95 185 23 29 0.03870034 
72 162 19 21 0.037643537 
254 214 34 32 0.036582783 
306 172 26 31 0.035014644 
72 186 33 32 0.029294273 
169 146 28 30 0.023711184 
278 208 28 32 0.021814266 
