10_People_Marching_People_Marching_2_373
450
282 293 35 44 0.99888843 
756 276 34 37 0.9987104 
809 300 36 37 0.99855036 
693 481 44 52 0.9985368 
351 436 49 56 0.99847215 
311 204 31 38 0.99830675 
885 174 30 34 0.99817896 
771 186 28 37 0.99791867 
381 187 29 39 0.9978758 
569 303 29 39 0.9976967 
107 426 42 45 0.9976513 
984 242 31 37 0.99761367 
169 384 34 41 0.99747366 
393 346 37 44 0.9974011 
969 91 26 33 0.99737996 
259 262 30 38 0.99718887 
695 202 31 32 0.997101 
290 469 35 44 0.9970372 
977 438 30 36 0.9969597 
912 150 28 34 0.9969311 
981 150 29 36 0.9967445 
713 173 28 35 0.99674314 
21 322 36 39 0.9964755 
337 167 27 31 0.99634594 
994 79 24 31 0.9961695 
270 96 26 33 0.9961538 
153 345 32 38 0.9959706 
911 228 30 36 0.9959584 
274 364 38 48 0.9959501 
73 472 34 44 0.9959045 
511 413 39 50 0.9958079 
55 304 29 39 0.9957768 
499 94 26 31 0.9957594 
136 314 34 38 0.9957546 
250 464 40 50 0.9957437 
521 258 30 34 0.9957397 
225 309 30 42 0.99571216 
146 504 42 50 0.99556655 
766 114 25 29 0.9955336 
756 335 31 39 0.9955159 
264 137 26 33 0.9953081 
90 377 34 39 0.99530643 
764 496 42 54 0.9952408 
619 112 27 32 0.99515116 
268 202 29 31 0.9950008 
694 238 31 34 0.99499476 
367 383 33 40 0.99488235 
250 401 39 46 0.99481404 
875 99 26 32 0.99466264 
672 437 38 43 0.99465394 
698 338 32 39 0.9945504 
839 156 26 29 0.99452025 
86 186 27 31 0.9942291 
626 466 43 50 0.9941299 
206 260 30 35 0.99407864 
167 286 35 46 0.9938524 
54 541 39 43 0.9937277 
694 295 29 32 0.9933469 
174 500 28 46 0.9931865 
942 207 30 31 0.9931759 
461 327 36 43 0.99315107 
839 75 25 29 0.99289215 
845 238 31 35 0.9928254 
624 176 24 30 0.9926785 
182 121 24 31 0.9920699 
926 120 25 27 0.99172115 
934 72 24 31 0.9915793 
857 295 30 34 0.9915616 
629 292 32 40 0.9914452 
992 475 29 46 0.9913646 
870 402 39 46 0.99134845 
125 386 34 37 0.9909695 
809 145 25 28 0.9907919 
727 87 25 29 0.9906007 
656 139 25 29 0.99050164 
551 389 38 44 0.9901398 
758 234 26 31 0.98994803 
49 258 27 34 0.98955286 
183 435 32 43 0.9895008 
864 134 24 30 0.9892035 
50 52 24 28 0.9890753 
372 106 27 28 0.9885123 
477 39 23 28 0.9878605 
774 145 24 29 0.98733306 
253 164 25 30 0.9871242 
186 15 18 23 0.98688054 
966 189 26 32 0.986736 
332 279 32 35 0.98642236 
814 183 24 31 0.9863213 
121 7 19 21 0.9862044 
920 379 34 44 0.98620063 
345 50 23 25 0.9861529 
47 428 40 44 0.98507375 
790 374 37 41 0.9847616 
164 69 23 28 0.98474264 
952 502 42 50 0.98446727 
817 89 21 27 0.98358387 
795 271 30 33 0.9835052 
314 539 49 44 0.9834589 
797 119 23 29 0.9834238 
20 79 22 31 0.98341376 
207 230 24 32 0.9833692 
575 61 22 27 0.9832876 
285 15 18 24 0.9832751 
678 138 23 30 0.9822488 
547 95 25 27 0.98188937 
304 11 18 22 0.981544 
415 98 22 28 0.981513 
773 88 23 27 0.980907 
928 496 35 48 0.9808142 
994 204 24 29 0.98042893 
411 425 37 48 0.97959006 
612 75 22 27 0.979564 
791 65 23 27 0.97940534 
367 136 28 32 0.97925663 
346 325 28 36 0.9785122 
825 56 22 25 0.9776413 
355 76 21 26 0.9776068 
146 42 19 23 0.97759944 
167 190 27 28 0.9775047 
927 291 29 36 0.97737336 
771 50 19 22 0.9769537 
320 43 20 23 0.97634614 
1003 373 22 39 0.9756389 
242 6 15 18 0.9755127 
57 223 26 29 0.9752133 
699 0 18 17 0.97496617 
206 201 27 32 0.97434616 
396 253 27 29 0.97394365 
872 68 24 26 0.97385466 
158 6 17 22 0.9733383 
330 429 33 48 0.97175884 
656 52 22 26 0.9690899 
100 242 22 28 0.9686327 
115 55 22 26 0.966781 
876 275 30 31 0.96675384 
4 8 19 19 0.9664767 
796 19 17 24 0.9663685 
847 206 27 30 0.96630216 
362 11 15 18 0.9650656 
81 34 19 22 0.96210337 
119 35 20 23 0.96166694 
60 352 29 37 0.9614391 
401 301 27 31 0.96132904 
628 414 28 36 0.9561064 
639 27 20 24 0.95138866 
148 102 24 27 0.94638115 
478 273 24 27 0.9451876 
65 245 25 36 0.9451759 
745 163 22 28 0.9400991 
853 51 20 22 0.9363893 
368 42 17 23 0.93589246 
382 4 20 23 0.9343916 
616 34 19 21 0.9304678 
38 11 16 22 0.9286079 
756 27 20 24 0.9262031 
140 134 23 27 0.9249726 
199 100 22 27 0.92485464 
584 372 27 34 0.9207017 
-1 45 14 24 0.9176072 
410 27 20 24 0.91445285 
522 62 19 23 0.91413736 
229 82 18 23 0.9063575 
822 509 31 42 0.90583324 
134 84 22 27 0.904588 
399 79 23 27 0.90029 
929 51 16 20 0.89394194 
184 63 21 27 0.89134014 
445 41 23 25 0.8913131 
363 259 27 34 0.89065933 
422 51 20 27 0.8869681 
659 17 16 20 0.88684386 
761 77 20 24 0.8843386 
347 24 17 19 0.8794566 
728 4 19 24 0.87541497 
549 45 18 24 0.87366325 
491 22 18 21 0.8658985 
568 84 18 24 0.86020976 
818 38 17 20 0.8588344 
954 284 32 34 0.8490723 
-1 85 19 28 0.8325027 
907 267 27 32 0.8294624 
728 44 20 21 0.8001839 
412 327 30 38 0.789689 
262 76 21 25 0.78937453 
564 0 18 15 0.78002775 
230 539 39 41 0.774236 
15 374 24 35 0.7655155 
509 10 15 20 0.75219756 
900 71 18 21 0.7475774 
175 66 22 28 0.74667627 
406 55 19 22 0.7341104 
444 286 26 35 0.7314814 
939 172 24 26 0.72620857 
456 14 13 15 0.7186646 
679 7 16 19 0.6974177 
801 54 18 20 0.6869231 
12 82 21 29 0.6455178 
341 130 21 26 0.6430219 
992 132 23 28 0.6381101 
497 52 18 23 0.63361955 
887 97 23 30 0.6268402 
448 384 30 39 0.626535 
539 11 17 18 0.5961584 
667 191 27 27 0.59095544 
767 9 15 17 0.5899599 
210 66 17 21 0.5883638 
729 554 42 28 0.5849666 
213 1 15 14 0.5818984 
887 30 15 16 0.5598934 
99 553 33 31 0.55674374 
79 11 14 14 0.54742944 
879 48 17 18 0.53615713 
56 22 13 15 0.52810323 
667 347 28 32 0.5277068 
569 29 17 22 0.5276987 
108 300 24 29 0.5141716 
838 222 28 33 0.51083523 
699 27 18 24 0.5092793 
942 28 13 17 0.50775194 
658 0 19 16 0.50744665 
704 135 20 25 0.47680166 
795 411 29 39 0.45866948 
898 98 18 26 0.4470785 
872 450 33 46 0.44392425 
621 1 14 12 0.41849616 
846 18 14 16 0.3913768 
49 143 27 33 0.37612826 
847 36 15 16 0.37329692 
671 556 39 28 0.3716896 
225 218 22 28 0.36691847 
831 473 36 45 0.36118466 
30 59 17 19 0.33665642 
410 21 17 19 0.3105437 
342 13 15 15 0.30199084 
524 1 14 19 0.2998625 
233 51 18 21 0.29206386 
23 0 13 16 0.2902754 
23 23 13 16 0.28476298 
228 35 18 21 0.28368288 
264 85 23 29 0.280825 
442 555 37 28 0.2804359 
652 393 30 38 0.26100948 
268 0 15 11 0.25888756 
465 79 17 26 0.2568319 
977 550 42 34 0.23891158 
529 69 21 26 0.23124936 
800 280 32 36 0.21437398 
395 97 18 22 0.21118155 
899 557 32 28 0.20752998 
944 8 14 19 0.20582344 
35 0 16 12 0.20143253 
185 43 18 20 0.19602576 
916 84 16 20 0.18466228 
542 17 21 23 0.16864951 
433 45 20 28 0.15998194 
540 82 22 26 0.1581517 
582 42 16 19 0.14928363 
563 380 34 39 0.14808945 
791 258 28 33 0.14786047 
197 46 19 24 0.14748234 
772 15 16 20 0.14545725 
425 326 31 42 0.14186943 
516 4 15 19 0.13823126 
37 4 16 19 0.12943572 
969 488 37 49 0.12881738 
217 224 25 30 0.12797171 
551 23 18 22 0.124608904 
731 66 18 20 0.123164915 
386 102 22 27 0.122014955 
382 257 30 33 0.12191271 
851 29 13 15 0.119562685 
144 111 25 32 0.11848024 
2 149 18 25 0.11741145 
83 16 16 16 0.11452117 
17 56 19 22 0.11337285 
610 17 14 16 0.107418984 
353 45 21 25 0.1069491 
657 185 23 29 0.105342835 
820 22 13 16 0.10406834 
749 1 13 15 0.097360015 
337 103 19 24 0.093013674 
241 107 14 18 0.09274697 
230 209 20 27 0.08901718 
1004 50 12 17 0.08561512 
214 95 20 26 0.08469959 
888 273 30 31 0.08446327 
467 275 26 30 0.07817893 
782 79 23 27 0.07775415 
502 5 16 18 0.07599578 
444 1 16 15 0.07567036 
727 53 22 26 0.07387187 
839 17 13 16 0.07302993 
348 4 12 13 0.07234591 
274 52 22 25 0.072205216 
534 396 42 48 0.07195919 
0 201 16 26 0.07149814 
823 486 36 47 0.07124989 
517 31 14 18 0.07086372 
125 243 17 21 0.06988725 
272 63 22 26 0.069677204 
274 1 16 16 0.06791968 
379 113 26 29 0.067841314 
204 57 19 25 0.06540462 
634 71 15 21 0.065313265 
445 111 19 20 0.06524572 
613 0 14 12 0.064672574 
402 100 20 27 0.06446217 
558 37 20 27 0.06426136 
637 1 16 15 0.061098233 
529 3 17 20 0.060582723 
349 0 13 11 0.06036648 
705 146 20 26 0.059965774 
644 135 25 28 0.059832826 
476 113 20 24 0.05964516 
302 537 40 41 0.05683817 
960 522 43 42 0.056570936 
141 1 14 16 0.055285428 
221 91 17 21 0.05517139 
451 5 17 17 0.055124775 
386 57 18 20 0.05506307 
811 508 23 33 0.054048985 
74 180 26 32 0.05372278 
464 257 23 25 0.0536662 
355 0 14 10 0.052209515 
607 0 13 12 0.051666908 
909 91 18 24 0.051625557 
367 9 20 23 0.050929938 
643 402 29 39 0.050345656 
623 428 30 36 0.050123684 
803 511 15 24 0.049018294 
396 50 20 23 0.04818411 
604 328 25 36 0.04781631 
393 127 20 24 0.047028262 
38 139 27 32 0.04648093 
922 79 20 26 0.0460652 
3 299 17 20 0.044994432 
556 85 24 25 0.044711143 
845 4 14 15 0.04470886 
576 34 18 21 0.0439099 
440 42 16 20 0.043108664 
637 380 34 41 0.043093886 
883 0 13 9 0.04240137 
304 215 27 32 0.042337116 
388 49 17 20 0.041908525 
891 53 13 15 0.041752078 
648 179 23 30 0.041494757 
613 178 25 32 0.041049093 
689 66 17 22 0.0408021 
901 159 29 36 0.03905092 
8 48 19 25 0.038126674 
316 1 14 17 0.038117427 
396 424 28 41 0.037633456 
824 14 11 13 0.037090052 
168 61 20 21 0.036645215 
761 16 21 24 0.036129545 
262 2 13 15 0.03612209 
45 179 15 20 0.036029182 
909 274 38 43 0.035670005 
1013 21 9 16 0.035361122 
830 14 11 13 0.03522708 
261 360 28 38 0.035176672 
846 0 12 10 0.035112556 
488 0 13 10 0.035001524 
942 384 30 33 0.034856755 
1005 57 13 18 0.034597546 
88 10 14 16 0.034252286 
906 74 18 24 0.033332307 
30 15 19 23 0.03308657 
568 432 17 22 0.03288498 
963 22 13 16 0.032680355 
508 58 20 26 0.032621253 
348 138 25 29 0.03203217 
772 25 15 18 0.03166146 
578 49 22 25 0.031549335 
721 70 21 24 0.031414524 
860 52 22 27 0.031164184 
357 16 15 18 0.030292891 
39 33 15 19 0.02998448 
675 16 14 18 0.02995547 
503 2 14 11 0.02954008 
890 68 20 24 0.029282803 
71 2 14 15 0.02926271 
211 27 15 18 0.028921237 
256 79 15 19 0.028898722 
628 64 17 24 0.028882284 
204 195 20 22 0.028384347 
342 7 14 14 0.028245006 
393 43 18 21 0.027883662 
403 35 21 24 0.027872026 
325 155 14 19 0.027022751 
40 317 33 36 0.02702236 
808 419 18 28 0.026895724 
971 197 29 33 0.02671667 
934 0 11 10 0.026588477 
204 40 19 24 0.026578337 
998 56 14 18 0.026332105 
35 78 21 31 0.026321212 
595 370 29 37 0.026275177 
145 328 37 42 0.025860673 
940 17 18 23 0.025736127 
861 31 12 13 0.02569919 
766 1 12 12 0.025589528 
217 70 17 21 0.025581693 
455 283 29 33 0.025002291 
573 110 20 27 0.024934351 
666 11 18 21 0.024817215 
652 42 22 27 0.024490178 
846 456 38 51 0.024376823 
281 71 18 21 0.024366893 
407 14 14 17 0.02413547 
409 88 18 24 0.023659658 
21 10 13 18 0.023651067 
640 56 22 27 0.023634836 
336 14 14 15 0.02358632 
560 243 28 29 0.023525309 
837 556 34 32 0.023417866 
449 258 16 18 0.023388654 
742 85 22 26 0.02336075 
802 46 16 19 0.023280818 
738 4 15 20 0.023136113 
415 36 21 27 0.0229332 
763 39 21 26 0.022920549 
121 356 24 32 0.022894222 
231 28 17 19 0.022784708 
533 14 18 21 0.022738585 
526 15 12 18 0.022651622 
267 54 19 22 0.022544919 
718 92 22 30 0.02244321 
489 397 27 38 0.022278337 
444 331 31 41 0.022102341 
45 176 25 34 0.022020647 
436 96 14 19 0.022006711 
958 24 14 17 0.021954708 
559 411 29 37 0.021899559 
59 176 27 35 0.021719407 
197 3 15 17 0.021517066 
500 381 30 37 0.02143461 
60 17 14 17 0.021330917 
228 184 18 21 0.021291133 
812 12 12 14 0.021113448 
749 21 15 19 0.021062335 
393 63 22 24 0.020931939 
523 29 14 18 0.020898389 
900 390 40 51 0.020697122 
190 265 28 32 0.020558445 
43 159 29 34 0.020479636 
132 207 20 28 0.020432696 
258 68 19 25 0.0202379 
519 115 22 27 0.020007081 
