10_People_Marching_People_Marching_2_678
53
253 288 29 34 0.99708086 
722 272 26 31 0.9958662 
351 276 26 31 0.9952897 
216 295 25 29 0.99462897 
448 296 24 28 0.99190044 
842 303 24 27 0.9916387 
304 290 24 27 0.98902166 
622 294 21 25 0.97191703 
786 304 21 26 0.9584368 
886 294 20 24 0.9541427 
22 317 12 18 0.89832306 
65 254 10 13 0.8975456 
513 303 20 23 0.89131194 
115 334 13 18 0.8658715 
900 207 13 16 0.8441247 
38 317 13 18 0.805749 
189 319 8 11 0.53327304 
759 322 16 20 0.52583766 
562 326 14 16 0.45990244 
947 208 12 15 0.4291814 
475 353 16 17 0.31743228 
168 311 9 11 0.315759 
111 300 10 13 0.22370099 
67 365 13 17 0.2101164 
204 294 12 16 0.20888107 
175 341 12 14 0.14083579 
803 306 14 21 0.12540919 
165 317 11 13 0.109824955 
589 317 13 17 0.10828109 
814 313 15 20 0.07950938 
59 324 10 15 0.079103634 
156 336 10 14 0.07477638 
160 318 11 14 0.06879633 
999 106 12 17 0.055928063 
69 357 12 16 0.052544363 
305 270 11 12 0.050497748 
28 318 13 19 0.04564394 
88 334 11 14 0.04281761 
160 309 11 13 0.04249271 
78 334 11 14 0.04141139 
978 265 14 16 0.037390567 
818 318 20 19 0.037305944 
82 347 12 16 0.03668111 
433 283 14 17 0.035861515 
79 340 12 16 0.0343771 
812 308 13 19 0.031409156 
382 304 15 17 0.030218143 
184 322 10 14 0.027540317 
205 293 22 25 0.027111895 
102 350 11 15 0.02504135 
1 334 10 14 0.023749862 
303 275 13 16 0.02271349 
1003 252 8 10 0.021790601 
