10_People_Marching_People_Marching_10_People_Marching_People_Marching_10_People_Marching_People_Marching_10_674
214
843 286 11 14 0.9540307 
979 316 11 14 0.91815144 
919 309 10 14 0.90836173 
821 274 11 14 0.90290666 
407 378 14 16 0.8598161 
274 457 18 26 0.8277736 
141 410 13 19 0.80003566 
233 271 10 12 0.7379755 
963 314 11 14 0.72314477 
788 294 10 13 0.7146339 
463 346 12 13 0.6992211 
896 308 9 12 0.68958473 
197 348 11 13 0.6854927 
797 315 9 11 0.6680588 
516 253 8 11 0.6548201 
298 262 7 10 0.6486007 
727 360 10 11 0.62942797 
775 292 10 12 0.62281954 
734 286 10 13 0.60581243 
868 311 9 12 0.5933113 
639 341 12 15 0.589299 
512 359 11 12 0.50250363 
869 289 9 11 0.4678856 
632 385 11 14 0.45371172 
752 286 11 14 0.44768694 
832 399 13 15 0.43195572 
393 343 11 12 0.417017 
527 340 9 11 0.4154427 
9 278 12 15 0.39801687 
696 268 9 12 0.3771042 
596 335 12 15 0.3357474 
447 364 12 16 0.32946864 
16 368 12 18 0.3077771 
563 387 12 17 0.2908481 
795 569 33 37 0.28093225 
1001 328 8 11 0.26680765 
43 444 13 18 0.25609037 
260 303 9 12 0.24913684 
101 296 9 10 0.21180966 
382 363 9 11 0.20941064 
318 268 7 8 0.2049658 
476 360 10 12 0.19992243 
81 401 16 20 0.19584674 
441 342 9 11 0.19058773 
497 342 9 11 0.18986097 
429 332 9 10 0.18029617 
1006 328 9 11 0.1796167 
495 381 13 18 0.17897435 
881 341 10 12 0.1776085 
108 334 8 11 0.16735429 
292 490 20 27 0.16705868 
949 323 10 13 0.16324407 
575 365 11 12 0.15561332 
599 269 8 10 0.14913781 
673 273 8 11 0.1447975 
509 289 8 10 0.14320244 
917 292 10 12 0.13791168 
208 314 10 13 0.13607319 
166 228 8 10 0.12611347 
709 381 11 15 0.12116828 
54 287 9 11 0.12080784 
969 373 9 11 0.119554974 
193 262 8 10 0.11775347 
758 317 8 11 0.117631234 
372 269 8 11 0.11396597 
76 377 13 15 0.11376789 
739 285 9 13 0.112973616 
115 400 13 19 0.112414606 
431 261 7 8 0.106764324 
254 614 23 31 0.10565008 
399 257 7 9 0.103917316 
654 324 9 12 0.09800731 
1014 327 8 11 0.09271902 
553 343 10 13 0.09228882 
537 352 10 12 0.08296715 
800 333 10 12 0.08191945 
679 381 13 14 0.08071068 
416 257 8 10 0.08011686 
516 625 23 25 0.07863527 
594 380 11 14 0.076898485 
489 308 9 11 0.07502195 
614 380 11 13 0.074276455 
634 272 7 9 0.07102312 
587 304 8 11 0.06992805 
197 261 9 10 0.06941103 
341 344 9 11 0.06913981 
0 416 10 18 0.068583824 
297 286 10 12 0.067934275 
791 289 9 11 0.06581553 
776 298 9 11 0.06533745 
126 421 13 15 0.06395397 
405 332 10 12 0.06315524 
86 385 16 17 0.060867455 
680 277 8 12 0.060336225 
280 253 8 10 0.060199615 
216 353 9 11 0.05992668 
341 478 14 22 0.059463106 
158 396 13 17 0.057735246 
50 279 9 11 0.056510054 
950 298 11 12 0.054758493 
71 287 8 9 0.05470277 
449 326 8 11 0.054345395 
112 256 9 12 0.052845985 
893 552 19 20 0.052582357 
720 349 8 10 0.051454317 
117 288 8 11 0.050432883 
419 350 9 12 0.050379794 
272 315 9 12 0.049945783 
346 328 8 10 0.049013935 
656 401 11 14 0.048484173 
881 335 9 12 0.048188187 
611 263 6 8 0.046828292 
76 405 16 21 0.046555825 
710 341 8 11 0.04619352 
200 256 10 11 0.045670167 
385 261 7 9 0.04522055 
253 255 9 11 0.044865593 
727 374 12 15 0.044589084 
332 523 16 24 0.043711744 
183 291 10 12 0.042973205 
650 326 10 11 0.04287361 
777 336 8 10 0.041882817 
781 336 8 10 0.041804947 
374 350 8 10 0.04160837 
226 312 8 11 0.04062583 
551 326 8 11 0.040089212 
1016 320 8 10 0.040028777 
228 254 8 10 0.03934017 
514 363 12 13 0.03919895 
786 562 29 39 0.038011894 
380 324 8 12 0.03731843 
718 293 11 14 0.036643244 
146 293 9 11 0.03559734 
726 300 8 11 0.03545903 
370 255 8 10 0.034289606 
707 543 32 44 0.03393934 
938 381 9 11 0.033546876 
105 278 9 10 0.03330687 
85 421 13 21 0.032327622 
22 244 9 12 0.03137269 
783 299 10 11 0.031157468 
576 279 7 8 0.031089371 
163 401 15 18 0.030794643 
347 294 8 11 0.030747011 
660 349 11 17 0.03063747 
797 286 8 10 0.030418156 
657 283 10 12 0.029965859 
378 320 8 11 0.02987179 
452 332 10 12 0.0298061 
561 281 7 8 0.029671922 
941 375 9 10 0.029470854 
21 405 12 19 0.02940756 
134 275 10 13 0.02937643 
557 367 10 12 0.029272253 
108 278 10 12 0.029019555 
107 326 10 14 0.0286875 
211 311 10 12 0.028581575 
287 296 8 10 0.028202083 
602 340 11 14 0.028153732 
584 399 10 13 0.02795647 
623 380 12 14 0.027929842 
685 283 8 11 0.02787401 
808 284 9 12 0.027813798 
192 342 11 14 0.027614998 
626 262 6 9 0.027613467 
255 499 19 27 0.02718499 
263 255 8 10 0.027174644 
625 301 9 13 0.02699036 
564 340 10 13 0.026976839 
705 364 10 12 0.026920892 
770 292 9 13 0.026698956 
751 371 10 13 0.026688786 
782 288 9 11 0.026521936 
276 311 9 12 0.026439028 
522 334 10 12 0.026174545 
161 238 9 13 0.025803562 
410 316 10 12 0.025537217 
1014 331 9 13 0.02549604 
203 349 11 13 0.025299732 
215 294 9 12 0.024859795 
173 400 12 17 0.024577042 
395 256 7 9 0.024508093 
770 287 9 12 0.024476886 
896 314 10 12 0.024167886 
287 492 15 22 0.023955544 
629 324 8 11 0.0237091 
167 242 12 15 0.023622926 
593 270 8 10 0.02357656 
49 440 13 20 0.0234542 
467 476 16 23 0.023375656 
821 517 27 29 0.023321899 
296 258 7 9 0.023162263 
421 467 14 20 0.02297844 
280 249 8 9 0.022949362 
0 255 8 11 0.02239122 
288 253 7 10 0.022381559 
424 328 8 11 0.022282818 
620 364 13 14 0.022252131 
62 246 8 9 0.022170728 
192 372 12 18 0.022164315 
762 542 25 32 0.021593627 
437 302 8 11 0.021222927 
659 318 10 14 0.020990025 
480 262 7 8 0.020920528 
589 305 9 14 0.020908486 
256 307 10 12 0.020831551 
147 405 13 20 0.020763593 
593 328 10 13 0.020499496 
794 333 9 11 0.020404894 
64 256 10 12 0.020335158 
416 325 9 11 0.020254958 
338 319 7 9 0.020242864 
663 279 8 11 0.020192048 
901 305 8 11 0.02010386 
