10_People_Marching_People_Marching_2_191
47
747 325 20 26 0.9882216 
83 294 15 20 0.9760657 
242 309 19 25 0.97545254 
659 323 21 23 0.97068316 
317 301 16 20 0.9655186 
514 317 19 28 0.96211547 
454 320 15 25 0.9581663 
138 302 17 23 0.95248353 
93 315 19 23 0.9377591 
378 239 14 19 0.93524814 
183 314 19 22 0.9335197 
827 321 20 28 0.9300163 
336 307 17 25 0.9264825 
383 314 20 23 0.8856888 
847 317 20 25 0.8804596 
969 347 19 25 0.8444333 
19 302 19 21 0.8409358 
329 238 14 18 0.8201949 
252 291 21 25 0.808594 
988 460 24 29 0.6790094 
565 341 13 17 0.30822122 
13 292 24 26 0.2673544 
737 311 18 22 0.26062083 
362 309 17 23 0.214308 
499 333 12 16 0.17322537 
369 311 18 24 0.12426689 
228 323 15 20 0.110057525 
4 293 17 22 0.10966387 
1005 309 12 14 0.074496076 
1001 468 22 30 0.066487074 
629 294 10 13 0.057448566 
236 314 20 25 0.046733435 
123 291 14 17 0.043716468 
940 452 12 18 0.0424174 
638 321 18 24 0.03436943 
248 290 16 20 0.03365369 
231 305 12 18 0.030427435 
789 473 14 25 0.026502768 
360 277 12 17 0.024426656 
510 305 12 17 0.023929862 
1 291 13 20 0.023228917 
815 321 15 21 0.022938773 
963 478 14 22 0.02183266 
167 295 14 19 0.021721795 
685 38 8 10 0.020954965 
73 241 7 8 0.020816743 
124 299 13 19 0.02033657 
