10_People_Marching_People_Marching_2_591
298
850 181 30 37 0.99778676 
893 160 46 51 0.9976515 
755 193 27 34 0.99578154 
672 189 24 31 0.9937989 
40 173 21 28 0.9886502 
154 185 18 22 0.9885288 
598 183 20 27 0.9827874 
213 187 19 23 0.971291 
460 185 18 25 0.9658924 
529 1274 19 25 0.9525704 
507 1120 17 20 0.95105904 
514 1182 20 24 0.93987006 
539 1224 18 23 0.9315583 
47 1104 15 20 0.9285092 
842 1240 21 28 0.9273213 
425 1220 20 23 0.9127692 
278 187 17 24 0.91211027 
85 177 18 23 0.91013324 
370 200 17 23 0.90199095 
417 178 18 23 0.89431036 
610 1279 20 24 0.89285886 
156 1376 21 31 0.86218566 
577 1252 17 24 0.85598284 
556 1356 20 21 0.82421595 
335 187 15 21 0.8166025 
876 1340 15 25 0.787876 
449 1141 16 20 0.77580297 
500 1226 16 20 0.7685385 
361 1140 14 19 0.75569594 
414 1131 15 20 0.73165834 
106 1170 17 19 0.72796506 
40 1185 19 24 0.66905504 
621 1227 16 19 0.66741586 
567 1302 20 24 0.66233355 
692 1268 16 24 0.6539146 
772 1266 17 24 0.63148415 
322 1137 15 18 0.5817667 
276 1168 16 19 0.57181436 
507 211 21 24 0.53095716 
527 1331 20 25 0.52794755 
318 1286 21 25 0.5089971 
879 705 12 15 0.5007433 
697 1325 18 28 0.47845554 
485 1266 20 26 0.43836045 
642 1344 21 25 0.4114517 
394 189 15 20 0.40969464 
649 1285 15 20 0.38562924 
293 1176 14 18 0.38424638 
76 1124 15 18 0.38153055 
585 1191 15 20 0.36220235 
422 1266 19 29 0.3581448 
895 1307 16 21 0.3557956 
508 1351 20 27 0.35527134 
667 1241 15 19 0.33421955 
45 1211 16 23 0.32172903 
608 1364 16 22 0.3156954 
571 1190 13 18 0.3085385 
163 1058 15 18 0.30016908 
74 1160 17 20 0.2920163 
283 1095 15 21 0.28587702 
129 1151 16 19 0.27171606 
906 1101 13 18 0.26940024 
356 1209 22 27 0.26796052 
250 1207 17 21 0.2339223 
805 1300 19 26 0.23204921 
242 1164 15 17 0.21976188 
506 1272 15 22 0.21845937 
834 717 10 12 0.21784969 
940 1088 13 16 0.20668967 
515 1234 18 24 0.1978885 
146 1126 18 21 0.1942557 
506 1230 19 25 0.19343902 
117 1131 18 22 0.19160123 
219 1244 16 24 0.18517673 
913 1133 16 21 0.18504964 
164 1106 15 21 0.17985928 
927 699 9 11 0.17956354 
936 1164 16 20 0.17500198 
909 702 8 11 0.17353253 
206 1139 17 22 0.16776937 
305 1150 15 20 0.1643131 
250 1216 19 23 0.16324823 
338 1176 14 18 0.15929578 
351 1251 21 25 0.15230066 
687 682 14 17 0.15133977 
856 1064 12 14 0.14688891 
912 1081 12 17 0.14396101 
163 1162 13 19 0.1427064 
767 687 14 15 0.14174746 
102 1089 14 18 0.14029588 
565 1234 16 22 0.14023067 
269 1460 25 20 0.12441337 
451 1275 16 18 0.12231949 
996 798 16 23 0.11542284 
383 1169 15 18 0.11431633 
764 1129 13 15 0.113702066 
670 683 13 15 0.10542238 
627 701 23 26 0.10348108 
411 1273 22 29 0.102747604 
860 1270 16 21 0.100754775 
734 1264 19 26 0.100230135 
1013 1122 9 15 0.097454615 
7 1112 12 17 0.092974134 
458 1195 17 21 0.09162704 
699 1264 20 28 0.08972904 
1011 1133 11 16 0.08361208 
513 220 19 19 0.08220288 
122 1124 15 19 0.082158856 
868 1183 14 20 0.0815644 
499 1267 16 24 0.080115184 
321 1231 19 25 0.07971372 
782 686 12 14 0.07765632 
251 1226 19 23 0.07361826 
540 1122 12 16 0.07243716 
212 1134 16 21 0.072429 
757 1132 14 15 0.07235206 
87 1085 15 19 0.0703434 
41 1195 22 30 0.06979725 
937 1438 24 28 0.0688001 
718 1117 12 16 0.0684826 
444 1281 18 19 0.066023454 
786 1143 16 18 0.065830365 
955 1341 19 21 0.06568129 
488 1195 13 18 0.06451355 
364 1220 16 21 0.06290809 
637 1206 14 19 0.05963525 
916 1243 22 26 0.055231147 
250 1196 16 18 0.05397444 
837 1102 14 18 0.053611387 
663 1297 15 20 0.05348941 
814 1161 16 20 0.053485177 
402 1280 22 30 0.05290003 
655 1209 14 21 0.052824948 
949 1317 16 21 0.052697472 
935 1048 11 15 0.050713673 
742 1185 21 24 0.049924213 
993 694 8 10 0.04960836 
95 1172 26 28 0.04926366 
959 1104 14 16 0.048031926 
104 1196 20 24 0.047325436 
875 1181 14 21 0.04657193 
595 1211 13 17 0.046502303 
471 1132 14 19 0.046176948 
907 713 12 17 0.045971014 
169 1206 23 33 0.045847144 
283 1250 25 29 0.04531336 
961 700 9 10 0.04485434 
542 1194 13 15 0.044296287 
1014 695 8 12 0.043894347 
581 295 15 17 0.043627836 
514 1271 19 27 0.043487035 
981 1124 14 18 0.04216783 
771 1112 13 17 0.04184713 
560 1234 14 20 0.041748114 
444 1125 12 15 0.041649684 
641 699 17 20 0.04162395 
965 697 9 10 0.0405037 
795 1343 17 20 0.04022543 
476 1184 14 22 0.04016734 
401 1222 15 22 0.04010595 
976 1110 10 13 0.040055383 
629 1206 14 19 0.040051192 
931 1138 13 20 0.039513834 
182 1137 14 17 0.039270964 
459 1280 16 19 0.039208118 
150 1196 15 20 0.039174702 
862 1181 14 21 0.039142195 
814 1141 14 17 0.038736444 
920 1134 17 26 0.038638163 
817 1298 17 25 0.038589995 
764 1069 13 16 0.03843275 
927 735 11 15 0.038341124 
444 179 15 19 0.03831318 
923 1255 17 21 0.038120333 
684 1117 12 16 0.037899677 
677 1106 13 15 0.037470635 
899 1300 16 22 0.0373249 
244 650 11 14 0.036828738 
261 1458 19 20 0.036728285 
532 1336 21 27 0.035907015 
1010 755 13 19 0.035672862 
980 692 10 12 0.03561123 
731 1317 16 21 0.03549413 
969 1166 19 26 0.035357393 
820 708 9 11 0.03526559 
614 1209 13 18 0.035237245 
340 1254 23 25 0.034817647 
977 687 11 12 0.034772135 
2 1190 18 23 0.034520153 
728 1362 21 29 0.034407623 
456 1138 15 22 0.034317214 
288 274 12 15 0.033989135 
873 708 12 15 0.033599723 
984 1202 13 18 0.033488344 
250 1130 14 16 0.03325081 
694 1222 14 19 0.03307007 
200 1212 19 27 0.032809526 
621 1313 16 21 0.03255292 
766 1376 22 26 0.032334894 
1006 1117 11 14 0.031941738 
936 1125 13 17 0.031914912 
933 1130 15 20 0.03166542 
746 1224 16 22 0.031518158 
467 1191 14 20 0.031305034 
571 1240 15 21 0.0311202 
415 1193 14 19 0.030952187 
879 1083 13 15 0.030880075 
306 1197 24 29 0.030584117 
597 1328 22 24 0.030476322 
660 1316 16 21 0.030412892 
141 1161 15 19 0.030326424 
691 678 13 15 0.029327376 
81 1155 14 18 0.029318132 
644 1206 14 18 0.029243156 
777 1317 18 22 0.028971868 
110 1131 17 19 0.028963216 
697 671 11 12 0.028804483 
96 180 17 21 0.028666388 
98 1115 18 19 0.028636152 
568 1125 14 16 0.028418127 
263 1128 11 13 0.028382398 
260 1197 14 17 0.028324662 
82 98 15 20 0.028247315 
287 1090 18 22 0.028123405 
158 1166 15 20 0.028102726 
944 696 9 11 0.027779814 
950 1326 22 26 0.027755171 
554 1144 14 19 0.02732679 
149 1093 14 16 0.027096808 
683 1108 12 15 0.026739087 
328 1238 18 24 0.026703566 
639 660 10 12 0.026558638 
821 705 9 9 0.026468182 
854 1202 15 21 0.026369771 
766 702 12 13 0.026329191 
310 1111 13 16 0.026030825 
672 1102 14 15 0.025867773 
699 1252 14 17 0.025839852 
465 1309 22 29 0.025770625 
350 1210 18 21 0.025697399 
397 1288 16 22 0.025583524 
182 1074 12 15 0.025378209 
677 1358 16 19 0.025324108 
81 1199 16 20 0.025307989 
977 1161 16 20 0.025271706 
238 623 11 14 0.025253609 
120 488 9 11 0.02521342 
669 670 13 14 0.024805427 
713 1118 12 16 0.024784591 
986 1083 15 15 0.024723835 
586 297 18 20 0.024672547 
786 684 11 12 0.024672022 
987 1126 17 21 0.02466079 
907 707 12 15 0.02455701 
705 702 12 14 0.024532592 
847 689 9 11 0.024481382 
590 1218 13 16 0.024331558 
365 1112 16 21 0.024147509 
219 1185 15 21 0.02360849 
541 1102 11 13 0.023268713 
810 1292 18 24 0.023206403 
572 1129 13 16 0.023144862 
876 1094 15 16 0.023088973 
702 1202 20 26 0.022957692 
658 1123 15 16 0.022858836 
690 687 14 18 0.022847675 
887 1286 21 27 0.022839373 
238 1206 23 25 0.022829082 
604 1104 12 15 0.022753334 
607 1205 12 18 0.022593265 
705 1325 23 29 0.022490466 
924 1282 14 20 0.022271322 
377 198 15 19 0.021948656 
401 186 15 21 0.021893661 
515 1078 12 15 0.021768155 
667 1132 16 20 0.021734718 
457 1270 14 18 0.02172292 
175 1091 12 14 0.021660788 
415 173 14 20 0.021624934 
900 1094 14 16 0.02161654 
61 1153 22 25 0.021347081 
580 1130 11 15 0.021345945 
787 677 12 14 0.021330338 
895 1100 14 16 0.021306518 
878 695 12 16 0.021267798 
521 1248 16 19 0.021263476 
910 1355 13 16 0.0211729 
932 1053 13 19 0.021070963 
766 1082 14 17 0.020944783 
403 1178 14 19 0.020867335 
874 1284 22 27 0.020821398 
861 1190 16 24 0.020710386 
728 695 10 12 0.020580687 
156 1099 15 18 0.02049087 
989 1180 17 18 0.02045592 
519 1338 16 22 0.020350957 
151 1169 13 17 0.020330416 
927 1142 13 21 0.020043043 
