10_People_Marching_People_Marching_2_2
208
760 424 30 40 0.9932694 
951 466 38 60 0.9927921 
664 480 28 50 0.99091256 
488 484 22 40 0.9685128 
1002 419 22 37 0.94309527 
657 397 17 26 0.9424682 
659 433 20 34 0.9360823 
629 383 11 15 0.9286336 
792 385 11 15 0.88401973 
962 394 15 23 0.87638444 
903 405 14 24 0.8060038 
718 396 14 20 0.7707805 
294 394 12 16 0.76472485 
827 348 10 13 0.73219967 
910 352 10 13 0.6169757 
117 227 23 29 0.5962064 
252 382 9 12 0.56103253 
338 389 9 11 0.4686945 
702 368 9 11 0.4430405 
37 386 12 20 0.4412471 
815 402 12 19 0.4372727 
590 357 8 10 0.41076475 
269 383 10 13 0.40635002 
744 411 21 30 0.4059579 
311 391 10 14 0.3467102 
521 356 8 10 0.31480166 
975 347 8 12 0.31442258 
161 427 12 19 0.28946304 
366 382 9 10 0.27191606 
59 215 13 18 0.27132934 
29 216 15 18 0.27063546 
617 358 8 10 0.26615864 
572 421 11 20 0.26454547 
495 384 10 11 0.24154577 
557 391 10 13 0.21246535 
145 239 17 23 0.21012285 
188 232 19 24 0.21008483 
241 421 11 16 0.20576559 
199 389 9 11 0.19995731 
541 373 7 10 0.19831009 
761 390 10 14 0.19688895 
405 391 8 11 0.19472992 
364 376 8 10 0.18250424 
236 408 11 16 0.16342233 
584 358 8 10 0.16243206 
638 361 8 10 0.16026297 
942 357 10 13 0.157337 
135 233 21 27 0.1560311 
165 232 18 22 0.15083298 
620 357 9 10 0.14608157 
577 359 8 10 0.14033175 
518 383 8 11 0.13822432 
451 456 17 34 0.1376805 
814 407 19 30 0.13098286 
43 387 13 19 0.11734338 
521 418 11 16 0.1152639 
334 372 8 10 0.11524431 
992 352 10 13 0.114327766 
434 405 9 12 0.10581533 
640 377 9 11 0.10364711 
223 392 8 11 0.10260301 
33 210 17 19 0.10073456 
876 346 10 13 0.09984257 
695 353 7 10 0.09713446 
128 230 20 25 0.09703561 
762 394 15 16 0.096370526 
84 240 18 22 0.095182106 
520 396 10 12 0.09498915 
277 389 9 12 0.09421322 
479 368 6 9 0.09259714 
815 381 10 13 0.092336826 
376 391 10 13 0.0909213 
177 391 8 12 0.0870901 
644 381 9 13 0.08364648 
202 398 9 11 0.083534904 
300 410 11 15 0.08238676 
51 395 11 16 0.0809232 
182 391 8 10 0.080828525 
538 369 8 11 0.07799222 
514 382 8 11 0.07752588 
109 230 19 25 0.07464656 
681 363 7 11 0.072562784 
996 355 9 12 0.07037791 
242 383 8 10 0.06981592 
217 392 8 11 0.06843533 
288 383 9 11 0.06729636 
425 389 8 10 0.06652134 
512 527 20 44 0.06573564 
266 387 10 14 0.0657312 
182 233 15 21 0.06533781 
330 375 7 9 0.064074606 
591 394 10 15 0.06403044 
264 399 8 11 0.062324934 
290 375 8 9 0.06184666 
319 382 7 11 0.061147846 
358 411 11 13 0.06036747 
341 457 23 38 0.059819613 
209 382 8 9 0.05929027 
394 368 7 8 0.05755332 
130 480 42 74 0.054298125 
634 364 8 10 0.05340039 
832 238 8 10 0.052020658 
83 401 13 19 0.051529612 
278 396 10 13 0.050721478 
7 391 10 13 0.05064714 
326 381 8 11 0.050243866 
519 389 9 14 0.048465844 
209 376 7 8 0.04794571 
295 401 12 17 0.047883116 
120 393 7 9 0.04651941 
748 405 14 21 0.045814216 
32 221 22 26 0.04529365 
478 397 8 12 0.04527865 
406 395 9 12 0.045143966 
359 390 7 9 0.044845115 
35 233 19 23 0.04440253 
362 382 8 10 0.04423365 
567 359 7 9 0.042002417 
79 213 12 18 0.0410104 
723 391 12 17 0.040703136 
315 441 12 19 0.040353067 
151 374 8 10 0.040104408 
981 348 10 13 0.04000044 
542 400 9 12 0.0395978 
622 372 9 12 0.039120402 
190 400 8 11 0.039119747 
914 500 22 37 0.038956396 
120 398 8 10 0.03782039 
102 393 7 11 0.036994938 
613 365 9 11 0.036379706 
288 387 11 15 0.036155112 
439 400 9 12 0.035850536 
344 374 7 9 0.035346016 
278 383 9 13 0.035283875 
2 241 23 26 0.034554563 
162 218 18 21 0.034393888 
61 403 13 19 0.034028314 
367 388 9 11 0.033903193 
224 383 8 9 0.033546515 
399 366 6 8 0.033344608 
142 383 7 9 0.0330353 
4 408 16 27 0.032544084 
914 351 10 13 0.032508302 
408 375 8 10 0.032422848 
423 360 7 9 0.0324078 
624 368 8 11 0.032386865 
268 396 10 14 0.03213243 
205 391 9 12 0.031740908 
856 396 12 17 0.031554572 
190 376 7 9 0.031536262 
626 386 10 13 0.031419005 
111 381 7 10 0.03138963 
98 229 20 28 0.031194402 
592 403 11 15 0.03112471 
315 395 10 13 0.030649891 
109 406 9 11 0.030433934 
702 411 15 19 0.030067243 
527 365 9 12 0.029819988 
558 403 11 17 0.029740052 
157 391 9 11 0.029201467 
688 358 8 11 0.028808843 
685 364 8 11 0.028747203 
568 375 10 12 0.028516425 
440 366 7 9 0.028339246 
713 401 13 18 0.027673373 
354 389 8 10 0.026814962 
191 390 8 10 0.026656266 
191 383 8 9 0.026605349 
314 384 8 11 0.026300201 
341 385 8 10 0.026039176 
110 220 15 20 0.025721671 
143 374 8 9 0.025398066 
175 383 8 10 0.025176875 
90 235 18 23 0.025118228 
352 374 6 9 0.025080903 
58 216 22 28 0.025027407 
378 375 7 9 0.024536254 
749 424 21 32 0.024447717 
383 376 8 10 0.02434446 
188 226 476 566 0.024307968 
414 397 8 11 0.024202118 
524 392 10 13 0.023799263 
98 395 8 12 0.02332339 
184 383 8 10 0.023218306 
613 373 9 11 0.023129888 
157 234 17 21 0.02300221 
432 400 9 13 0.022842566 
525 353 8 10 0.022814019 
310 413 10 13 0.022482514 
513 375 7 10 0.022280166 
93 383 8 10 0.022268292 
125 405 10 12 0.022241784 
553 395 10 14 0.022064693 
138 384 7 9 0.022056803 
423 366 6 8 0.021958819 
302 391 10 14 0.02192309 
214 382 7 9 0.021777658 
522 421 14 19 0.021666488 
614 384 9 11 0.021649899 
320 407 10 13 0.021644628 
585 397 10 13 0.021227008 
45 229 22 28 0.021209497 
488 389 9 11 0.021164443 
242 482 28 40 0.021022214 
127 381 7 9 0.020957056 
84 215 15 19 0.020598395 
846 231 9 12 0.0204704 
353 384 7 10 0.020164132 
