10_People_Marching_People_Marching_10_People_Marching_People_Marching_10_447
611
461 480 29 35 0.9971621 
851 653 24 28 0.9957514 
567 753 27 32 0.99573165 
34 685 25 32 0.99563235 
967 476 25 31 0.9956311 
859 468 24 29 0.99558854 
174 828 25 31 0.9954892 
767 743 26 30 0.9932017 
383 643 22 28 0.9929802 
70 444 22 29 0.992034 
806 635 23 29 0.9914454 
412 453 22 30 0.9914061 
406 799 31 37 0.9908236 
301 396 22 29 0.9905642 
963 393 25 29 0.9902338 
791 705 24 27 0.98951626 
670 510 22 27 0.98889357 
639 672 24 29 0.9882811 
171 469 22 26 0.9882746 
615 363 23 31 0.9877016 
609 691 23 28 0.9876523 
259 438 22 28 0.9864123 
252 809 23 28 0.9863907 
872 626 22 28 0.9859498 
831 526 22 29 0.9855004 
556 632 23 27 0.98505014 
993 366 22 27 0.9846053 
809 307 22 28 0.98457885 
185 575 23 28 0.9839368 
774 498 21 28 0.98353505 
247 483 23 29 0.983208 
132 794 22 27 0.9831836 
328 426 22 27 0.98303384 
599 157 22 28 0.9830216 
980 269 22 26 0.9825262 
272 280 19 24 0.982088 
414 348 24 28 0.98206997 
519 351 21 25 0.98148406 
488 326 21 27 0.98114544 
232 638 22 27 0.9801964 
65 833 25 31 0.97911775 
992 523 23 28 0.97724915 
928 618 22 27 0.97701627 
736 332 20 26 0.97591496 
277 547 20 26 0.975807 
296 333 21 26 0.9749485 
893 238 22 27 0.97317374 
494 786 40 46 0.97215873 
646 269 21 25 0.9713551 
257 568 21 27 0.97030324 
563 331 22 27 0.969462 
662 149 23 27 0.9686368 
122 449 24 27 0.9673505 
894 198 21 26 0.96685356 
80 893 24 32 0.9667662 
14 291 21 26 0.96668655 
620 3 19 24 0.9663748 
838 195 22 27 0.9655914 
951 25 20 24 0.9641182 
214 881 22 30 0.9637101 
662 439 25 30 0.9633522 
255 73 23 27 0.9630938 
478 113 23 25 0.9615428 
568 276 20 25 0.9612613 
405 85 21 28 0.96077985 
702 19 20 27 0.95994127 
766 355 23 26 0.9593558 
884 406 23 27 0.9589929 
107 535 22 28 0.95866543 
193 427 24 28 0.9582924 
84 194 22 26 0.95807964 
759 104 22 28 0.9572931 
311 641 21 27 0.95607764 
969 164 20 24 0.954358 
1 245 19 22 0.9534494 
221 336 22 26 0.95332557 
147 668 26 34 0.95182663 
682 365 20 26 0.9513865 
151 173 19 25 0.94907486 
109 58 18 23 0.9483321 
874 380 21 27 0.9455123 
546 132 19 22 0.94540185 
283 367 20 27 0.9452875 
903 158 21 28 0.94495666 
613 131 25 28 0.9436202 
606 265 21 28 0.938218 
908 66 18 24 0.9374605 
14 453 20 25 0.9360584 
687 268 20 23 0.935595 
124 593 19 26 0.9351761 
879 2 20 24 0.93487895 
180 602 22 25 0.9339034 
340 252 19 23 0.9337497 
192 123 20 22 0.9320854 
719 45 20 26 0.93172073 
410 167 23 28 0.9316688 
849 14 16 20 0.93061435 
872 109 22 26 0.9282323 
504 37 18 25 0.9280674 
85 617 19 22 0.9266853 
993 106 19 26 0.92653644 
333 157 20 23 0.9264051 
832 244 20 25 0.9251452 
533 706 22 28 0.9243812 
144 346 19 24 0.92254543 
363 538 21 29 0.9210013 
294 232 22 24 0.9190298 
529 177 20 22 0.918964 
464 39 16 21 0.9179882 
72 648 20 26 0.9166529 
717 453 21 26 0.916338 
511 77 21 25 0.91470075 
462 103 17 22 0.9116742 
973 352 19 23 0.9090771 
992 344 19 23 0.9087129 
740 136 20 23 0.90736437 
961 197 21 24 0.9071987 
343 853 38 46 0.9065305 
854 292 20 25 0.89885324 
933 329 19 23 0.8983085 
48 76 18 22 0.8961755 
38 892 25 30 0.8955096 
668 46 20 26 0.8933726 
678 309 20 25 0.8845116 
720 296 18 23 0.88347596 
56 580 21 26 0.883208 
870 322 21 26 0.88247824 
428 28 16 18 0.8820027 
697 87 19 22 0.8807249 
493 154 19 23 0.87644035 
206 57 19 21 0.87506694 
149 414 20 26 0.87304294 
740 425 19 24 0.85653234 
502 290 18 21 0.85285616 
543 38 19 22 0.8518869 
760 409 22 26 0.85074574 
590 58 21 27 0.84663886 
150 874 21 32 0.84523505 
927 387 19 27 0.8419462 
756 537 21 26 0.83774257 
167 540 20 22 0.8374031 
562 106 20 23 0.8347714 
66 104 16 18 0.82828426 
345 390 19 22 0.8267308 
460 186 21 24 0.824319 
637 239 18 24 0.82090724 
834 49 20 23 0.80452096 
458 283 20 24 0.80002195 
900 729 23 29 0.79868394 
215 96 17 22 0.79807204 
687 768 43 48 0.7898744 
335 472 22 27 0.7847377 
532 253 15 19 0.777984 
630 96 18 21 0.75691444 
320 8 20 21 0.7561254 
780 124 18 24 0.75233567 
37 777 21 32 0.7516083 
226 295 18 21 0.74943924 
359 510 19 27 0.74165267 
387 376 15 24 0.74136204 
903 442 23 28 0.74107754 
670 141 23 29 0.73741543 
229 393 21 24 0.73184127 
20 228 15 20 0.73141223 
794 278 20 26 0.72002906 
748 167 21 27 0.7199514 
796 25 15 19 0.7099968 
809 121 20 24 0.703298 
533 0 23 18 0.7023322 
775 201 22 27 0.69920415 
677 135 21 25 0.6879783 
709 227 21 25 0.6769643 
5 184 18 23 0.67453283 
420 283 20 25 0.6738183 
888 351 18 24 0.6535864 
60 500 15 21 0.6387906 
157 732 21 25 0.63353074 
465 457 18 18 0.6315862 
254 758 20 25 0.616421 
112 128 19 22 0.61543417 
1009 234 15 24 0.5992122 
514 261 15 19 0.5967791 
346 705 24 29 0.5921386 
628 337 18 22 0.5896499 
533 268 18 22 0.58804476 
787 23 19 22 0.5824386 
573 226 22 26 0.5598025 
398 377 15 21 0.5258912 
1004 180 19 29 0.48850858 
815 451 22 27 0.47129843 
458 251 16 19 0.46066844 
109 507 21 23 0.45433086 
542 467 21 30 0.4512567 
23 634 21 30 0.44787598 
804 420 24 30 0.4428665 
690 0 20 17 0.4376457 
17 153 22 25 0.4250508 
629 269 16 24 0.42151403 
1009 458 15 22 0.41895562 
826 366 19 25 0.41492248 
355 427 21 30 0.41043893 
397 113 19 23 0.40581366 
747 82 18 21 0.39917195 
413 393 18 22 0.3954203 
321 497 15 18 0.39408368 
40 838 24 31 0.39141208 
958 781 53 50 0.38702 
595 456 23 33 0.3855462 
55 5 21 24 0.3852205 
643 395 22 26 0.3847705 
338 365 15 18 0.38384426 
351 407 20 26 0.38201806 
954 103 18 25 0.3750705 
193 2 18 22 0.3662558 
435 514 24 26 0.36488146 
146 50 19 21 0.3616734 
162 723 23 28 0.34576887 
302 862 32 42 0.34487277 
388 258 16 20 0.3389012 
930 735 26 33 0.3360479 
603 522 21 27 0.33562124 
657 51 21 26 0.33324564 
524 432 16 20 0.32729262 
285 587 18 22 0.3238996 
700 655 19 22 0.3226509 
711 385 21 25 0.3184308 
316 311 16 25 0.31367126 
596 604 16 20 0.31320682 
36 591 16 19 0.30673698 
172 42 14 18 0.30085525 
907 535 27 30 0.27320433 
885 292 17 20 0.27025208 
657 552 17 20 0.26972765 
658 112 18 22 0.26875347 
11 591 21 27 0.2522801 
682 704 14 22 0.24904291 
380 244 14 19 0.246399 
611 602 17 19 0.24326923 
238 295 19 23 0.24104673 
615 267 20 28 0.24052124 
220 390 21 25 0.23907977 
461 307 20 23 0.23541057 
137 574 19 24 0.23524986 
326 481 22 28 0.22516303 
857 588 19 25 0.21579199 
776 246 18 21 0.21311106 
967 104 20 26 0.21030624 
646 323 17 21 0.20386253 
156 389 20 24 0.2034682 
524 405 11 13 0.20292556 
623 57 14 18 0.1972473 
97 175 19 22 0.19672193 
347 399 21 24 0.18784438 
338 837 28 35 0.1861398 
911 0 15 14 0.17757425 
747 627 15 22 0.1763715 
823 166 20 27 0.17573565 
249 287 18 22 0.17402896 
948 231 16 22 0.17093302 
771 217 18 20 0.17073183 
182 588 23 27 0.16833857 
317 584 17 22 0.16728608 
566 161 20 25 0.16588685 
765 0 15 13 0.165699 
627 76 18 19 0.16557325 
387 365 15 21 0.16506211 
509 471 16 20 0.16372702 
266 597 16 21 0.16273937 
195 40 17 19 0.16247125 
142 57 17 22 0.16158655 
604 603 15 17 0.16049714 
947 138 18 23 0.15929961 
63 751 22 28 0.15854505 
332 208 15 20 0.15852593 
104 680 21 26 0.15768504 
35 190 18 23 0.15078226 
860 427 18 23 0.14955448 
862 368 17 22 0.14686626 
762 652 22 27 0.14660549 
448 360 21 26 0.14387129 
690 587 25 30 0.143854 
46 664 17 23 0.13840203 
635 269 19 25 0.13614492 
28 503 22 27 0.13280895 
821 714 20 26 0.13238536 
632 554 18 20 0.1301263 
192 91 21 25 0.1228699 
954 69 14 18 0.12265908 
411 428 22 27 0.12258354 
675 597 15 20 0.121943496 
485 272 16 20 0.12013438 
782 419 16 22 0.11995424 
686 31 15 19 0.11717502 
211 138 13 15 0.11654926 
832 141 21 24 0.11612448 
196 287 16 21 0.11482476 
664 546 15 18 0.11155533 
249 317 22 25 0.11027518 
638 336 21 25 0.10874052 
73 542 16 21 0.10806241 
653 203 20 27 0.10752072 
933 248 16 20 0.10663858 
664 3 14 17 0.10493561 
600 58 18 22 0.104674876 
724 0 13 13 0.1025856 
209 388 21 25 0.10199272 
794 414 22 29 0.10111027 
274 72 16 21 0.09714017 
391 95 14 19 0.09640966 
810 177 22 26 0.09600788 
461 294 22 26 0.096005246 
810 433 24 31 0.09583319 
474 152 17 22 0.09538445 
976 107 15 19 0.09482513 
551 385 21 26 0.09451273 
421 57 17 20 0.09241541 
605 446 25 36 0.092286356 
635 390 20 23 0.09196987 
919 267 22 29 0.08986556 
0 546 10 21 0.08838498 
358 353 14 19 0.088289976 
362 857 30 38 0.088085674 
356 330 20 29 0.08673049 
320 83 18 22 0.086099185 
651 116 19 23 0.08494818 
572 4 14 18 0.08492739 
985 0 16 12 0.08479485 
593 6 22 27 0.08387987 
506 248 16 20 0.083128214 
391 544 19 23 0.082744434 
787 273 17 23 0.080061436 
524 0 19 17 0.07895069 
819 813 39 51 0.07881374 
770 802 28 33 0.077552 
653 352 16 21 0.0764837 
748 420 21 27 0.075595096 
383 283 13 16 0.075333424 
276 591 18 24 0.07400583 
726 362 20 24 0.07286476 
243 314 19 22 0.07176476 
553 117 22 27 0.071756646 
518 435 14 18 0.07162849 
517 255 13 17 0.070452094 
394 92 21 27 0.070269585 
169 716 22 28 0.070223 
310 303 15 24 0.06965985 
326 584 19 24 0.06951884 
548 455 25 35 0.06947577 
315 201 17 23 0.06936917 
215 417 20 23 0.06895522 
209 538 16 21 0.068524554 
995 701 15 23 0.06846511 
405 267 14 18 0.06777431 
659 478 20 26 0.067649476 
491 436 15 22 0.06555716 
682 594 21 26 0.064840846 
834 449 19 24 0.064610004 
346 129 21 28 0.06427163 
626 66 16 19 0.063051745 
825 146 20 23 0.06294596 
25 157 22 26 0.06285119 
442 0 16 14 0.06251549 
378 912 51 77 0.06248165 
810 816 29 36 0.060587756 
430 138 23 28 0.05993237 
444 378 16 24 0.058717746 
406 378 20 26 0.058341872 
414 287 18 22 0.058023963 
764 245 17 22 0.05737342 
587 463 26 35 0.05636477 
959 703 24 25 0.056184385 
750 638 21 28 0.0561329 
371 30 12 16 0.05607578 
504 80 20 25 0.055866707 
340 588 16 20 0.055474777 
60 107 16 20 0.055345193 
196 46 20 24 0.05516357 
0 737 12 28 0.054987818 
976 223 17 20 0.054333597 
380 860 24 33 0.05382798 
182 307 15 20 0.053456493 
553 440 23 29 0.05328528 
3 591 18 24 0.053197533 
527 264 17 25 0.052679304 
918 531 25 30 0.052666515 
727 456 19 24 0.05208104 
883 504 16 25 0.052009184 
831 352 22 29 0.049653415 
955 234 17 23 0.049558263 
851 426 18 22 0.048907265 
35 122 12 16 0.048462857 
0 101 12 19 0.04821496 
331 756 17 18 0.04800942 
610 58 16 21 0.04785625 
121 132 18 22 0.047532983 
709 275 15 20 0.047508165 
465 330 16 19 0.04697147 
420 603 21 25 0.046885107 
803 451 21 28 0.0467988 
153 43 18 22 0.04633894 
434 694 23 32 0.046234973 
2 -1 19 18 0.04594448 
854 41 15 18 0.04590028 
259 282 20 24 0.045674406 
786 453 20 28 0.045471106 
628 381 23 28 0.045155354 
316 764 12 15 0.04510282 
76 528 16 18 0.045016885 
409 229 23 28 0.044940915 
419 424 21 26 0.044755913 
812 687 17 21 0.043990515 
288 499 16 20 0.043936577 
71 714 22 29 0.043865133 
163 42 20 24 0.04383857 
843 703 15 19 0.04286683 
395 137 16 22 0.042814944 
744 633 19 27 0.04264338 
739 169 18 21 0.04233993 
957 309 21 26 0.04233217 
62 488 19 26 0.042292587 
735 460 19 26 0.04188432 
402 0 18 14 0.041798722 
871 10 13 18 0.04177865 
48 3 16 19 0.041336957 
324 205 17 24 0.04119289 
182 561 16 19 0.04108827 
946 191 16 21 0.04076086 
778 707 24 28 0.04054213 
613 441 26 34 0.040321816 
502 472 16 21 0.04027978 
176 909 19 24 0.040277038 
30 642 21 29 0.03980116 
443 335 17 23 0.03960025 
683 486 17 25 0.039547108 
851 250 15 21 0.03941827 
491 83 17 20 0.039415196 
834 364 23 29 0.039391715 
550 155 15 18 0.039095737 
613 402 15 21 0.03841501 
840 55 22 26 0.03831585 
406 342 22 29 0.038245022 
937 239 20 25 0.038239658 
13 185 22 28 0.038225614 
729 168 20 23 0.03739509 
826 451 18 23 0.037329152 
785 130 19 24 0.037307505 
334 553 14 17 0.03709373 
393 338 20 29 0.036799148 
668 661 21 27 0.03650969 
430 87 15 19 0.036378536 
404 635 21 27 0.036247175 
647 343 21 26 0.0357709 
3 46 17 23 0.035625853 
385 15 14 18 0.035574634 
91 883 22 34 0.035261966 
1007 268 15 20 0.034719653 
664 361 21 26 0.034667503 
509 509 15 17 0.03464896 
733 208 21 28 0.03455811 
378 903 27 41 0.034500346 
720 374 21 27 0.03431366 
697 536 18 20 0.034268055 
396 122 21 28 0.034166686 
187 297 14 18 0.03409469 
344 369 16 19 0.03395111 
529 440 17 21 0.033693448 
410 242 20 23 0.033686712 
140 561 17 21 0.033311736 
348 380 16 21 0.033290856 
349 551 15 19 0.03319721 
775 458 24 30 0.03270921 
47 788 19 25 0.032323252 
457 439 17 23 0.031981006 
465 319 18 23 0.031948924 
786 410 21 28 0.031883694 
850 365 20 27 0.03176533 
147 402 17 21 0.03156518 
621 343 18 20 0.031300154 
513 437 12 16 0.031177215 
409 437 23 34 0.031139141 
292 20 17 19 0.031057483 
506 299 18 22 0.03098604 
708 145 15 21 0.03095428 
243 302 23 26 0.03068533 
491 415 22 29 0.03053669 
406 283 14 18 0.030519417 
552 36 16 21 0.030373951 
155 418 21 27 0.030219177 
877 44 20 25 0.030143969 
802 84 16 23 0.029774992 
877 394 23 29 0.029772088 
45 148 15 20 0.02953872 
783 268 16 22 0.029538652 
406 433 17 22 0.029489428 
396 263 14 19 0.029466806 
237 311 17 21 0.029355302 
658 359 17 22 0.029267425 
2 601 22 32 0.028743131 
957 161 14 21 0.028701361 
130 587 18 25 0.028359711 
167 603 22 28 0.02831587 
693 25 16 21 0.028206691 
592 611 19 23 0.027845403 
949 584 24 26 0.027650949 
150 394 17 22 0.027626228 
795 328 13 18 0.02762591 
331 562 17 20 0.0274468 
847 45 21 25 0.027182464 
716 1 17 17 0.027177854 
29 786 20 28 0.027139641 
997 231 15 20 0.027033322 
236 789 12 17 0.026945202 
48 853 19 24 0.026820604 
348 506 17 23 0.02645649 
465 225 18 22 0.026386406 
710 48 18 22 0.026344154 
650 670 22 28 0.026118986 
335 841 16 20 0.025787631 
2 62 21 28 0.025779719 
441 415 16 20 0.025698345 
21 591 23 28 0.025263416 
22 539 22 26 0.025252583 
698 581 29 31 0.025157174 
898 428 26 32 0.025152626 
851 57 22 27 0.025037915 
779 655 17 22 0.024984248 
73 101 14 18 0.024963526 
928 496 18 23 0.024887118 
130 324 14 19 0.02452507 
750 538 17 21 0.024459768 
1013 246 12 20 0.0244507 
778 209 23 29 0.024443828 
328 14 19 22 0.024419 
547 139 21 25 0.024369545 
100 511 18 21 0.023857092 
195 652 19 27 0.023842094 
1001 340 19 29 0.023753157 
600 3 18 20 0.023707123 
176 38 14 17 0.023600943 
324 760 16 17 0.023584122 
760 2 13 15 0.023499044 
91 518 18 21 0.023419391 
141 45 17 20 0.023155376 
701 120 15 20 0.023127142 
251 750 18 21 0.023105843 
374 236 16 23 0.02307202 
747 582 25 30 0.023050241 
970 215 20 23 0.022977965 
743 150 24 29 0.02296127 
290 800 14 19 0.022939608 
0 585 13 23 0.0227808 
841 349 19 23 0.02272214 
310 317 15 24 0.022712823 
741 174 23 30 0.02269025 
766 710 21 25 0.022683313 
250 123 14 17 0.02264397 
964 212 17 21 0.022629965 
567 455 26 33 0.022599394 
142 653 23 31 0.022596449 
128 1 18 19 0.022555385 
409 255 18 21 0.022439577 
580 0 13 12 0.022418758 
459 231 22 28 0.022390123 
141 402 15 19 0.022366965 
190 50 15 20 0.022247659 
425 72 21 26 0.022245754 
769 188 23 28 0.022032568 
70 144 14 19 0.021988932 
534 441 22 29 0.02169292 
19 276 18 19 0.02161962 
660 86 17 22 0.021613114 
636 482 15 19 0.021590067 
322 741 19 20 0.021579241 
347 353 20 26 0.021515729 
479 326 20 26 0.02147341 
387 879 31 38 0.021432444 
323 315 22 26 0.021343792 
800 134 22 23 0.021317737 
1010 85 13 18 0.021315603 
594 404 22 28 0.021287212 
347 724 19 22 0.021215055 
926 731 18 23 0.0212148 
370 856 40 52 0.020988587 
418 158 26 32 0.020939754 
13 150 16 21 0.020937834 
416 404 19 24 0.020887354 
803 413 19 23 0.02086969 
801 28 16 21 0.020840785 
524 445 17 22 0.020779947 
63 481 16 20 0.020755006 
235 398 23 28 0.020746527 
141 670 19 27 0.020668304 
549 448 17 22 0.020649394 
333 358 15 20 0.020601545 
199 129 18 19 0.020596469 
389 354 13 21 0.020594303 
779 20 20 27 0.02057838 
317 757 14 16 0.02056867 
840 422 21 28 0.020499576 
560 6 13 14 0.020481274 
162 312 19 24 0.020481024 
724 4 15 21 0.020473018 
231 155 14 17 0.020409847 
1011 307 12 20 0.020370055 
702 345 17 22 0.020336028 
757 180 22 27 0.0202926 
357 687 16 20 0.020158295 
895 730 18 22 0.020104866 
878 371 22 28 0.020075517 
326 565 15 19 0.020040749 
820 138 15 20 0.020010907 
