10_People_Marching_People_Marching_2_40
193
714 268 52 65 0.9990004 
519 514 97 100 0.99810934 
266 117 27 34 0.99562436 
402 156 28 36 0.99478936 
355 127 28 35 0.99476814 
47 133 37 45 0.9938286 
666 204 39 55 0.99354374 
75 447 98 131 0.99342644 
832 242 52 66 0.9930768 
944 247 43 55 0.99201375 
47 347 58 66 0.9890581 
495 145 32 34 0.98883396 
586 273 42 51 0.98733145 
564 65 15 17 0.98510206 
93 90 24 29 0.98503345 
685 248 38 49 0.9845138 
716 53 13 16 0.9833166 
681 98 18 23 0.98204446 
817 146 21 34 0.9809131 
315 143 29 36 0.9800024 
575 46 11 14 0.97816896 
98 136 27 37 0.9763667 
853 52 13 17 0.9754184 
797 66 11 15 0.9748204 
766 208 37 31 0.972852 
162 217 40 52 0.97140706 
137 80 22 28 0.9702075 
421 101 21 27 0.96509016 
230 92 20 25 0.9647674 
516 87 18 23 0.9645216 
221 196 31 41 0.95807874 
700 44 13 16 0.9543485 
709 358 41 66 0.954032 
411 45 12 15 0.95050806 
711 84 15 19 0.9471441 
822 54 12 15 0.9457079 
589 127 22 35 0.93640083 
473 107 21 27 0.9329478 
945 199 34 42 0.9199362 
741 64 13 16 0.9198127 
757 49 13 15 0.9195084 
189 80 22 27 0.8986615 
511 49 12 15 0.89841264 
792 116 24 31 0.8830071 
667 46 12 16 0.86359394 
251 85 22 24 0.79361576 
665 101 15 21 0.7757682 
983 334 33 74 0.7600781 
768 89 18 21 0.75705373 
704 255 43 61 0.7052207 
188 39 9 11 0.7035971 
464 46 13 15 0.69181955 
155 44 11 15 0.6871134 
124 382 59 74 0.68304396 
959 305 44 68 0.6524703 
142 41 8 11 0.6507863 
523 44 11 15 0.6450945 
107 42 11 15 0.6423429 
380 88 19 23 0.6314956 
57 36 11 15 0.62470925 
93 39 10 13 0.50995773 
671 152 22 36 0.509543 
113 25 8 9 0.5086769 
435 83 19 26 0.5085572 
799 108 24 33 0.50153166 
362 57 16 21 0.455682 
883 99 14 21 0.41088137 
878 83 13 17 0.4013243 
620 49 12 16 0.398846 
581 69 10 13 0.39872044 
481 47 10 12 0.32976758 
317 89 19 22 0.32769933 
283 57 15 18 0.32478917 
647 51 13 20 0.30058128 
167 57 14 16 0.28456965 
239 89 21 26 0.28281158 
491 58 11 14 0.2723296 
4 55 16 20 0.24782398 
9 28 12 15 0.23957367 
488 54 10 14 0.21760589 
622 35 11 14 0.21402465 
934 157 22 30 0.21150604 
652 54 14 19 0.21060105 
750 111 16 22 0.20794994 
557 50 12 13 0.2060603 
16 3 10 11 0.1970138 
815 53 11 14 0.19652902 
854 103 23 28 0.17297791 
461 4 7 10 0.16002697 
121 45 9 12 0.15911034 
909 462 45 89 0.15016642 
370 59 15 19 0.14324096 
282 65 16 17 0.13747922 
324 14 13 14 0.12999623 
320 73 16 20 0.1294523 
947 266 52 57 0.12796581 
99 8 7 10 0.1270705 
811 29 11 13 0.10819444 
284 20 14 17 0.10522791 
63 62 13 14 0.09920906 
808 53 11 14 0.09836324 
102 405 89 117 0.093080424 
736 83 12 16 0.09061545 
752 85 13 17 0.08912074 
906 117 19 23 0.08527154 
680 39 9 11 0.08147926 
318 36 12 15 0.07484688 
27 86 24 24 0.073736936 
880 90 15 20 0.071483426 
121 39 9 12 0.070991024 
958 342 47 73 0.0708214 
151 30 9 11 0.06896377 
665 37 9 12 0.06768326 
99 55 12 14 0.06599647 
373 31 11 14 0.06467863 
461 54 13 17 0.064631954 
242 30 11 12 0.062557414 
907 90 14 16 0.058906585 
124 37 10 12 0.05708413 
585 111 25 39 0.05662751 
0 20 7 12 0.056460228 
305 84 16 19 0.056047 
373 95 23 29 0.055551805 
677 44 11 14 0.05450263 
543 104 21 30 0.054461077 
226 56 11 13 0.052357182 
638 52 14 19 0.05126202 
304 183 32 46 0.050997697 
885 79 11 14 0.050589066 
806 46 12 14 0.04770402 
246 36 12 16 0.046828695 
359 95 22 25 0.045474604 
321 59 15 19 0.04523761 
567 49 13 17 0.044726748 
386 99 16 24 0.04439819 
631 52 13 16 0.04318159 
95 32 10 12 0.04302933 
30 31 11 14 0.04113383 
940 223 42 59 0.03915145 
521 62 11 14 0.039117668 
495 67 12 17 0.038885936 
229 34 12 15 0.03847966 
786 122 20 27 0.03840435 
151 39 11 14 0.036513187 
608 107 12 15 0.03633357 
59 30 10 15 0.03619882 
826 213 25 33 0.03618054 
876 137 24 37 0.035498746 
613 211 38 45 0.034890987 
414 68 13 15 0.033842303 
684 67 16 16 0.033158094 
458 51 11 15 0.032890424 
764 133 21 24 0.03276719 
3 45 16 21 0.032581516 
840 67 12 16 0.032163594 
662 109 15 21 0.031821564 
206 61 13 16 0.031724658 
652 47 12 16 0.031049829 
237 34 14 16 0.030399118 
332 39 10 13 0.028938564 
500 68 13 17 0.02883346 
80 133 27 39 0.028495178 
280 73 15 17 0.028481835 
252 78 17 19 0.028215794 
852 75 12 15 0.027054176 
520 40 12 13 0.026524492 
324 38 11 14 0.026449518 
239 44 12 14 0.026001085 
758 85 20 24 0.02581261 
153 25 8 10 0.025759427 
863 97 20 31 0.025496852 
942 358 48 65 0.025310552 
374 84 18 21 0.025074711 
645 114 20 26 0.025038635 
763 106 16 20 0.024494149 
422 37 11 14 0.023985064 
252 71 15 15 0.023628544 
198 60 12 14 0.023289569 
755 130 22 24 0.023225538 
458 74 13 17 0.02316087 
381 54 11 15 0.023159733 
215 44 10 12 0.02314256 
593 133 28 42 0.02285866 
174 81 30 33 0.022745995 
199 55 10 13 0.022615174 
0 35 11 16 0.022302387 
163 47 13 15 0.021667952 
736 62 13 15 0.021661902 
117 30 8 10 0.021260971 
357 109 26 33 0.02120716 
19 1 12 11 0.020929841 
137 43 10 12 0.020409305 
108 49 12 15 0.020320406 
