10_People_Marching_People_Marching_2_34
612
623 718 34 45 0.99718094 
524 710 31 40 0.9963722 
863 720 31 38 0.99373454 
713 702 24 30 0.991422 
759 748 29 28 0.9901972 
994 721 29 45 0.98994094 
342 643 12 16 0.9871449 
590 688 24 30 0.9853522 
670 709 21 29 0.98279774 
836 670 20 27 0.97630686 
84 735 22 28 0.97156984 
403 720 18 24 0.9593819 
101 682 16 21 0.95149434 
456 638 12 16 0.93988615 
511 689 21 31 0.9277184 
176 749 27 27 0.92484796 
399 658 15 19 0.9168115 
167 635 10 14 0.9165108 
371 642 11 15 0.91539586 
605 623 9 12 0.905772 
307 626 12 14 0.88926476 
305 716 21 25 0.85471576 
40 684 12 17 0.85379815 
244 641 12 17 0.8370602 
32 621 9 12 0.7945721 
448 686 13 16 0.79031515 
663 668 14 16 0.77688587 
174 690 15 18 0.7514037 
262 670 12 14 0.7286179 
219 670 12 16 0.69812524 
464 592 9 12 0.6641469 
127 606 8 10 0.65005046 
423 692 12 19 0.6468708 
279 629 9 11 0.62601924 
100 557 10 12 0.6206591 
702 681 15 19 0.6062353 
810 638 15 17 0.60417104 
612 663 12 16 0.5997521 
81 599 9 11 0.58379024 
13 621 9 12 0.5711936 
250 583 8 11 0.56769925 
173 713 14 22 0.5614123 
93 620 10 12 0.5453135 
193 535 8 10 0.5390918 
623 627 11 13 0.5370115 
301 589 8 10 0.5279143 
668 612 9 11 0.52082634 
229 597 8 10 0.5002843 
64 637 10 14 0.46593866 
525 584 8 11 0.45711336 
951 661 18 27 0.43999693 
102 606 9 11 0.43097183 
764 592 9 10 0.4150937 
785 549 8 10 0.4031404 
339 607 8 11 0.3993461 
365 566 8 10 0.38960025 
480 627 10 13 0.38667393 
246 565 8 9 0.37216297 
445 592 9 10 0.3688051 
57 576 8 10 0.36445275 
715 661 12 15 0.35270047 
80 632 10 13 0.3526699 
822 590 9 10 0.34333402 
342 576 7 9 0.3350573 
560 707 27 34 0.31812385 
386 639 9 11 0.3049196 
358 638 9 11 0.29982302 
734 581 10 13 0.27858576 
346 624 9 11 0.2728285 
72 605 8 10 0.2712798 
752 610 11 13 0.24650179 
326 648 11 15 0.24426322 
746 552 7 9 0.2419546 
226 727 14 24 0.24145946 
732 604 11 14 0.23752934 
801 568 8 11 0.23014286 
665 532 9 11 0.22975513 
1000 653 11 18 0.22379656 
380 559 8 9 0.21771736 
37 651 12 13 0.21453407 
458 582 7 9 0.2117438 
72 567 8 10 0.20600064 
752 575 9 12 0.20596005 
507 623 11 12 0.19643149 
227 679 14 20 0.19573204 
120 572 8 10 0.19132185 
508 639 10 11 0.1912537 
295 569 7 9 0.18871854 
258 597 8 10 0.1859798 
277 585 7 9 0.18527542 
220 638 9 11 0.18291262 
105 644 12 17 0.18148589 
377 582 8 10 0.17895907 
384 670 18 20 0.17841254 
299 681 13 17 0.17828883 
193 563 9 11 0.17504111 
928 568 7 9 0.17464492 
838 585 8 10 0.16873118 
673 519 8 9 0.16851237 
578 614 10 12 0.16810812 
317 718 20 29 0.16725698 
0 559 7 12 0.16695555 
363 550 8 10 0.16626605 
914 524 7 9 0.16448186 
338 592 9 10 0.16323559 
452 548 8 10 0.15863991 
66 564 8 10 0.15846714 
337 692 16 19 0.1573551 
845 645 14 16 0.15711415 
693 580 8 10 0.15623206 
552 624 10 12 0.1536072 
-1 612 7 11 0.15317445 
246 600 8 10 0.15249313 
416 598 8 10 0.14930423 
821 611 10 13 0.14583558 
437 629 9 11 0.14366467 
912 549 8 9 0.14167655 
943 599 10 12 0.14159617 
141 682 15 18 0.1410348 
559 590 8 9 0.13827759 
900 630 12 16 0.13805507 
511 581 8 10 0.13764365 
224 613 9 11 0.13720465 
725 622 10 13 0.13710155 
189 577 8 10 0.13518679 
775 520 7 8 0.13493612 
65 620 9 11 0.13374156 
223 683 13 19 0.13197799 
386 590 8 10 0.13033131 
32 552 8 9 0.1273653 
143 609 7 9 0.12499207 
693 680 17 22 0.12458272 
760 526 7 9 0.12187557 
854 629 12 15 0.1218414 
17 572 8 10 0.120754935 
959 569 7 9 0.11765066 
318 684 12 18 0.117627405 
460 525 8 10 0.117458194 
317 613 9 11 0.117363796 
319 663 10 13 0.11683204 
408 549 7 9 0.116344996 
536 627 8 11 0.11571282 
257 591 8 11 0.115153685 
991 603 12 14 0.114678405 
839 615 11 14 0.113643974 
153 548 8 10 0.112932146 
22 573 7 10 0.11209294 
149 596 8 10 0.111650355 
242 599 8 10 0.11162972 
782 584 7 10 0.107082374 
567 590 8 9 0.10636228 
77 568 8 10 0.10333196 
381 624 8 11 0.10237508 
903 560 8 10 0.09985291 
562 651 12 14 0.0996184 
206 551 7 9 0.098587535 
638 668 12 15 0.09777783 
489 603 9 11 0.09646108 
641 692 18 20 0.09571021 
166 661 10 14 0.095703386 
633 613 9 10 0.09550414 
750 514 6 8 0.094748355 
855 607 9 12 0.09433634 
552 574 7 10 0.09383725 
657 577 8 10 0.092548154 
630 606 9 10 0.092271835 
446 609 9 11 0.09132546 
418 534 8 10 0.09062528 
269 615 8 10 0.09054374 
505 644 10 13 0.09027526 
901 565 10 11 0.08971357 
727 511 7 10 0.08830268 
854 622 11 13 0.08822682 
205 584 8 9 0.08690469 
317 645 12 15 0.08508143 
898 566 9 11 0.084084414 
325 560 7 10 0.084046595 
493 645 10 12 0.08352259 
384 534 7 9 0.08331078 
491 525 7 9 0.08277841 
990 627 11 14 0.0814711 
304 390 8 10 0.080758296 
560 672 15 17 0.08060275 
742 438 7 9 0.07956195 
624 588 8 10 0.07904316 
1005 638 11 13 0.078715056 
68 615 10 12 0.07794945 
278 588 7 10 0.07772945 
373 416 8 10 0.07765566 
1011 588 10 13 0.07739029 
746 534 7 9 0.07732161 
984 588 11 12 0.076799825 
350 533 8 10 0.07646878 
497 592 10 10 0.07603589 
231 660 12 16 0.07539962 
657 509 7 10 0.074357495 
623 511 8 9 0.074211515 
294 601 9 10 0.0741579 
166 609 8 10 0.072383426 
520 653 10 14 0.06995564 
674 452 7 9 0.06957575 
470 695 16 17 0.069470994 
27 559 7 9 0.06925713 
571 700 23 32 0.06920672 
850 598 7 10 0.068737544 
686 607 9 10 0.068645924 
535 598 9 10 0.06755964 
407 597 8 10 0.06731111 
725 611 11 14 0.06648794 
578 746 18 25 0.066194855 
785 535 7 9 0.065368995 
359 544 8 10 0.065131955 
681 485 7 9 0.063354775 
134 607 8 11 0.062737584 
960 603 13 14 0.062141523 
751 535 7 8 0.06161136 
382 629 9 10 0.06159682 
929 605 10 13 0.06020045 
22 568 8 10 0.05967371 
94 685 14 19 0.059555847 
150 465 7 9 0.059374135 
274 629 10 12 0.059035048 
254 644 11 16 0.05800989 
806 516 7 9 0.05784398 
935 541 8 10 0.057771828 
552 697 22 27 0.057352252 
505 417 6 8 0.05731539 
521 623 9 11 0.057206366 
224 545 7 9 0.057140075 
877 621 8 11 0.056872133 
200 615 8 9 0.056862958 
341 610 9 12 0.056256343 
318 471 7 9 0.056188606 
32 590 8 11 0.055625834 
815 574 8 9 0.055188272 
857 612 10 13 0.055001892 
935 518 7 8 0.054998968 
240 614 8 11 0.054902297 
184 440 7 9 0.05440673 
109 509 9 10 0.054194085 
746 658 11 15 0.054107994 
405 423 7 9 0.05406201 
559 608 8 10 0.053965747 
1006 630 10 10 0.053783733 
161 613 8 9 0.053734526 
1 528 6 9 0.05320573 
833 589 8 10 0.05320186 
501 666 16 19 0.053201064 
638 581 8 10 0.052595355 
144 629 9 11 0.052571908 
337 611 9 11 0.052520264 
527 625 8 10 0.052177653 
696 568 8 9 0.05204349 
320 678 11 15 0.0516961 
191 608 8 10 0.0515451 
157 439 7 9 0.05095495 
661 576 8 9 0.049940556 
582 677 16 19 0.049857177 
494 640 10 11 0.049557794 
590 644 9 11 0.049485177 
1015 532 9 14 0.049186382 
439 529 7 9 0.048570156 
314 472 7 9 0.04830851 
148 624 9 11 0.048075523 
943 543 7 10 0.047953833 
513 526 7 8 0.047858167 
416 691 13 20 0.047740955 
719 577 8 10 0.047704875 
16 521 8 10 0.047253236 
261 594 7 9 0.047028013 
425 550 7 9 0.04695219 
807 605 9 11 0.046926815 
455 631 10 13 0.04680146 
982 638 12 13 0.046733815 
151 655 11 14 0.04666113 
192 625 8 9 0.046630763 
407 439 7 9 0.046461724 
847 621 11 14 0.04604071 
278 542 7 8 0.046031617 
687 613 10 12 0.04600497 
159 658 12 16 0.045974325 
462 662 12 15 0.045790624 
834 552 6 7 0.045568716 
898 636 16 21 0.045526657 
505 627 11 13 0.04512438 
824 511 8 9 0.045089085 
593 577 9 10 0.044746403 
745 613 9 12 0.04431236 
312 645 11 14 0.04398465 
358 642 10 14 0.04389665 
495 598 9 11 0.04360237 
580 618 11 13 0.043475326 
103 611 9 11 0.043295577 
289 604 9 12 0.04306896 
281 600 8 10 0.042119287 
815 606 10 13 0.04203407 
976 573 7 9 0.041659296 
396 638 11 12 0.04141604 
758 549 8 9 0.040628135 
800 757 19 18 0.040589247 
860 646 14 19 0.04037582 
231 551 7 8 0.04026797 
878 417 7 8 0.04023794 
463 568 8 10 0.0398917 
567 566 8 10 0.039774656 
493 604 10 10 0.039537895 
975 447 7 8 0.03937167 
777 588 8 10 0.039353386 
631 601 8 10 0.039204266 
934 604 12 16 0.039173607 
294 629 10 12 0.0390926 
309 683 13 18 0.038967054 
590 589 7 10 0.03866887 
658 560 7 9 0.038549203 
430 582 7 9 0.038521282 
198 520 7 8 0.03849975 
940 608 12 17 0.038492944 
6 692 12 15 0.03839766 
462 574 8 9 0.038285892 
710 591 8 11 0.03807998 
304 615 8 10 0.038075328 
905 414 7 9 0.038016245 
280 566 8 9 0.03787878 
12 549 9 11 0.03787271 
399 528 7 9 0.037858974 
959 478 7 9 0.037800226 
848 592 8 11 0.0375503 
686 552 7 10 0.037501346 
592 582 9 10 0.037407603 
728 600 10 13 0.037368737 
554 592 8 9 0.037273105 
671 303 9 10 0.03718727 
655 456 6 8 0.037098967 
759 544 8 9 0.037035126 
833 564 9 10 0.036659993 
136 637 9 11 0.03663031 
644 685 14 16 0.036580686 
440 533 6 8 0.036560252 
857 486 7 9 0.036515485 
240 605 9 10 0.03647689 
649 455 7 10 0.036319137 
936 497 6 8 0.03631049 
256 495 7 8 0.036156017 
295 373 7 9 0.03588119 
442 583 7 9 0.03575789 
791 525 8 9 0.035664544 
192 613 8 10 0.035426516 
78 464 7 9 0.035376247 
842 481 6 9 0.03535175 
705 598 8 11 0.035255305 
473 584 8 10 0.035190407 
0 669 7 14 0.034980185 
289 374 7 9 0.034951683 
447 629 10 12 0.034816694 
874 519 7 9 0.034710333 
857 634 12 15 0.034391824 
583 608 8 10 0.034290977 
424 474 7 8 0.03420724 
786 469 7 9 0.03416667 
284 628 10 12 0.03411029 
962 598 12 13 0.034100536 
399 471 7 9 0.033986654 
785 545 7 9 0.03383301 
328 543 9 10 0.033717733 
17 525 7 9 0.033677254 
54 631 9 11 0.03360273 
520 614 9 11 0.033601567 
134 654 10 15 0.03356614 
322 566 7 9 0.033449687 
441 608 9 10 0.033355147 
305 477 6 8 0.033107422 
70 376 7 9 0.033097178 
208 622 9 10 0.03294398 
971 651 14 17 0.032885246 
737 350 7 9 0.032722823 
200 526 7 9 0.03240601 
469 597 9 11 0.032389972 
72 572 9 10 0.032379348 
779 664 15 22 0.03232947 
6 699 14 17 0.032091204 
637 614 9 10 0.032024927 
341 581 9 10 0.03199372 
183 624 8 10 0.031934023 
78 603 10 11 0.031869933 
424 399 7 9 0.03183388 
616 606 9 10 0.031713013 
259 645 12 15 0.031592615 
228 614 8 11 0.031575825 
590 466 6 8 0.031526502 
562 677 18 20 0.031477857 
207 673 10 14 0.031341895 
761 595 10 12 0.031303912 
672 513 7 9 0.031282272 
425 433 8 10 0.031130644 
25 621 10 13 0.031073516 
312 614 10 11 0.031054689 
468 591 9 11 0.03100686 
426 620 8 11 0.030984791 
559 612 9 11 0.030962251 
866 482 7 9 0.030943802 
880 458 6 9 0.03077061 
221 734 21 28 0.030727763 
741 581 9 12 0.030642979 
1012 637 10 14 0.030601097 
90 616 9 11 0.030526334 
859 620 11 14 0.030475115 
40 568 9 10 0.03035773 
361 614 8 10 0.030337164 
177 622 8 10 0.030296054 
938 653 20 32 0.030212866 
878 519 7 9 0.03013456 
178 601 7 8 0.030042702 
335 544 8 10 0.029711114 
134 548 8 10 0.029691821 
157 549 8 10 0.029691 
727 541 7 9 0.029688345 
425 581 7 9 0.029571895 
730 527 7 9 0.029569006 
223 632 9 11 0.029485274 
381 583 9 11 0.02941076 
72 500 9 11 0.02928165 
747 496 7 8 0.029263001 
661 505 7 9 0.029238174 
771 520 7 9 0.029228447 
351 606 9 11 0.029160151 
542 628 8 11 0.029135345 
2 468 7 11 0.028860686 
936 599 10 14 0.028779974 
665 463 7 8 0.028623702 
287 600 8 10 0.028519733 
474 376 7 9 0.028503561 
710 664 14 18 0.028465148 
863 485 8 9 0.028446961 
474 622 12 15 0.028334428 
992 621 11 14 0.028326763 
918 415 7 8 0.028321357 
48 558 7 10 0.028313898 
8 525 7 10 0.028307881 
25 509 7 9 0.028277116 
125 573 8 9 0.0282524 
318 382 8 9 0.028153691 
230 667 12 17 0.02815291 
318 542 8 9 0.028067125 
695 502 6 8 0.028036132 
631 582 8 10 0.027994854 
118 593 8 10 0.02786471 
84 635 9 13 0.027759066 
928 517 8 9 0.027724156 
421 528 7 9 0.02771375 
30 480 7 9 0.027483905 
429 622 8 11 0.027454248 
591 478 7 9 0.02741758 
544 566 8 10 0.027274577 
695 496 6 8 0.027207887 
1008 583 11 15 0.027175516 
952 478 7 9 0.027145498 
850 521 8 9 0.027093394 
849 606 9 11 0.027021734 
70 511 8 11 0.027001027 
745 479 7 9 0.026913257 
390 623 10 11 0.02682102 
495 651 12 15 0.026768923 
918 520 8 9 0.02672849 
546 690 17 21 0.026683873 
602 375 6 8 0.026677592 
278 398 7 9 0.026635528 
905 454 7 9 0.02659859 
518 527 7 9 0.026467765 
933 536 8 10 0.026418405 
307 438 7 9 0.026297776 
746 517 7 9 0.026216036 
49 638 9 10 0.02618145 
114 573 8 10 0.02602637 
518 504 7 9 0.025950544 
408 592 8 10 0.025926562 
69 631 10 12 0.025894018 
798 628 10 13 0.025832381 
768 544 7 9 0.025696037 
15 545 7 9 0.025559686 
848 627 14 15 0.025535082 
771 535 7 8 0.025454102 
501 651 11 14 0.025441904 
912 493 7 9 0.025401436 
774 327 7 9 0.025328852 
217 573 7 10 0.025303831 
128 583 8 9 0.025293631 
55 636 9 13 0.025284538 
879 630 9 12 0.025138844 
500 598 9 11 0.02513694 
297 586 8 10 0.025107266 
480 599 8 10 0.025091631 
558 599 8 9 0.02499947 
265 620 8 12 0.024969304 
694 576 8 10 0.024907162 
768 574 9 10 0.024849849 
78 642 10 13 0.024830218 
206 615 8 10 0.024801688 
361 608 8 10 0.024747899 
793 328 7 9 0.024747863 
705 591 8 11 0.024667453 
677 521 7 9 0.024633711 
818 590 8 10 0.024537006 
766 565 8 10 0.02452639 
586 478 7 9 0.024287054 
98 439 7 9 0.024249038 
224 549 7 9 0.024223361 
848 637 14 16 0.02418309 
515 504 7 8 0.024178151 
793 446 7 9 0.024143415 
36 550 9 11 0.024113635 
21 527 8 8 0.02409699 
687 599 7 9 0.024076791 
617 582 8 9 0.024075665 
72 600 8 11 0.024025338 
838 367 8 9 0.023932364 
202 600 7 9 0.023922017 
196 661 10 12 0.023919296 
905 314 12 15 0.0237732 
327 726 19 24 0.023742808 
232 558 8 9 0.02372122 
31 505 7 9 0.023700789 
851 644 18 24 0.023680557 
141 480 8 10 0.023671756 
342 543 7 9 0.023669569 
806 533 8 9 0.023634294 
629 525 9 11 0.023594048 
149 644 11 13 0.023571776 
393 527 7 8 0.023543684 
273 536 7 9 0.02352384 
24 487 8 8 0.023510473 
619 628 11 13 0.023416676 
810 589 7 10 0.023344722 
236 714 13 22 0.023278967 
80 616 9 10 0.02327365 
617 590 8 10 0.023215478 
248 632 10 12 0.023154166 
954 568 8 9 0.023140647 
924 651 23 32 0.023138473 
767 549 7 9 0.023106003 
319 650 12 15 0.023092749 
390 614 9 10 0.023065403 
983 653 12 17 0.02305044 
880 421 7 9 0.022992158 
185 605 7 10 0.022943947 
882 688 18 21 0.022938842 
100 716 15 19 0.02290528 
201 576 8 11 0.022841355 
968 572 8 10 0.02280899 
68 642 11 14 0.022718886 
365 613 8 11 0.022684075 
799 488 8 9 0.02267605 
1015 509 8 10 0.022626352 
458 590 8 11 0.022546256 
730 503 6 9 0.02250451 
110 661 11 14 0.02250198 
198 622 8 10 0.022492232 
0 722 13 20 0.022484899 
184 629 8 11 0.02245808 
870 559 7 10 0.022227855 
442 597 9 10 0.022029612 
630 589 8 10 0.022008318 
577 536 7 9 0.021889698 
61 580 9 11 0.021882186 
577 597 7 10 0.021754175 
545 575 8 10 0.021696154 
171 660 11 15 0.021675799 
432 544 7 9 0.021477388 
724 652 12 14 0.021334665 
650 637 11 15 0.02129133 
1008 567 9 12 0.021263072 
121 599 8 10 0.021254309 
538 526 7 9 0.02123931 
218 543 7 9 0.021209594 
679 613 11 13 0.021203853 
784 608 8 11 0.021179685 
398 559 7 10 0.021176537 
48 631 9 10 0.021141004 
882 461 6 8 0.021119213 
535 575 8 10 0.021021355 
191 645 8 12 0.02101183 
264 486 7 9 0.021002796 
1014 524 10 15 0.020994853 
922 575 7 9 0.020974284 
377 577 9 10 0.020954665 
537 582 7 10 0.020949366 
703 570 8 9 0.02089788 
553 608 8 9 0.020896368 
486 659 12 16 0.020893034 
538 503 7 10 0.020885663 
621 576 8 9 0.020842277 
184 638 9 12 0.020828154 
881 574 8 11 0.020778397 
415 592 8 10 0.020758688 
365 709 12 16 0.020739786 
10 574 8 10 0.020672038 
977 416 7 9 0.020657629 
79 622 10 12 0.0206491 
382 553 8 10 0.020485422 
97 553 10 12 0.02045332 
0 534 7 10 0.020430222 
113 592 8 10 0.02042569 
802 534 7 9 0.020407515 
178 456 7 8 0.02039682 
447 518 7 9 0.020391082 
252 630 10 11 0.020321157 
751 557 8 10 0.02031954 
440 550 7 9 0.020318689 
287 623 9 12 0.020273397 
294 430 7 8 0.02026017 
999 628 10 13 0.020246506 
207 449 7 9 0.020190379 
385 528 8 9 0.020186186 
