10_People_Marching_People_Marching_10_People_Marching_People_Marching_10_People_Marching_People_Marching_10_1024
195
912 1786 51 57 0.9984653 
2 1691 58 65 0.99820924 
367 1897 71 79 0.9982003 
211 1967 79 90 0.9981823 
953 1930 58 62 0.9980737 
614 1989 75 83 0.9977417 
400 1788 57 60 0.99696916 
728 1853 52 57 0.9969266 
175 1748 49 53 0.9941783 
595 1764 33 36 0.99142295 
663 1806 35 42 0.99129593 
884 1687 35 42 0.98957086 
491 1720 30 38 0.9893321 
515 1845 39 47 0.9886656 
860 1781 40 47 0.98591346 
78 1707 47 52 0.98572034 
461 1042 28 38 0.9855236 
797 1786 44 48 0.9850117 
341 1752 34 46 0.98377395 
610 1830 43 48 0.9826455 
580 1900 45 50 0.9795759 
549 1774 30 36 0.9761371 
268 1747 40 48 0.9721276 
907 1080 38 44 0.9695547 
859 1726 37 39 0.9614502 
452 1830 34 39 0.95741695 
206 1054 26 32 0.95691097 
280 1048 22 29 0.9347183 
124 1707 40 52 0.8854514 
764 1738 37 44 0.8763216 
634 1756 29 32 0.8603484 
220 1754 29 39 0.8568682 
572 1041 24 28 0.84365594 
995 1090 27 36 0.7977716 
985 1758 38 52 0.72822714 
711 1087 23 33 0.70499766 
230 1716 34 39 0.69290596 
466 1767 29 34 0.6478672 
65 294 19 23 0.62416327 
490 1041 19 25 0.597388 
326 1048 17 21 0.5436471 
673 1746 22 26 0.51440954 
707 1072 25 35 0.49474758 
508 1791 32 38 0.41625562 
177 1059 15 21 0.41193193 
774 1030 26 31 0.33982834 
397 344 19 23 0.32472345 
348 1010 18 21 0.32404748 
696 1756 23 27 0.31680796 
685 1007 18 21 0.30968383 
792 203 34 40 0.28490436 
446 362 16 21 0.28306788 
287 1738 31 40 0.2771841 
651 1043 17 26 0.2681276 
366 1732 23 29 0.26686782 
971 1096 22 32 0.2611172 
665 1017 17 21 0.25677606 
411 1058 25 30 0.25132656 
736 324 27 31 0.23565847 
779 306 35 40 0.20804697 
177 358 13 15 0.1887738 
840 1040 23 29 0.17584202 
986 1668 26 31 0.17120577 
848 1066 27 33 0.16719495 
734 1775 22 27 0.14817892 
314 321 27 36 0.14494069 
642 1003 21 26 0.117912725 
309 1039 17 23 0.11697259 
923 1725 30 40 0.11420398 
215 362 13 14 0.11223432 
560 1023 16 20 0.11007859 
382 1053 23 28 0.100028455 
686 1055 19 26 0.097129315 
699 343 23 26 0.095391676 
95 361 15 18 0.094865836 
956 1087 24 31 0.08847845 
361 368 25 28 0.08838626 
948 1083 23 30 0.0879675 
741 237 29 33 0.08608132 
932 1079 28 35 0.076192416 
518 360 12 15 0.07583699 
313 1043 20 26 0.07574512 
18 337 26 33 0.07475662 
1 960 31 45 0.07460406 
671 1728 23 27 0.07397622 
664 1094 21 29 0.06965768 
162 365 14 18 0.068815604 
645 209 17 21 0.06445226 
29 333 24 32 0.06319172 
296 1043 23 30 0.062351108 
475 1043 27 34 0.06174533 
778 1040 26 31 0.059887618 
54 348 23 29 0.0586541 
247 1039 23 28 0.05640649 
669 369 24 31 0.05591294 
135 1689 30 42 0.05336764 
217 1720 34 40 0.051694274 
786 1055 22 28 0.05142698 
0 1915 56 102 0.051302977 
249 1001 19 20 0.0497426 
384 376 21 28 0.049039736 
145 362 17 20 0.048813123 
101 1024 23 27 0.048709173 
781 1002 24 28 0.048658025 
709 1736 17 22 0.048335835 
704 1741 22 29 0.047195416 
460 1986 43 54 0.046117924 
476 364 14 16 0.045925736 
82 1053 30 40 0.045566157 
775 1015 28 33 0.044493288 
292 985 21 28 0.044278994 
40 337 25 34 0.043969844 
479 1770 21 26 0.042950004 
797 1054 21 28 0.042937957 
671 1013 21 25 0.042841 
545 1049 22 26 0.04250221 
811 1753 27 32 0.04236109 
904 398 25 34 0.042317707 
656 1040 23 30 0.042147808 
720 1082 25 31 0.042077746 
15 1026 40 62 0.042012583 
414 1068 31 34 0.041773632 
690 1041 17 22 0.037693694 
763 1023 29 33 0.03682309 
829 1033 25 33 0.036167976 
98 355 20 27 0.035822608 
238 353 16 19 0.035549447 
160 1624 30 37 0.03548466 
85 1033 42 52 0.035193693 
560 1028 22 28 0.03514893 
760 2245 117 131 0.034473557 
245 1013 29 32 0.034468446 
83 353 24 28 0.034326192 
940 1081 16 23 0.03321994 
974 1192 23 31 0.033083647 
667 347 33 40 0.032904487 
696 1008 15 21 0.032548647 
408 346 16 20 0.032121796 
550 1023 22 24 0.031712662 
766 1044 23 29 0.031691164 
462 344 14 16 0.03134424 
923 1750 30 37 0.030475063 
920 363 24 28 0.030264508 
35 1015 25 33 0.030258667 
397 1048 28 34 0.029400695 
87 1030 26 30 0.028438771 
143 397 13 16 0.027515547 
427 1809 49 52 0.027497673 
961 1687 26 33 0.027419424 
113 1027 18 23 0.026641252 
282 505 17 22 0.026165882 
717 985 17 22 0.026142236 
715 1000 16 19 0.02600251 
347 364 26 32 0.025859335 
769 1003 25 30 0.025629861 
227 1726 21 25 0.02551898 
496 1037 16 20 0.025339028 
570 1778 25 31 0.02488265 
348 1055 24 31 0.024829462 
689 300 17 20 0.024823587 
714 1012 16 18 0.024605684 
153 360 19 25 0.02459608 
44 350 24 32 0.024519637 
295 1729 27 36 0.02424693 
728 1711 11 14 0.02420781 
798 523 12 15 0.023957899 
298 968 21 29 0.02384958 
591 357 10 12 0.023816697 
77 399 14 20 0.023626974 
138 1010 18 22 0.023516346 
33 1041 25 34 0.023310255 
736 1815 30 38 0.02323127 
973 1678 28 37 0.023208905 
301 315 33 36 0.023181204 
684 351 31 37 0.022761222 
605 995 20 26 0.02274392 
360 1743 30 39 0.022680484 
626 350 24 27 0.022390949 
108 1710 38 43 0.02226745 
155 1633 52 64 0.022162175 
891 1085 38 39 0.021853426 
703 1044 21 27 0.021674039 
250 1052 18 22 0.021641077 
731 1084 17 22 0.021626852 
233 1714 22 25 0.02156205 
179 376 15 18 0.021104865 
771 1000 17 20 0.021004574 
854 350 26 30 0.020824509 
393 381 18 24 0.020649826 
671 1778 23 28 0.02057799 
534 366 11 13 0.020488802 
651 204 22 30 0.020367697 
321 1035 21 26 0.02017163 
461 1972 35 46 0.020136384 
167 1059 17 20 0.020134414 
