10_People_Marching_People_Marching_2_259
211
562 462 17 20 0.96774787 
621 466 15 19 0.96234405 
326 250 14 16 0.95676935 
53 366 13 18 0.9476304 
393 466 17 19 0.93835044 
533 414 13 17 0.93818104 
225 460 17 20 0.93648195 
337 472 16 19 0.92894393 
557 354 13 17 0.9203763 
747 415 14 17 0.91854995 
262 404 15 19 0.91745746 
364 204 10 12 0.90689164 
469 326 12 16 0.9058158 
802 406 14 18 0.9034407 
348 361 13 17 0.903314 
147 403 17 22 0.8710807 
283 472 16 19 0.8692615 
607 284 12 17 0.85959387 
688 413 14 17 0.8542197 
444 355 15 19 0.85009515 
296 362 13 17 0.8467693 
638 422 15 19 0.8382353 
369 408 15 19 0.8374165 
625 205 9 12 0.83521694 
611 365 15 18 0.8260171 
683 357 14 19 0.8206862 
678 464 16 20 0.81778324 
166 460 18 21 0.8132592 
329 210 10 13 0.812765 
627 258 13 15 0.8122561 
786 462 16 20 0.8086457 
208 410 14 16 0.80378866 
592 321 13 16 0.7952388 
495 363 14 17 0.7895135 
505 464 16 18 0.76618874 
733 464 16 19 0.7292453 
499 289 13 15 0.7068612 
420 410 15 19 0.70519465 
445 174 10 12 0.6986777 
486 157 9 12 0.69818485 
943 414 12 16 0.680673 
558 284 12 15 0.67274624 
397 367 14 17 0.67124194 
451 472 15 18 0.64718246 
918 362 15 19 0.6320417 
665 207 11 14 0.61309505 
402 173 9 12 0.60995996 
314 408 15 17 0.6039812 
706 219 10 13 0.598781 
881 461 18 22 0.59522504 
475 408 14 17 0.59103805 
422 283 11 15 0.5683547 
854 404 15 18 0.5538225 
428 195 11 14 0.54787475 
282 205 9 12 0.54620075 
682 259 15 17 0.50999266 
834 467 17 21 0.4986092 
121 284 12 15 0.49656332 
711 278 13 19 0.4913383 
342 308 16 20 0.490864 
364 277 14 19 0.47731164 
234 366 13 16 0.4674113 
762 196 10 12 0.4592456 
176 368 13 16 0.45806375 
567 173 10 12 0.4497991 
533 258 11 13 0.44114012 
207 205 10 12 0.43333828 
448 287 14 19 0.43009773 
640 316 13 17 0.36282367 
523 174 10 12 0.35038257 
431 265 12 14 0.34447095 
665 281 12 16 0.3295056 
672 417 13 16 0.30838346 
92 466 15 19 0.28804466 
270 275 13 17 0.28163198 
895 399 12 18 0.27861708 
167 229 9 12 0.24553709 
909 363 11 14 0.2251125 
803 355 14 19 0.19418801 
589 418 14 19 0.18549298 
626 341 14 18 0.17967561 
555 198 14 17 0.17916876 
475 267 14 17 0.17583396 
860 313 13 18 0.17341815 
636 413 15 19 0.16383478 
512 293 13 16 0.16041856 
708 322 11 15 0.14536841 
394 308 12 15 0.13726556 
610 276 14 18 0.13506986 
257 295 11 14 0.1341285 
596 225 13 15 0.13033019 
252 381 13 16 0.12744245 
846 281 12 15 0.1262114 
793 245 10 14 0.123737894 
574 280 13 16 0.11873784 
590 197 11 15 0.11510414 
283 256 18 20 0.11478774 
538 380 15 20 0.11282944 
408 286 12 16 0.105274566 
527 316 13 16 0.10481824 
311 467 13 15 0.101326026 
597 388 13 16 0.09744951 
206 397 12 15 0.09244737 
514 314 12 15 0.09207515 
556 343 14 18 0.09105877 
235 356 14 16 0.08924937 
492 475 13 15 0.08883351 
485 324 12 16 0.087955855 
378 390 16 19 0.08641818 
114 319 14 18 0.08542733 
475 399 13 16 0.07829269 
431 375 11 14 0.07759816 
283 317 12 16 0.076912224 
732 415 12 15 0.076878496 
742 347 12 15 0.075739175 
796 228 11 14 0.07420829 
892 386 13 18 0.07380709 
512 181 10 13 0.07312926 
157 465 15 17 0.07271126 
744 354 13 18 0.07205544 
514 342 14 17 0.06857775 
459 421 13 16 0.06657533 
732 454 15 17 0.06560705 
533 315 12 18 0.06527306 
468 520 12 16 0.06525272 
191 388 12 15 0.06392012 
312 381 13 15 0.06269056 
466 308 10 13 0.06252618 
452 347 15 19 0.06071064 
797 222 10 13 0.060547493 
377 350 13 15 0.05978266 
813 259 10 13 0.0585789 
177 358 14 17 0.05807014 
377 372 14 16 0.05709878 
565 198 13 16 0.05364422 
813 354 17 20 0.05061368 
118 366 13 15 0.048670318 
296 433 13 19 0.048184987 
415 317 12 16 0.046894427 
485 309 12 15 0.04672277 
682 274 15 16 0.04632006 
582 324 12 14 0.046064954 
624 450 13 17 0.045048878 
803 267 11 15 0.043093808 
624 442 13 17 0.043026906 
314 373 11 14 0.041733146 
945 400 11 13 0.04120129 
171 250 11 15 0.0409215 
423 303 11 14 0.040474508 
377 380 15 17 0.040204316 
519 178 11 14 0.039775904 
430 383 14 18 0.039150868 
287 300 11 14 0.038256582 
608 419 13 17 0.037718907 
315 397 15 18 0.037130967 
91 453 15 16 0.03705471 
539 313 14 19 0.03644433 
332 382 13 16 0.036380265 
607 272 14 15 0.035994254 
155 389 15 18 0.035945673 
523 516 12 16 0.03580084 
192 437 12 18 0.035548206 
678 454 14 18 0.034993984 
472 190 10 13 0.034652073 
570 421 14 18 0.033413924 
849 384 23 32 0.033306412 
775 286 9 14 0.033067036 
527 385 12 17 0.032550618 
768 214 11 14 0.03225856 
110 475 14 16 0.0320045 
573 201 12 16 0.03165387 
275 268 15 18 0.031586826 
516 422 11 14 0.03066994 
594 413 13 17 0.030181224 
636 408 14 15 0.030047977 
900 428 14 16 0.02975384 
746 438 16 20 0.029336687 
856 341 11 15 0.02920719 
446 277 13 16 0.028108027 
519 275 12 16 0.027755743 
840 284 10 14 0.027390216 
759 202 10 15 0.026822329 
873 334 10 12 0.026731828 
905 359 12 14 0.026718754 
283 462 17 20 0.026407711 
620 357 13 17 0.026166076 
265 398 14 18 0.025615392 
392 313 12 16 0.02531479 
339 460 15 18 0.02505912 
395 455 16 19 0.024867557 
149 394 20 25 0.024285495 
198 409 12 17 0.024262153 
518 428 12 15 0.023508312 
918 373 14 18 0.023359695 
934 378 11 16 0.023259165 
502 473 15 17 0.023223162 
451 463 16 19 0.02294402 
888 393 14 22 0.022916347 
850 380 14 18 0.022718381 
155 247 11 15 0.022517558 
378 335 16 20 0.022185484 
534 309 14 17 0.02209984 
845 290 10 14 0.021983134 
901 461 16 19 0.021339292 
840 293 10 13 0.021125725 
798 235 10 13 0.020986177 
807 245 9 13 0.020567605 
643 309 14 18 0.020336932 
502 436 13 17 0.0202009 
630 228 13 16 0.020141007 
682 298 13 16 0.020053266 
