10_People_Marching_People_Marching_10_People_Marching_People_Marching_10_848
29
642 163 47 60 0.9986462 
760 128 53 72 0.99759537 
480 159 44 55 0.99750537 
244 220 32 40 0.997282 
129 187 35 43 0.9948021 
361 200 42 49 0.9864638 
727 179 30 44 0.97564834 
989 193 34 53 0.97204554 
585 200 26 40 0.9615365 
7 228 26 38 0.79340196 
104 239 22 27 0.46776485 
526 112 33 32 0.4040855 
311 431 9 9 0.08728417 
519 464 9 11 0.06691657 
118 235 23 30 0.0507314 
580 496 11 13 0.05019854 
503 470 10 13 0.04723119 
97 244 22 28 0.031213416 
2 138 28 51 0.031132672 
461 508 10 12 0.030091343 
578 451 19 21 0.029611535 
512 463 8 10 0.02954576 
468 447 12 15 0.028236475 
262 437 8 10 0.023590144 
530 106 23 24 0.022906845 
311 434 11 13 0.022441627 
108 226 23 31 0.02200644 
317 438 11 14 0.020822661 
369 448 10 11 0.020402886 
