10_People_Marching_People_Marching_2_27
45
705 202 33 40 0.9966893 
832 227 31 36 0.9966053 
362 182 28 37 0.99583673 
538 199 31 38 0.995421 
574 191 35 44 0.9949504 
915 213 27 34 0.9947436 
792 229 26 33 0.9939049 
860 205 26 34 0.99384034 
303 181 36 41 0.992963 
39 203 26 36 0.99289495 
265 194 22 30 0.9925563 
17 188 25 36 0.9925488 
647 182 25 34 0.9903526 
212 205 23 27 0.99030495 
434 186 26 36 0.9893695 
519 194 22 34 0.9888304 
913 267 33 44 0.98642856 
990 206 24 35 0.98099536 
129 196 31 34 0.9744873 
484 195 22 27 0.9739391 
611 211 29 34 0.95798403 
653 220 25 30 0.91646814 
207 188 18 22 0.83555686 
160 183 28 34 0.69516325 
420 220 18 22 0.6420795 
0 187 15 32 0.409186 
758 232 21 31 0.19763395 
858 180 15 17 0.08339842 
884 185 15 17 0.08294142 
884 194 14 17 0.06500234 
125 204 18 25 0.062042825 
648 199 27 34 0.051667444 
214 64 8 9 0.048952937 
76 218 20 26 0.045455977 
909 206 25 31 0.042324223 
535 186 26 33 0.03758015 
765 212 23 30 0.033309314 
907 203 18 20 0.029818224 
340 183 18 22 0.028860522 
342 202 17 22 0.027405985 
465 144 15 16 0.027314369 
423 208 22 30 0.02664317 
467 76 16 17 0.02219743 
209 65 8 9 0.021424394 
1 205 16 28 0.020405618 
