10_People_Marching_People_Marching_2_944
22
482 451 34 41 0.9950486 
243 513 42 44 0.9931039 
133 481 32 38 0.9897204 
607 455 43 52 0.9892852 
57 458 28 41 0.9789296 
235 470 24 32 0.8731768 
668 645 32 27 0.25065675 
168 497 26 34 0.19900943 
640 433 41 51 0.10190158 
286 488 28 35 0.093048126 
578 449 17 25 0.07533598 
743 503 10 13 0.05281798 
45 458 27 40 0.043124333 
660 481 17 22 0.03441251 
649 394 18 19 0.034311473 
0 474 26 46 0.031458728 
628 526 33 45 0.026604505 
675 653 32 33 0.024858883 
514 711 72 86 0.02413667 
604 400 12 15 0.023960205 
530 561 46 78 0.020588037 
725 480 15 19 0.020186579 
