12_Group_Group_12_Group_Group_12_80
34
469 124 34 40 0.99884295 
221 126 33 41 0.9987853 
132 114 33 39 0.99860555 
836 167 31 40 0.9985844 
349 125 33 42 0.99830365 
705 121 29 37 0.99818027 
767 280 36 47 0.9981718 
873 282 32 40 0.9981541 
282 116 34 41 0.9980848 
303 302 33 40 0.9979576 
932 132 29 40 0.99794084 
406 102 32 40 0.997747 
641 117 31 38 0.9976667 
71 142 33 39 0.99764866 
804 118 30 37 0.99725866 
523 99 30 37 0.9972128 
596 115 30 36 0.9971616 
651 216 36 48 0.9966769 
540 222 35 45 0.9963174 
182 291 40 48 0.99606055 
420 225 36 46 0.9956173 
3 90 11 14 0.24038477 
17 116 12 13 0.12123576 
33 110 10 12 0.07645224 
34 115 10 13 0.071344286 
26 271 7 9 0.042624757 
15 111 11 13 0.038744956 
3 293 7 12 0.03807816 
30 104 10 10 0.034684062 
12 104 10 12 0.028949123 
64 88 7 9 0.028690955 
8 101 10 14 0.026318436 
79 109 8 10 0.022235153 
9 264 7 9 0.021380447 
