12_Group_Team_Organized_Group_12_Group_Team_Organized_Group_12_83
52
728 376 167 234 0.9993304 
809 219 62 74 0.99774605 
144 284 28 36 0.99676335 
302 240 33 47 0.9949563 
110 237 24 32 0.98840183 
402 246 30 40 0.98448205 
38 257 22 26 0.9773902 
92 279 26 34 0.95452476 
732 226 15 18 0.95273125 
29 323 22 25 0.947014 
905 243 21 27 0.9201883 
552 271 41 41 0.9186726 
960 193 15 21 0.9169947 
918 207 12 14 0.9020549 
999 192 18 22 0.9007874 
199 293 23 38 0.8965853 
208 269 20 26 0.87948877 
8 260 21 26 0.873666 
956 246 15 19 0.87141615 
13 295 20 26 0.744493 
0 343 16 32 0.68021363 
1005 240 14 16 0.5395466 
145 262 17 22 0.527756 
184 259 21 28 0.5229744 
62 263 15 20 0.35253155 
129 254 17 22 0.25221542 
894 212 14 19 0.15749677 
750 236 45 68 0.10155328 
702 194 11 14 0.09198411 
995 250 12 16 0.08670773 
144 267 23 34 0.07151859 
999 243 14 17 0.06799867 
194 266 21 28 0.061233174 
707 191 10 12 0.057971235 
718 224 10 13 0.051585335 
699 203 13 16 0.04862272 
121 247 19 24 0.04843751 
539 279 35 50 0.047702912 
150 238 16 20 0.046738572 
702 212 12 15 0.045856047 
196 250 14 20 0.04042294 
709 220 12 14 0.03819689 
695 210 12 15 0.033369005 
217 234 11 14 0.0327255 
13 306 18 26 0.032267693 
696 196 12 15 0.030029954 
794 119 15 24 0.028759217 
912 209 12 15 0.028677084 
740 150 12 14 0.026952192 
203 251 12 15 0.026226753 
900 208 11 14 0.024765244 
761 210 12 17 0.023670897 
