12_Group_Group_12_Group_Group_12_227
31
549 281 31 41 0.99925035 
695 217 31 39 0.9990637 
386 307 35 43 0.99898297 
605 221 31 39 0.99893504 
730 269 36 42 0.99884087 
327 220 29 39 0.99874395 
181 258 35 45 0.99860734 
838 194 29 37 0.99851984 
636 152 32 38 0.9985122 
239 274 34 44 0.9984781 
240 180 29 36 0.9984415 
566 184 29 37 0.9983491 
389 244 36 43 0.9982456 
338 155 28 36 0.9982212 
511 226 32 39 0.9981529 
649 205 30 38 0.99810827 
810 259 32 40 0.9979724 
300 259 32 40 0.9979698 
647 277 30 41 0.9978484 
732 187 29 36 0.99775666 
379 127 27 32 0.9977323 
397 183 29 37 0.9976053 
299 183 29 36 0.99744475 
716 147 30 37 0.9972927 
472 124 28 36 0.99725 
445 150 29 39 0.9972052 
554 135 27 37 0.9971488 
425 226 31 37 0.99711776 
479 274 32 41 0.9967092 
486 200 29 36 0.9964669 
592 279 38 53 0.99286884 
