12_Group_Large_Group_12_Group_Large_Group_12_315
144
753 267 31 38 0.99872833 
495 381 31 36 0.99869436 
600 302 27 33 0.9986745 
692 411 35 40 0.99864215 
580 407 32 42 0.9981098 
647 305 29 36 0.9976102 
793 258 28 36 0.99723804 
682 275 27 34 0.9971318 
808 387 37 46 0.99704546 
368 359 25 31 0.9969983 
181 408 25 31 0.9964508 
116 424 26 32 0.99628323 
535 331 22 29 0.9948691 
898 351 16 20 0.99363846 
258 408 24 33 0.99356866 
386 289 16 20 0.9925477 
499 271 17 21 0.99166393 
187 341 21 26 0.991659 
453 282 15 18 0.9913361 
118 345 23 27 0.9906612 
157 340 22 27 0.99064904 
480 331 22 29 0.99006444 
335 381 21 27 0.98921216 
354 280 16 20 0.98913854 
396 259 14 17 0.9885483 
445 261 14 17 0.9867329 
475 261 16 19 0.98639214 
229 334 20 25 0.98629445 
949 448 22 27 0.9854306 
490 304 18 21 0.9828855 
420 241 13 16 0.982778 
264 338 19 24 0.98236644 
371 320 18 24 0.9821276 
436 225 14 16 0.9820119 
405 297 16 19 0.9818718 
382 269 14 18 0.98005563 
505 316 20 26 0.97919685 
580 220 13 15 0.97853357 
414 266 14 18 0.97851115 
883 419 22 26 0.9779951 
294 359 20 25 0.97519684 
554 236 14 19 0.9717263 
388 314 17 23 0.9702325 
455 214 12 15 0.9665757 
495 241 14 17 0.96467495 
953 385 18 21 0.9636902 
882 393 20 24 0.9635022 
446 329 20 24 0.9634113 
926 410 20 23 0.96105564 
429 347 20 25 0.9601719 
481 219 14 17 0.9527451 
322 351 19 21 0.952178 
287 315 17 21 0.95074517 
566 200 10 11 0.948513 
191 315 21 25 0.9477032 
209 339 18 24 0.9455837 
863 411 20 26 0.94343746 
507 230 13 15 0.93963253 
429 315 18 19 0.9394206 
348 309 17 19 0.9284626 
519 209 11 15 0.920686 
607 204 11 13 0.91849226 
534 211 12 15 0.91531205 
133 328 19 22 0.9130742 
570 237 14 19 0.90783274 
593 188 10 12 0.9057667 
527 233 13 16 0.9046162 
555 212 11 14 0.90226513 
797 136 10 11 0.8936643 
609 183 10 12 0.8866846 
753 132 8 11 0.870204 
311 278 16 21 0.86194766 
680 148 9 11 0.85233986 
456 233 13 15 0.84659684 
614 219 11 13 0.8390282 
596 216 10 13 0.8310604 
476 241 14 16 0.8255355 
498 215 11 14 0.8076726 
537 254 15 20 0.7782497 
319 323 18 22 0.7749585 
706 144 9 12 0.7748073 
670 167 9 11 0.7106043 
656 165 9 11 0.7094997 
611 166 10 12 0.7070326 
695 141 9 11 0.6963016 
839 61 8 9 0.6261929 
220 335 20 26 0.5861164 
873 415 20 26 0.56983584 
665 145 9 10 0.56737256 
658 184 10 12 0.56444246 
681 164 9 11 0.5579997 
693 169 10 12 0.5470854 
812 128 9 12 0.5151708 
722 136 9 11 0.50393456 
729 148 8 12 0.38794118 
773 137 8 11 0.28095028 
541 212 10 14 0.24479887 
833 78 8 10 0.20160007 
837 115 9 11 0.18598846 
686 166 9 12 0.16566554 
582 203 10 11 0.15429503 
590 218 11 15 0.12934345 
828 126 9 11 0.11547966 
663 165 9 12 0.10145341 
500 237 13 15 0.07344318 
712 184 9 9 0.0690906 
292 418 19 21 0.061503317 
835 95 8 11 0.059437227 
690 171 10 12 0.056637976 
429 326 17 20 0.056551978 
186 327 23 28 0.053153437 
671 160 8 11 0.05010786 
670 149 9 11 0.047920212 
653 171 10 12 0.045908425 
590 206 10 11 0.043870762 
683 150 10 11 0.041930083 
557 208 11 13 0.041736253 
510 251 14 17 0.041404966 
435 325 20 24 0.040599316 
513 245 12 15 0.04019467 
726 141 9 12 0.039419703 
613 160 9 12 0.03782656 
662 160 9 10 0.035896823 
551 216 12 15 0.034881756 
484 242 14 17 0.03423567 
574 204 10 12 0.03232009 
664 173 10 11 0.030730799 
591 195 11 13 0.030037602 
676 189 12 15 0.02974509 
717 192 8 10 0.029551247 
750 140 10 12 0.028725373 
556 314 17 21 0.027609339 
575 228 13 17 0.027367273 
243 336 14 21 0.026619377 
565 220 12 14 0.026282463 
404 285 13 16 0.02363843 
461 253 12 16 0.022860976 
566 212 11 14 0.022612901 
975 435 15 17 0.022136098 
600 206 11 13 0.021864783 
608 171 9 12 0.02101225 
630 211 14 18 0.020572312 
476 251 15 18 0.020133812 
520 236 12 15 0.020007063 
