12_Group_Large_Group_12_Group_Large_Group_12_43
24
742 252 32 34 0.9987331 
340 215 30 38 0.9986749 
565 271 36 44 0.99853814 
475 269 30 38 0.99853075 
815 251 31 33 0.9985215 
703 268 33 41 0.9985002 
615 233 28 35 0.9984419 
383 281 34 40 0.99842477 
223 231 41 49 0.9982836 
185 209 35 39 0.99826425 
778 293 31 36 0.99785465 
451 223 27 36 0.99782145 
648 273 32 41 0.99762976 
896 282 41 42 0.9969843 
684 215 24 29 0.99696165 
99 237 45 46 0.9968753 
545 247 27 34 0.9962031 
489 206 20 26 0.98237026 
546 207 20 24 0.97619164 
404 202 21 26 0.9613665 
640 221 18 21 0.92712617 
623 226 27 31 0.23816632 
332 197 14 16 0.043824833 
298 200 16 22 0.036083844 
