12_Group_Team_Organized_Group_12_Group_Team_Organized_Group_12_461
42
484 296 50 56 0.9928209 
38 294 31 41 0.9916613 
402 283 27 35 0.9902912 
246 283 30 34 0.98768044 
633 292 27 37 0.9755821 
908 424 23 26 0.9751314 
180 318 16 20 0.9697882 
286 301 12 15 0.96372175 
344 412 24 41 0.9303356 
314 307 9 12 0.8496621 
358 310 15 18 0.8240553 
907 327 12 14 0.5485062 
331 329 14 18 0.258776 
934 328 9 12 0.21755388 
156 309 11 13 0.19681457 
548 479 32 42 0.17079842 
992 357 9 12 0.15120405 
1001 290 8 10 0.14532793 
1005 292 8 10 0.13700211 
884 430 16 21 0.13681921 
120 312 10 12 0.098474585 
941 442 15 20 0.07920567 
867 439 14 18 0.07302211 
1015 325 8 12 0.07257069 
980 344 10 11 0.07249377 
304 329 13 17 0.045611124 
439 276 29 43 0.037084676 
930 331 9 12 0.036753543 
153 305 10 12 0.036072817 
945 445 19 22 0.03184321 
993 293 8 11 0.03146238 
520 278 26 36 0.03047574 
984 295 8 10 0.029915538 
961 344 8 10 0.028936902 
915 327 11 14 0.027746905 
829 414 14 23 0.026665311 
1015 286 7 11 0.026039803 
286 377 16 19 0.024856599 
975 289 8 9 0.022122348 
969 288 7 10 0.02166278 
359 335 14 19 0.02135229 
525 257 39 48 0.020527778 
