12_Group_Large_Group_12_Group_Large_Group_12_295
33
430 325 33 49 0.9493339 
583 291 10 13 0.90383 
613 294 12 15 0.86678827 
540 299 11 13 0.79407054 
504 336 16 20 0.7640942 
275 292 13 16 0.746147 
554 294 10 13 0.73940736 
507 305 12 15 0.72578686 
404 281 12 16 0.6328124 
485 269 9 11 0.5166319 
536 269 7 9 0.49849376 
498 287 9 12 0.46142733 
451 280 14 19 0.45922893 
667 278 12 15 0.3736954 
578 276 9 11 0.34806618 
433 277 9 11 0.11960047 
470 271 10 12 0.08171565 
509 270 9 10 0.077824 
482 292 9 12 0.07482717 
446 284 16 22 0.05874844 
502 270 10 11 0.05774642 
437 275 11 14 0.053055793 
583 311 10 13 0.045108296 
628 361 20 34 0.039994925 
440 271 11 14 0.031395204 
460 277 12 16 0.030218335 
485 273 11 14 0.02994887 
481 265 10 13 0.02810951 
315 311 10 13 0.027719269 
459 289 13 18 0.02208462 
485 287 10 13 0.021422273 
588 316 11 15 0.021341776 
497 270 10 12 0.020813229 
