12_Group_Team_Organized_Group_12_Group_Team_Organized_Group_12_617
50
194 189 50 63 0.99900836 
905 192 49 50 0.9980908 
563 156 40 51 0.9949909 
67 202 25 28 0.9937063 
276 177 16 19 0.98344606 
653 155 17 22 0.98286337 
358 226 21 31 0.9775938 
756 167 18 23 0.9774392 
847 130 19 29 0.9680057 
805 160 19 27 0.95782673 
348 177 13 16 0.9218579 
138 203 24 40 0.8851486 
966 175 16 21 0.88396454 
693 176 9 11 0.8756884 
980 158 16 21 0.84898067 
384 159 11 15 0.76599896 
297 166 14 17 0.7249287 
277 229 19 29 0.6159727 
264 223 18 27 0.5301039 
632 167 12 13 0.519868 
714 150 13 20 0.4202228 
102 205 22 31 0.33780995 
511 189 7 9 0.2930742 
136 222 23 34 0.28962064 
49 185 9 11 0.26131502 
441 200 8 11 0.23764244 
400 197 8 9 0.21286356 
740 157 12 20 0.1943532 
976 156 13 19 0.17935693 
250 198 22 31 0.16986093 
350 167 11 16 0.13438627 
0 195 11 20 0.11947935 
501 199 7 9 0.119146764 
586 397 8 10 0.11385358 
716 161 14 20 0.11227944 
255 213 20 30 0.103041135 
308 223 13 19 0.07342126 
441 192 8 9 0.06692801 
353 172 12 17 0.04257818 
505 192 6 9 0.040214207 
3 189 11 17 0.035563596 
718 151 18 24 0.02857826 
569 408 8 10 0.026613882 
431 26 58 67 0.026538223 
775 173 11 18 0.025923662 
111 208 18 23 0.025083968 
234 191 25 36 0.024847474 
290 165 14 16 0.023064906 
284 170 18 21 0.020946676 
404 198 8 10 0.020192178 
