12_Group_Large_Group_12_Group_Large_Group_12_86
105
460 355 12 18 0.82408357 
823 396 9 12 0.8168042 
717 399 9 12 0.78494173 
901 406 10 12 0.7557662 
917 406 10 14 0.6549833 
703 395 8 11 0.6535409 
958 396 8 11 0.6484667 
620 394 9 13 0.52564704 
965 408 9 11 0.45977136 
673 396 9 11 0.40191364 
46 360 9 12 0.38541535 
599 393 7 11 0.38149264 
799 401 8 10 0.37059835 
405 392 9 10 0.3553715 
855 397 7 10 0.33630985 
574 461 9 10 0.31053257 
704 437 7 10 0.27751103 
688 438 8 10 0.27599874 
578 390 7 10 0.26684174 
748 398 10 12 0.25911874 
653 397 8 11 0.22977418 
465 404 11 15 0.21186504 
638 395 9 11 0.18109502 
503 410 10 12 0.17378588 
249 384 7 9 0.14290278 
930 415 9 11 0.13370281 
850 398 7 10 0.1325731 
341 377 17 20 0.12770975 
273 388 8 10 0.12113751 
738 414 9 12 0.11834948 
856 394 8 9 0.115745634 
873 400 7 10 0.096234046 
992 401 8 10 0.09134727 
304 391 7 9 0.086334534 
769 397 7 10 0.08444753 
877 398 8 10 0.08315169 
775 400 7 9 0.07382263 
983 407 8 10 0.07321784 
335 369 12 19 0.07254278 
730 398 8 10 0.07131504 
696 438 8 11 0.069547445 
384 382 6 9 0.06654448 
42 359 9 12 0.06539217 
581 391 8 11 0.06386347 
817 416 7 9 0.06133841 
633 396 10 11 0.060610298 
927 406 9 11 0.05508952 
929 420 9 10 0.052835293 
945 413 8 11 0.049614314 
511 404 10 13 0.04870639 
918 398 8 11 0.048345175 
437 364 8 11 0.04737422 
513 400 9 11 0.045463346 
985 413 8 9 0.045348782 
914 393 8 10 0.044433597 
997 405 8 10 0.04391791 
1006 397 8 10 0.0418752 
952 382 7 9 0.041233126 
465 360 14 16 0.039315745 
998 400 8 10 0.039083906 
688 398 8 9 0.038291663 
828 398 8 11 0.037803154 
1007 393 8 9 0.036887582 
878 381 8 9 0.034678396 
384 391 7 9 0.03410907 
696 422 9 11 0.033953045 
400 376 7 9 0.033842336 
699 396 8 11 0.033214387 
408 366 7 9 0.03282784 
63 368 8 10 0.0324767 
595 392 8 11 0.03218839 
561 393 6 8 0.030349731 
127 384 6 9 0.030056614 
933 419 8 11 0.029819049 
532 477 13 19 0.029222358 
255 384 7 9 0.02846768 
961 411 9 11 0.027786693 
986 400 8 10 0.027546277 
961 385 6 8 0.026889138 
56 397 9 11 0.026845116 
945 397 7 9 0.026729977 
767 394 7 9 0.026658025 
647 393 9 11 0.025453646 
545 409 7 9 0.02538714 
864 399 7 10 0.025101442 
800 414 7 10 0.024792455 
938 382 8 11 0.024741787 
568 392 7 8 0.02433781 
168 375 7 8 0.023992343 
696 430 9 11 0.0239413 
568 399 7 9 0.023319079 
781 398 8 10 0.023065023 
889 397 7 10 0.023011232 
933 408 8 10 0.022478743 
507 411 11 12 0.022327784 
688 393 8 10 0.022217698 
830 415 9 11 0.02186894 
200 367 8 10 0.02174128 
976 406 8 12 0.021650957 
377 391 7 9 0.021643039 
407 376 7 8 0.021044403 
456 351 12 18 0.020612437 
762 393 7 8 0.02059091 
701 423 10 13 0.020500144 
819 397 9 12 0.020084566 
