12_Group_Team_Organized_Group_12_Group_Team_Organized_Group_12_583
38
256 221 60 61 0.9982443 
813 292 60 74 0.9967179 
570 219 26 34 0.99594146 
922 246 37 46 0.9945943 
829 172 26 31 0.9921508 
143 42 33 38 0.99005497 
434 215 23 31 0.9887765 
828 224 30 34 0.98343474 
992 155 25 29 0.97967863 
666 194 25 31 0.9743706 
393 175 21 26 0.9730191 
702 144 21 26 0.96507204 
525 280 38 51 0.96105844 
362 75 19 22 0.9163422 
535 136 22 27 0.9082271 
483 60 21 25 0.38727695 
261 65 17 19 0.35652128 
756 142 16 19 0.24862058 
547 225 20 26 0.23370972 
460 240 23 28 0.18573785 
603 102 38 43 0.13994488 
467 158 24 28 0.13811183 
683 294 42 37 0.08377336 
890 219 17 21 0.07491297 
611 154 29 31 0.04926434 
468 213 23 28 0.04605732 
380 209 25 31 0.0429155 
488 111 23 27 0.033272408 
873 209 16 20 0.03318988 
792 184 21 26 0.032165144 
465 229 24 30 0.02887636 
853 69 16 21 0.02771422 
760 149 19 23 0.02564802 
751 145 15 20 0.025199478 
543 169 24 26 0.02275095 
580 98 16 21 0.021140609 
426 95 16 21 0.020857994 
538 151 26 29 0.020830262 
