12_Group_Group_12_Group_Group_12_519
46
822 203 31 40 0.9981692 
903 207 28 37 0.99807286 
712 221 36 47 0.9975447 
449 205 39 51 0.99509925 
568 196 37 50 0.9945957 
1001 62 11 14 0.37741995 
708 49 14 15 0.22203739 
801 169 25 32 0.20511971 
721 79 11 14 0.19134843 
657 144 30 42 0.18785682 
716 130 30 39 0.18623719 
823 94 13 16 0.14675835 
964 57 13 16 0.14397107 
758 71 13 15 0.1342417 
796 71 24 33 0.1319326 
926 37 13 15 0.10884795 
822 39 13 17 0.090472 
635 98 58 75 0.07944011 
798 67 14 19 0.06748865 
246 93 15 21 0.063147925 
736 0 18 17 0.05460164 
769 28 13 17 0.050219618 
979 37 12 16 0.04859931 
744 45 18 19 0.04536544 
686 29 13 18 0.037228968 
425 183 19 20 0.036444604 
244 68 13 17 0.03576049 
484 77 13 16 0.033817366 
891 16 12 14 0.033765182 
916 71 13 15 0.03154633 
775 54 14 18 0.030108938 
1003 363 10 13 0.029290514 
861 0 15 14 0.028582124 
935 56 18 20 0.027789522 
924 350 18 23 0.025038784 
664 153 40 47 0.024846135 
605 87 57 69 0.023786182 
908 51 12 14 0.02378419 
805 80 23 30 0.023304248 
833 59 15 20 0.023105748 
809 208 26 34 0.0226066 
294 63 13 18 0.022382768 
804 13 16 19 0.021889882 
276 70 14 20 0.021735137 
682 0 20 17 0.021172957 
810 165 28 34 0.02087708 
