12_Group_Large_Group_12_Group_Large_Group_12_107
28
78 213 45 55 0.9994301 
469 378 35 43 0.9991406 
758 199 33 44 0.9991019 
301 202 34 40 0.9990613 
636 313 34 43 0.9990087 
700 194 31 41 0.9989698 
385 315 36 46 0.9988858 
298 324 34 44 0.99880254 
837 192 37 45 0.99847144 
546 296 34 44 0.99844664 
549 192 29 38 0.99841774 
466 203 30 34 0.9982597 
590 206 32 43 0.99814117 
410 204 30 37 0.99808216 
509 205 34 41 0.9980564 
644 214 31 38 0.9979424 
232 175 35 46 0.99787533 
432 240 34 40 0.9977689 
161 204 36 44 0.99776804 
717 372 39 49 0.9967116 
188 379 41 52 0.996243 
346 214 29 39 0.9954466 
617 181 27 32 0.99361295 
211 5 37 54 0.18566762 
491 34 24 39 0.1099717 
641 68 16 18 0.09408432 
919 205 11 15 0.025163596 
691 173 13 16 0.023562955 
