12_Group_Team_Organized_Group_12_Group_Team_Organized_Group_12_340
26
611 37 51 65 0.999736 
287 2 50 69 0.9996972 
134 0 47 60 0.99932504 
324 110 57 82 0.9992889 
528 31 50 69 0.9990176 
37 0 49 54 0.9989999 
475 -2 41 50 0.99528104 
88 -1 35 41 0.9936866 
380 3 46 55 0.99128085 
361 2 35 45 0.98652446 
932 47 36 47 0.9861196 
847 71 40 51 0.98117363 
8 67 35 66 0.9689173 
23 77 32 53 0.913851 
67 0 43 48 0.7610722 
687 0 39 32 0.7276309 
227 -1 38 41 0.6525082 
530 0 35 27 0.24664855 
244 -4 43 52 0.06396287 
661 55 13 18 0.041369606 
494 46 38 52 0.04072357 
725 76 43 53 0.032988884 
424 -4 36 36 0.02778388 
339 75 38 46 0.025661834 
291 176 18 19 0.021126492 
265 1 48 64 0.020096991 
