12_Group_Team_Organized_Group_12_Group_Team_Organized_Group_12_283
74
135 333 26 30 0.99756694 
432 244 22 31 0.9966807 
235 346 25 31 0.99660563 
64 319 25 30 0.99632275 
234 256 22 28 0.9951385 
586 235 21 28 0.9934196 
441 329 22 29 0.9931171 
360 340 22 28 0.99264 
574 357 22 27 0.99141496 
560 238 21 27 0.98958033 
671 356 22 26 0.9885777 
519 346 21 27 0.9864507 
148 251 17 22 0.9859886 
667 234 19 22 0.9856123 
478 267 21 28 0.98538405 
800 240 19 24 0.98488367 
297 348 20 27 0.98399895 
386 229 18 22 0.9838892 
768 243 20 25 0.9837303 
283 232 17 20 0.9832998 
889 265 20 27 0.9825439 
265 248 20 26 0.9821639 
845 247 20 25 0.97964394 
331 259 18 24 0.97954696 
459 250 20 26 0.9792195 
825 246 20 26 0.97845614 
480 215 18 21 0.9773098 
305 265 21 25 0.9771847 
645 233 13 16 0.97632456 
672 270 19 25 0.9757823 
521 222 16 19 0.9746347 
70 234 20 27 0.9746085 
735 284 19 25 0.97307813 
701 229 16 21 0.97289485 
735 230 19 23 0.97068083 
96 259 21 23 0.97038984 
176 260 21 25 0.9658302 
626 259 19 26 0.963873 
354 263 20 25 0.9617051 
412 244 19 21 0.9572909 
306 232 16 18 0.9543202 
653 258 19 25 0.9530995 
318 221 14 18 0.9504822 
334 240 19 21 0.94784355 
135 237 16 18 0.94737107 
108 233 20 22 0.94426185 
217 230 17 20 0.94396913 
468 233 19 22 0.93942386 
390 257 20 24 0.93794274 
613 233 20 25 0.93787235 
176 226 14 17 0.93675226 
951 264 20 22 0.9315423 
204 239 17 20 0.9299984 
248 234 14 17 0.91066825 
541 250 14 20 0.9059194 
359 244 18 22 0.9046418 
520 260 17 23 0.899872 
709 245 18 20 0.83055156 
303 250 17 19 0.8209605 
526 245 16 19 0.58843935 
355 228 15 17 0.3855948 
363 231 15 18 0.27148932 
532 248 15 20 0.15058596 
634 244 14 16 0.12613001 
271 242 20 25 0.091759145 
286 258 15 21 0.05943921 
972 229 13 17 0.052134912 
464 255 22 29 0.041927826 
549 242 20 26 0.040425234 
630 249 20 24 0.033901222 
603 235 20 26 0.028731598 
523 235 17 20 0.027326856 
938 298 12 13 0.026516424 
350 231 14 20 0.021669269 
