12_Group_Large_Group_12_Group_Large_Group_12_276
24
324 224 56 72 0.9998826 
355 37 53 71 0.99982494 
223 64 55 61 0.99979347 
438 70 51 61 0.9997466 
849 87 59 68 0.9997415 
666 262 68 78 0.99971527 
593 94 56 66 0.99970907 
571 205 59 72 0.9996623 
217 240 58 67 0.9996377 
440 235 56 73 0.9995554 
520 83 50 57 0.99954504 
707 79 50 56 0.99930215 
489 0 47 54 0.99920696 
103 290 69 74 0.99876827 
698 155 54 73 0.9986761 
296 7 43 53 0.9983627 
136 11 48 51 0.9975846 
582 25 41 53 0.99692255 
649 68 45 49 0.9951871 
1 72 32 66 0.9747312 
978 25 20 28 0.9115985 
668 129 37 46 0.08353352 
69 0 18 11 0.035930898 
46 230 24 39 0.022796016 
