12_Group_Large_Group_12_Group_Large_Group_12_103
30
916 295 54 61 0.99887305 
313 190 39 53 0.99851304 
500 189 41 48 0.99656785 
638 142 26 30 0.9964199 
774 190 30 42 0.9961163 
106 151 42 50 0.9950228 
821 167 23 32 0.9939214 
532 173 28 37 0.9907328 
486 314 74 109 0.9901967 
399 150 23 28 0.9861351 
739 131 21 28 0.9831176 
403 204 25 41 0.98265046 
509 127 20 25 0.9740448 
296 161 23 32 0.97084975 
362 134 19 25 0.96514964 
667 131 19 23 0.932325 
921 180 17 32 0.92236114 
645 222 31 59 0.88794565 
318 123 18 26 0.7391306 
446 146 13 23 0.5993203 
274 435 59 99 0.0981345 
6 215 26 55 0.08540099 
656 139 23 28 0.053970613 
275 416 45 76 0.03525957 
578 179 23 31 0.03276572 
304 166 27 33 0.03234202 
336 163 21 27 0.029126467 
698 185 26 32 0.028097412 
451 147 17 28 0.02347668 
597 262 39 54 0.022792045 
