12_Group_Team_Organized_Group_12_Group_Team_Organized_Group_12_850
17
472 165 130 164 0.9999206 
288 225 122 149 0.9993905 
672 263 32 49 0.9935514 
926 274 14 18 0.5535781 
11 86 59 124 0.19023895 
966 293 12 14 0.18551384 
975 305 14 17 0.099200696 
1008 270 13 16 0.07067734 
972 285 14 16 0.047665343 
59 255 16 21 0.04220249 
1007 293 13 17 0.03974305 
935 295 12 15 0.02807383 
96 246 10 11 0.02491669 
906 285 9 11 0.022830963 
121 260 9 10 0.022566387 
-9 131 71 166 0.021757552 
979 285 14 17 0.021665726 
