12_Group_Team_Organized_Group_12_Group_Team_Organized_Group_12_855
21
805 278 31 35 0.9979347 
747 278 27 34 0.99680364 
888 239 30 36 0.9958395 
673 280 27 29 0.98870766 
723 248 27 30 0.9866202 
803 382 28 30 0.33656618 
827 340 21 29 0.31361294 
351 408 10 12 0.21367314 
704 251 15 18 0.15528817 
167 395 14 15 0.07415601 
746 249 18 22 0.07072107 
221 266 21 24 0.051342417 
161 464 10 12 0.046974834 
319 389 17 20 0.034869306 
735 251 20 22 0.031133229 
552 400 9 10 0.027392985 
355 410 10 13 0.025098832 
919 314 14 20 0.023429949 
534 431 7 9 0.022502212 
807 350 19 20 0.021356 
539 445 10 12 0.02108117 
