12_Group_Large_Group_12_Group_Large_Group_12_286
43
800 229 69 99 0.998632 
86 157 47 66 0.99828464 
284 155 41 58 0.99813205 
1 195 28 38 0.9960174 
492 240 29 38 0.99550074 
596 247 22 29 0.9720772 
918 261 13 18 0.97183007 
969 255 19 22 0.97180283 
746 238 53 61 0.96092445 
1003 263 19 26 0.9565918 
415 255 46 86 0.9536394 
724 246 17 25 0.9059553 
268 221 30 58 0.8305564 
489 217 15 21 0.7096722 
571 256 14 17 0.6283697 
402 216 25 28 0.5662309 
612 271 33 47 0.5212679 
161 210 16 20 0.46523055 
901 257 14 21 0.4510978 
141 191 19 22 0.4217859 
645 219 15 19 0.41942516 
837 652 12 15 0.109526455 
427 243 31 61 0.09425283 
1001 188 9 11 0.06782021 
322 194 15 18 0.0632033 
709 246 10 14 0.06075678 
632 269 40 52 0.056843664 
149 204 22 27 0.0519627 
603 256 28 40 0.050897118 
326 234 32 35 0.046029877 
132 197 28 32 0.040674493 
312 181 26 35 0.037376516 
561 260 13 15 0.035512064 
769 227 64 91 0.034995094 
119 191 28 38 0.03316171 
629 224 14 18 0.032252405 
577 252 13 19 0.027817775 
989 251 13 16 0.026606256 
906 259 17 24 0.024931548 
189 199 11 14 0.023791378 
636 222 17 20 0.022932366 
189 213 12 16 0.020396784 
746 231 37 41 0.020051567 
