12_Group_Team_Organized_Group_12_Group_Team_Organized_Group_12_685
94
405 161 62 79 0.9996007 
648 984 64 71 0.9994404 
533 986 50 68 0.99919695 
423 987 60 64 0.9984053 
646 776 26 32 0.9948401 
755 864 28 32 0.9948102 
277 640 26 32 0.99362093 
729 758 26 31 0.99345773 
680 719 24 30 0.99227023 
146 1030 88 52 0.99203473 
565 767 24 32 0.99171656 
854 858 26 35 0.98880637 
167 763 23 31 0.9881329 
946 615 24 31 0.98759717 
326 759 24 32 0.9872355 
90 631 25 32 0.98560023 
643 871 24 29 0.98462576 
304 859 26 31 0.9834266 
802 770 23 30 0.9830214 
592 608 22 28 0.98244077 
752 713 24 28 0.9806177 
26 640 21 28 0.977648 
494 865 23 29 0.9772859 
604 720 23 29 0.9647462 
704 664 23 29 0.9642365 
77 753 24 32 0.9640964 
535 717 26 28 0.9639452 
566 652 22 28 0.9622734 
659 607 22 28 0.95724404 
623 659 23 27 0.95423853 
960 567 22 27 0.91719824 
396 764 24 29 0.8891988 
904 569 21 28 0.88793033 
484 655 23 27 0.835514 
519 609 22 27 0.79487693 
192 598 18 23 0.79342216 
361 647 21 28 0.73046046 
131 527 19 23 0.52669036 
263 1002 42 57 0.43903568 
440 689 21 30 0.3458391 
667 663 22 26 0.2720352 
424 613 28 33 0.25732693 
554 893 28 33 0.21503694 
918 880 32 40 0.15251955 
903 1122 14 17 0.14933246 
488 683 19 24 0.1481505 
206 683 26 30 0.13784127 
854 759 26 34 0.1332411 
153 491 16 20 0.117481835 
239 753 18 22 0.11622473 
431 898 42 52 0.1067621 
308 603 21 28 0.10493014 
583 841 24 25 0.101791404 
1010 681 14 26 0.1015713 
930 885 41 48 0.088156044 
825 689 31 39 0.08206262 
354 713 24 28 0.0715318 
427 775 24 30 0.06188888 
597 883 25 29 0.059624985 
199 595 18 22 0.05579338 
165 478 17 22 0.05444102 
948 880 38 42 0.048699606 
514 691 20 22 0.04826824 
1006 558 17 21 0.04743358 
625 890 19 26 0.045741327 
91 527 13 16 0.045500066 
268 621 17 22 0.044416808 
262 570 16 18 0.03902055 
42 741 23 29 0.036764182 
963 834 31 37 0.03487413 
603 887 30 36 0.03365834 
430 808 48 56 0.03317464 
446 887 47 60 0.03289185 
184 492 13 18 0.032075368 
897 634 25 29 0.030681359 
251 590 15 21 0.03041821 
662 701 21 27 0.029802922 
256 1027 50 68 0.02972385 
102 587 20 31 0.029003078 
472 762 21 28 0.028751666 
526 612 25 31 0.027275844 
476 622 23 28 0.026527777 
111 830 20 27 0.02629753 
877 614 22 32 0.026254782 
158 482 21 27 0.025269788 
150 499 21 27 0.025257044 
510 916 22 28 0.024661042 
889 610 24 32 0.02351542 
486 667 25 31 0.02318717 
448 700 17 24 0.022636067 
937 765 25 29 0.022379287 
153 514 17 19 0.02145192 
201 691 33 41 0.021267975 
881 583 16 20 0.020232514 
