12_Group_Group_12_Group_Group_12_843
25
389 495 97 104 0.9992675 
289 489 72 62 0.958496 
621 202 17 20 0.9505836 
507 228 13 16 0.94368696 
547 222 11 14 0.9117478 
672 263 16 19 0.89865494 
422 239 14 17 0.8524146 
584 193 8 11 0.59436107 
276 254 14 18 0.29201612 
603 206 10 13 0.27302435 
84 446 130 204 0.22282651 
642 219 11 14 0.1924693 
195 735 19 22 0.16793133 
264 229 8 10 0.060799167 
189 730 18 23 0.05296128 
225 228 8 9 0.05053446 
637 190 11 14 0.050323796 
602 211 9 12 0.04512502 
257 232 7 8 0.035070818 
269 224 9 10 0.03399839 
310 199 9 11 0.031531543 
90 301 9 11 0.03054931 
53 322 24 27 0.029065115 
266 224 8 10 0.027226575 
407 270 11 14 0.026314223 
