12_Group_Large_Group_12_Group_Large_Group_12_1007
18
110 140 29 37 0.9983803 
447 199 34 42 0.9980342 
6 157 30 35 0.99780136 
261 151 30 37 0.9968978 
531 198 38 47 0.99675083 
635 210 39 48 0.9952441 
345 167 31 36 0.9945952 
976 197 24 27 0.9888666 
224 189 40 63 0.98736763 
368 227 39 56 0.98497283 
161 155 15 19 0.9012381 
682 244 36 56 0.7612601 
603 221 22 25 0.6073664 
868 225 23 39 0.08028013 
768 236 35 51 0.05206874 
389 178 22 24 0.04271159 
967 355 9 11 0.023795418 
659 219 39 58 0.021125706 
