12_Group_Team_Organized_Group_12_Group_Team_Organized_Group_12_503
33
755 202 39 44 0.99893457 
645 207 33 41 0.99882215 
267 104 32 39 0.9987419 
628 49 28 38 0.998629 
409 75 33 40 0.9986104 
490 74 35 41 0.9985984 
298 56 28 34 0.9985619 
657 79 31 39 0.9983821 
575 79 34 41 0.99837035 
328 87 35 41 0.9982767 
366 46 31 34 0.99827635 
867 198 37 45 0.9982486 
796 93 37 40 0.99814785 
156 49 30 36 0.99808204 
951 204 39 45 0.99800223 
722 99 36 41 0.9977093 
228 44 27 31 0.9973679 
429 188 36 47 0.9973484 
884 71 30 32 0.9971794 
748 64 28 34 0.9970482 
26 177 41 50 0.99699235 
338 207 33 40 0.9969098 
242 195 35 45 0.9967996 
190 94 33 42 0.99644166 
136 173 38 45 0.9963116 
488 26 29 32 0.99627197 
881 113 35 41 0.9962335 
434 39 26 35 0.99620605 
542 177 40 52 0.9961056 
559 39 28 35 0.9959323 
96 104 36 40 0.9951154 
690 64 26 35 0.99361044 
828 66 28 32 0.99224234 
