12_Group_Group_12_Group_Group_12_935
409
753 664 22 29 0.99453825 
943 421 22 30 0.9910816 
625 663 21 28 0.9900856 
725 508 22 30 0.9892146 
695 595 24 29 0.9887832 
613 492 22 28 0.9883349 
144 599 21 27 0.98723453 
760 379 22 27 0.9871574 
21 605 21 27 0.9869354 
464 560 22 28 0.9866709 
719 558 22 26 0.9856566 
980 152 16 21 0.9855643 
649 560 20 27 0.98547924 
411 349 21 27 0.98513466 
762 420 22 28 0.984948 
904 559 21 27 0.98333377 
689 186 19 24 0.982653 
918 499 24 29 0.98262066 
941 374 21 27 0.98185676 
75 602 18 24 0.9817436 
950 318 22 26 0.98170865 
653 311 21 27 0.9812883 
241 663 22 26 0.9810744 
808 663 21 27 0.9807749 
816 429 22 26 0.98050344 
889 663 22 28 0.97986037 
650 159 17 20 0.9797578 
173 664 22 26 0.9794988 
570 220 17 23 0.9790694 
881 117 20 24 0.9789392 
561 423 20 24 0.978874 
242 452 20 25 0.97876966 
36 218 17 22 0.9781608 
235 319 19 23 0.9777135 
874 425 21 26 0.9771106 
598 528 23 26 0.97693115 
205 602 19 26 0.9768883 
263 410 21 28 0.9763921 
687 217 22 27 0.976356 
221 160 16 21 0.9761782 
135 278 20 27 0.97608703 
361 484 21 26 0.9759444 
626 3 18 22 0.9758852 
37 352 18 23 0.9758647 
412 167 18 21 0.9756849 
18 108 19 25 0.97560865 
455 0 21 26 0.9748105 
297 190 19 24 0.9747354 
21 456 22 26 0.97469 
944 112 19 25 0.9746036 
809 456 20 27 0.97451097 
297 320 19 22 0.97425044 
404 559 20 27 0.9741785 
514 184 21 27 0.9741582 
772 322 19 22 0.9735314 
532 526 21 27 0.97343147 
736 453 21 26 0.9715939 
250 631 22 26 0.9714315 
543 320 21 26 0.9713083 
701 389 20 27 0.97107553 
337 24 22 27 0.97102475 
64 155 21 26 0.9710245 
121 153 21 26 0.97098327 
441 59 19 25 0.9709057 
463 530 21 26 0.9707945 
1004 88 17 23 0.9705904 
226 347 20 24 0.97020704 
635 191 19 24 0.9699397 
112 533 21 26 0.9696019 
632 639 21 27 0.9693609 
949 611 20 27 0.96932024 
595 349 21 25 0.9690994 
782 562 21 25 0.96886796 
896 635 20 26 0.9688224 
822 91 19 26 0.96864855 
10 159 18 24 0.9686018 
112 670 22 26 0.96853983 
830 351 22 25 0.96848494 
364 0 19 24 0.96834546 
111 184 21 25 0.96833557 
569 644 18 22 0.9681388 
145 82 21 27 0.967556 
960 349 21 26 0.9673021 
989 194 19 22 0.9671067 
511 628 21 26 0.96700233 
147 388 21 25 0.96680015 
912 530 20 26 0.96635276 
356 278 19 24 0.96587056 
575 392 20 25 0.9657152 
341 384 21 26 0.96538836 
632 380 22 26 0.96517855 
484 114 19 24 0.96517354 
618 219 19 26 0.96467865 
18 562 20 27 0.9646466 
891 319 21 26 0.9645426 
443 407 20 24 0.9643502 
870 461 20 25 0.9643431 
299 155 19 24 0.96402246 
39 391 20 26 0.963804 
98 356 19 24 0.96358514 
222 524 20 28 0.9623282 
676 490 22 29 0.96200734 
556 285 21 27 0.96188104 
363 117 21 26 0.961586 
552 64 18 23 0.9608588 
49 525 21 24 0.96059763 
69 319 20 26 0.9605898 
523 609 20 23 0.96041626 
772 128 18 24 0.96041614 
922 218 19 22 0.96024233 
554 257 20 24 0.9600429 
303 284 20 26 0.9597464 
686 453 21 25 0.9590113 
621 426 20 26 0.95876664 
510 423 23 26 0.9582931 
682 4 19 23 0.9581025 
924 243 21 26 0.957941 
280 387 20 23 0.9577214 
591 160 20 25 0.9576833 
846 528 20 25 0.95747554 
764 640 21 26 0.95711625 
571 201 18 21 0.956659 
830 606 21 25 0.9564903 
435 491 19 26 0.9558002 
357 351 20 27 0.9557811 
178 315 20 25 0.95553493 
0 634 18 29 0.95520735 
1 47 16 24 0.95492345 
543 489 20 25 0.95476854 
218 569 20 24 0.9545999 
387 640 19 27 0.95455366 
607 92 19 21 0.9538325 
784 287 18 22 0.95373136 
974 524 22 27 0.95344704 
170 536 19 25 0.9532964 
771 603 20 26 0.9528852 
987 245 22 26 0.95283276 
319 425 20 23 0.95255125 
294 492 20 26 0.95242125 
944 686 21 23 0.95237213 
392 59 21 26 0.9512068 
123 631 20 26 0.95108926 
205 288 18 25 0.94985044 
32 88 20 26 0.94953555 
793 490 19 24 0.94895667 
215 62 20 23 0.9487497 
410 523 21 25 0.9484585 
853 22 19 24 0.94833434 
667 354 21 27 0.94828427 
831 384 19 25 0.94749755 
523 391 20 24 0.94718367 
704 285 22 25 0.9466459 
386 203 17 21 0.94661415 
366 90 21 24 0.94656587 
214 1 16 20 0.94624716 
847 222 20 22 0.94569963 
788 24 21 25 0.94556206 
1005 460 19 32 0.9452124 
475 322 19 21 0.94499767 
375 656 23 30 0.9449947 
833 316 20 26 0.94486254 
62 636 20 27 0.9448202 
937 468 21 27 0.9437306 
500 65 20 23 0.9435009 
441 645 20 26 0.9431501 
551 668 22 24 0.94266975 
428 116 19 24 0.94226503 
889 88 18 24 0.9421288 
51 676 23 27 0.94190925 
357 322 20 23 0.94139814 
458 189 21 27 0.9406065 
463 384 20 26 0.9400788 
153 565 20 24 0.93965536 
911 25 21 22 0.93912846 
745 494 22 25 0.9389655 
903 60 19 26 0.9389283 
93 85 19 26 0.9387816 
975 226 21 23 0.938767 
469 158 20 26 0.9387159 
587 564 21 24 0.937964 
696 150 18 24 0.9360493 
123 14 20 27 0.9359957 
324 595 21 27 0.935825 
436 593 20 23 0.93511236 
218 383 21 26 0.9351115 
193 637 20 25 0.9346156 
684 669 20 26 0.93389404 
379 418 21 27 0.9331885 
357 150 19 27 0.93236786 
829 640 21 24 0.932174 
280 562 21 25 0.93197775 
614 457 20 26 0.9319093 
805 0 18 20 0.9316669 
231 195 19 27 0.931219 
490 290 20 22 0.93073475 
135 120 21 25 0.92994905 
535 354 19 26 0.929876 
581 608 19 24 0.9295461 
84 572 20 25 0.9293984 
52 190 20 26 0.92903537 
76 291 20 22 0.9288732 
741 0 19 19 0.92808604 
688 425 22 24 0.926315 
632 606 21 24 0.92521447 
614 255 21 22 0.9251418 
422 96 19 23 0.922039 
999 678 20 23 0.92183334 
284 347 20 24 0.92157483 
719 349 18 24 0.92124075 
304 92 22 25 0.92008924 
398 380 22 29 0.91912305 
508 457 21 25 0.91875744 
55 34 18 21 0.91751176 
322 626 18 22 0.9171463 
656 116 18 24 0.91616684 
182 174 20 25 0.9150194 
156 353 19 23 0.91458076 
595 315 20 26 0.9137911 
614 60 19 27 0.9095072 
735 233 17 21 0.90667737 
757 178 19 23 0.9064148 
341 560 19 26 0.90606815 
429 291 19 22 0.9032352 
662 60 18 26 0.9019541 
114 486 17 25 0.900439 
781 528 21 25 0.90018094 
743 258 18 24 0.897782 
263 111 16 20 0.89496464 
719 31 18 23 0.89371705 
357 193 18 21 0.89301616 
326 59 19 23 0.8925124 
262 252 18 21 0.8913136 
614 285 19 25 0.8901725 
1009 122 15 24 0.8895342 
894 609 19 22 0.8894158 
950 93 18 22 0.88817877 
246 133 17 21 0.8871958 
719 130 17 23 0.88676465 
508 0 22 20 0.8812541 
932 149 18 21 0.87988436 
861 487 19 25 0.8796382 
499 496 18 21 0.8732397 
489 260 18 23 0.86856216 
208 92 16 24 0.8669177 
288 30 18 22 0.8588676 
777 348 17 23 0.8577944 
968 29 20 27 0.8564324 
564 462 17 21 0.85248923 
660 539 20 22 0.8510736 
304 125 20 22 0.8504909 
437 258 16 21 0.8503919 
799 230 19 22 0.84980315 
317 536 20 25 0.84889644 
44 426 18 23 0.84801984 
0 487 14 25 0.8470978 
845 555 20 25 0.842064 
191 0 19 19 0.8407766 
820 180 19 23 0.8379375 
973 291 21 24 0.8374781 
550 91 17 23 0.8360828 
23 291 20 23 0.83102036 
40 269 18 21 0.82204217 
696 643 22 24 0.82152563 
958 65 17 21 0.8210026 
234 488 19 22 0.8167098 
926 0 20 18 0.8028147 
61 0 18 14 0.8020651 
324 252 15 18 0.7919516 
960 563 22 26 0.7885915 
478 346 17 25 0.7870125 
977 492 21 25 0.78280276 
509 663 16 21 0.7678576 
380 610 22 24 0.7644093 
164 24 16 17 0.7531774 
420 329 19 22 0.74054813 
534 124 20 21 0.7385669 
275 598 20 24 0.72303534 
77 492 19 22 0.71513 
114 318 18 21 0.70721614 
433 456 21 22 0.69626915 
531 163 20 24 0.6911769 
667 90 19 23 0.6777754 
528 569 20 21 0.6536506 
304 668 21 25 0.65243447 
398 20 20 25 0.6460573 
842 286 16 18 0.62734336 
794 262 23 22 0.60236096 
405 201 14 20 0.5760619 
460 52 17 21 0.54806477 
593 136 16 18 0.5359834 
485 94 19 21 0.5252243 
862 0 20 15 0.50234604 
901 292 16 21 0.47251016 
896 365 19 23 0.4631707 
0 186 12 25 0.45534375 
188 443 21 18 0.44290113 
295 0 16 12 0.42693698 
233 526 18 27 0.40929294 
9 0 16 14 0.40151373 
899 214 13 17 0.3959291 
187 435 20 19 0.3868289 
1012 387 12 27 0.37316468 
244 531 14 20 0.36724114 
983 629 10 13 0.36104283 
160 1 16 16 0.3162927 
263 8 17 19 0.31129032 
-1 668 13 28 0.3088284 
1015 327 9 15 0.27600047 
0 315 11 27 0.27526695 
826 67 20 22 0.22970805 
178 434 19 20 0.2210071 
972 3 12 16 0.21079436 
517 615 22 26 0.19162515 
462 631 20 25 0.18949117 
171 118 16 22 0.18502422 
736 499 23 29 0.17290509 
1014 51 10 19 0.14996503 
610 1 15 17 0.14587675 
902 126 16 19 0.13556756 
303 475 15 17 0.13457406 
419 214 16 21 0.13004452 
316 456 21 27 0.12505387 
169 186 16 23 0.121223934 
230 697 17 15 0.11848604 
134 0 17 13 0.10475532 
202 1 19 20 0.097502425 
894 358 15 18 0.09009803 
985 694 17 18 0.0878129 
473 693 22 20 0.0810475 
498 387 16 21 0.067146115 
41 124 12 16 0.06667621 
997 61 16 21 0.06577756 
1015 1 9 16 0.06022025 
995 123 13 18 0.056806892 
527 330 13 18 0.05611542 
459 250 14 19 0.054919515 
514 268 16 18 0.054877643 
785 346 15 22 0.054870535 
201 28 12 15 0.053348564 
413 336 22 26 0.053315345 
654 552 21 28 0.049670216 
0 345 8 20 0.04953255 
309 463 18 26 0.049445074 
909 137 15 19 0.04842265 
497 259 16 20 0.048403054 
392 200 19 22 0.047200967 
0 26 11 18 0.04652129 
19 0 15 13 0.046496954 
544 4 18 18 0.04595414 
511 578 14 18 0.044601947 
842 669 14 19 0.04348614 
300 481 17 22 0.04189028 
981 243 18 22 0.041229032 
404 131 17 20 0.040920973 
507 141 16 19 0.040669728 
213 29 16 18 0.038197346 
258 85 16 20 0.037858352 
660 306 20 26 0.03760406 
541 159 19 25 0.036912035 
387 429 18 24 0.036896184 
691 653 21 25 0.035920534 
36 421 19 23 0.034794725 
269 98 15 18 0.03469122 
1003 58 15 21 0.034688227 
501 666 20 26 0.034584004 
983 331 11 15 0.034463298 
278 26 16 22 0.034423735 
949 1 14 14 0.033985343 
412 208 15 21 0.03254613 
41 2 11 13 0.031730693 
0 250 11 19 0.031472865 
161 8 19 22 0.03144754 
15 231 16 19 0.03143821 
363 100 21 27 0.031092903 
652 434 16 20 0.030606644 
390 322 16 20 0.03028466 
518 571 19 21 0.030168884 
981 82 12 16 0.029854508 
606 456 18 23 0.029378882 
33 275 21 26 0.02885675 
786 272 22 25 0.028307844 
543 -1 15 13 0.028218778 
436 203 15 20 0.028101133 
971 68 14 18 0.028087022 
1014 335 10 19 0.027615419 
167 90 14 20 0.026289262 
9 49 15 21 0.02608283 
975 74 13 16 0.026034806 
999 85 14 20 0.025811229 
259 184 19 24 0.02532984 
871 694 20 18 0.025130479 
408 20 16 21 0.024953 
942 91 17 20 0.024186015 
853 167 17 20 0.024169618 
1014 372 9 16 0.024097795 
270 36 14 20 0.02408418 
471 637 18 22 0.023994938 
127 381 15 19 0.023551337 
339 482 11 16 0.022989897 
327 535 17 23 0.022985915 
490 11 15 16 0.022610279 
555 158 15 20 0.022326244 
536 566 18 20 0.021654919 
3 253 16 23 0.021352358 
813 421 18 21 0.020750133 
58 116 14 18 0.020624181 
967 527 18 23 0.020503083 
211 50 17 20 0.020495389 
1003 72 16 19 0.02017894 
