12_Group_Team_Organized_Group_12_Group_Team_Organized_Group_12_60
18
196 185 48 61 0.9997162 
416 258 51 72 0.99951756 
522 232 54 78 0.99947816 
824 75 56 67 0.9994623 
654 185 55 71 0.99939656 
367 171 46 53 0.99938834 
661 114 57 66 0.9993374 
18 179 49 59 0.9988281 
594 151 39 46 0.9986089 
111 156 47 52 0.99838126 
299 157 35 41 0.9982254 
524 156 41 57 0.9979759 
928 -1 70 58 0.9977842 
445 170 36 47 0.9965035 
185 149 37 44 0.99593747 
758 121 45 47 0.9901866 
398 550 60 40 0.33274218 
972 148 40 51 0.03983978 
