12_Group_Team_Organized_Group_12_Group_Team_Organized_Group_12_101
18
792 521 22 26 0.9635298 
741 510 23 28 0.8891951 
911 510 19 25 0.83042204 
691 509 25 32 0.59655863 
834 520 17 24 0.59300053 
850 509 23 29 0.5324776 
601 451 18 21 0.11939664 
655 443 27 27 0.058713567 
885 395 38 44 0.049164563 
778 522 14 17 0.046776827 
606 511 27 36 0.045478974 
694 495 27 34 0.034121554 
705 489 16 18 0.032639917 
751 520 24 30 0.0318178 
641 490 12 17 0.024735114 
956 453 15 20 0.024704289 
580 501 18 21 0.02210408 
759 536 15 18 0.021013428 
