12_Group_Group_12_Group_Group_12_268
32
571 223 33 43 0.99848664 
587 363 36 47 0.99844104 
150 261 32 40 0.99822384 
625 218 35 47 0.99818546 
246 349 35 43 0.99794096 
807 223 30 40 0.99774086 
457 326 37 48 0.9975116 
757 212 33 42 0.9974826 
701 191 33 42 0.9974381 
103 244 37 45 0.9974082 
444 217 33 44 0.9972156 
725 263 36 42 0.9969791 
219 210 34 40 0.99689084 
306 244 29 35 0.99676704 
853 229 35 43 0.996572 
706 383 39 47 0.99619484 
486 191 33 44 0.99616134 
810 395 40 48 0.9961516 
368 208 33 41 0.99575657 
913 318 36 48 0.9954222 
896 209 35 47 0.99331397 
342 356 41 53 0.9922144 
156 347 40 51 0.98371255 
239 91 25 27 0.9773496 
603 199 32 43 0.9421325 
155 220 16 19 0.84126496 
856 397 23 38 0.4128284 
611 210 34 44 0.23727053 
771 433 16 22 0.07771714 
863 367 15 20 0.051692665 
858 391 17 26 0.048715957 
880 381 12 15 0.02204907 
