12_Group_Large_Group_12_Group_Large_Group_12_143
22
467 227 33 41 0.99728966 
79 204 25 34 0.9959473 
388 229 32 40 0.99568594 
303 165 32 42 0.99557436 
169 189 37 45 0.99345267 
257 217 31 47 0.9922578 
354 252 31 40 0.99060565 
616 334 36 53 0.97520024 
801 347 37 51 0.8951635 
580 216 26 28 0.8178963 
39 224 20 35 0.6341032 
58 212 12 16 0.21544759 
517 333 30 48 0.21413843 
632 500 14 16 0.16701175 
761 594 8 10 0.07213127 
578 235 26 34 0.061716713 
219 216 23 29 0.056615412 
48 212 20 31 0.032721847 
875 405 33 41 0.030373575 
614 504 9 11 0.030226996 
140 210 15 20 0.021481229 
571 244 28 38 0.02106258 
