13_Interview_Interview_Sequences_13_268
29
514 195 588 288 0.987184
669 144 722 215 0.22113496
436 127 508 222 0.2040071
539 1 609 70 0.11626423
379 87 426 152 0.10736454
952 5 1019 84 0.08529209
489 59 535 117 0.076151356
176 321 205 357 0.06973636
796 2 836 48 0.055907194
419 10 467 66 0.042858172
769 13 808 59 0.04219332
658 -6 700 34 0.03901876
565 93 611 151 0.036167067
454 -1 504 43 0.035142276
735 -5 768 32 0.032263502
36 302 71 346 0.031560697
298 2 346 53 0.031146249
732 48 769 96 0.02977495
252 25 297 79 0.027236464
185 514 214 551 0.025310526
286 187 358 275 0.025152586
844 219 883 271 0.024271285
216 460 246 496 0.023993393
340 550 372 591 0.023870245
284 59 334 115 0.02301838
506 35 581 121 0.022325404
716 72 768 140 0.0223014
82 553 111 588 0.02121589
977 302 1008 347 0.020761369
