13_Interview_Interview_Sequences_13_55
21
604 161 776 448 0.99453616
542 366 594 441 0.42768118
306 552 336 592 0.090963185
919 228 1012 404 0.061618697
889 -2 1013 171 0.061155558
144 528 173 564 0.05554745
170 348 202 391 0.051392015
7 441 45 490 0.040029168
303 433 339 476 0.03544763
81 246 114 290 0.029769916
245 363 278 404 0.02952401
488 346 569 440 0.028960736
122 400 165 453 0.027093066
171 180 208 228 0.024914037
13 261 50 312 0.023817472
280 421 316 464 0.023641316
86 330 169 424 0.022262974
258 553 289 589 0.021323226
41 430 73 471 0.021310214
835 203 965 439 0.020155957
83 529 129 585 0.02009829
