13_Interview_Interview_Sequences_13_495
19
544 69 580 114 0.36635888
46 88 82 132 0.09903905
11 96 47 143 0.06952533
203 98 234 139 0.06451657
89 158 129 208 0.060607668
589 99 620 141 0.056960184
352 122 379 156 0.056674648
304 122 332 156 0.040081616
382 96 409 129 0.039066244
609 130 646 179 0.03815345
369 75 395 108 0.035793085
503 3 540 41 0.034679152
412 126 436 157 0.033811647
75 33 110 76 0.029462619
434 143 460 174 0.028517323
405 149 431 180 0.02811681
104 120 135 156 0.027105829
15 134 55 184 0.024557691
123 98 152 133 0.022983547
