13_Interview_Interview_On_Location_13_401
70
218 82 265 140 0.94142914
536 159 572 204 0.886847
483 60 517 104 0.8663034
643 275 682 325 0.8572331
794 154 833 203 0.8495824
663 85 697 130 0.81344837
575 59 607 100 0.79531944
832 88 867 133 0.7859621
343 227 380 276 0.61083114
344 142 379 185 0.6083742
417 108 453 154 0.5111183
370 65 405 109 0.500909
410 372 439 409 0.20755148
565 415 598 458 0.18647239
160 66 199 115 0.16751795
743 98 774 139 0.13719574
425 355 452 390 0.12681483
539 356 569 394 0.09818985
506 357 533 393 0.09621679
557 372 587 409 0.053578652
403 11 442 56 0.05278686
613 15 649 58 0.048246965
532 12 571 56 0.048203997
755 399 799 454 0.047773786
410 254 436 288 0.04767707
134 325 163 365 0.046559487
505 405 534 443 0.046235178
303 68 340 113 0.044149887
534 72 565 114 0.043339726
708 17 739 54 0.042928685
426 278 452 311 0.041372366
402 49 433 88 0.041292757
178 298 208 337 0.037992388
744 49 774 87 0.037896752
380 113 415 159 0.03740903
638 72 669 112 0.03659197
245 367 283 413 0.035132214
448 13 485 56 0.03498552
487 425 521 469 0.0344134
709 45 738 81 0.03161829
582 14 618 56 0.031283386
346 190 379 231 0.030298604
733 164 767 205 0.030229185
282 86 324 141 0.02968427
765 202 795 239 0.029641178
737 21 767 57 0.029306391
349 15 384 54 0.029285828
767 20 797 55 0.02824144
26 98 59 137 0.02722372
786 91 820 134 0.02669866
917 125 947 160 0.02553154
713 120 746 161 0.023653477
460 378 487 411 0.023352562
95 77 126 116 0.023144701
580 118 616 161 0.022942318
99 225 135 265 0.022809956
375 240 411 283 0.022460153
774 300 812 347 0.022372378
489 191 521 231 0.022321248
654 15 689 56 0.022269437
534 404 573 453 0.02205744
682 110 719 155 0.021485584
378 -2 419 43 0.021421276
326 88 364 135 0.02138191
501 119 536 167 0.021319745
552 217 585 260 0.02113944
680 417 722 460 0.021069152
429 251 460 291 0.020889794
762 348 796 390 0.020325461
382 171 413 211 0.020137489
