13_Interview_Interview_On_Location_13_313
105
822 328 850 362 0.7907682
451 493 482 530 0.5428929
296 480 321 513 0.5229248
882 317 908 351 0.44886225
738 333 761 363 0.43311557
171 376 196 406 0.38626823
654 475 682 511 0.33725762
361 353 383 380 0.31291205
563 360 583 385 0.2985161
615 360 639 390 0.28485328
484 458 510 491 0.25059468
778 333 801 363 0.22811902
949 344 977 380 0.22213829
793 328 820 364 0.20540586
303 342 328 372 0.1892382
611 508 634 538 0.17751412
45 352 71 384 0.16945915
593 463 619 498 0.14719604
928 344 955 377 0.13954993
491 361 514 389 0.13593787
663 338 684 364 0.12988584
206 337 228 364 0.121960156
119 351 145 382 0.12109076
223 447 250 481 0.11593305
460 360 482 387 0.11096498
646 333 666 360 0.09929098
517 486 543 520 0.09721932
784 145 811 184 0.096149735
439 363 462 391 0.09508823
408 373 434 405 0.079982236
225 390 249 418 0.076567434
259 353 279 377 0.07260221
105 328 129 358 0.07004166
719 350 743 380 0.0661683
379 357 404 388 0.06328979
616 562 642 596 0.05994108
684 455 709 488 0.05511827
546 357 569 386 0.054019514
286 399 309 428 0.052320722
40 293 72 331 0.052288502
384 379 411 412 0.052153423
76 414 97 441 0.049494404
598 375 622 406 0.049325403
535 330 557 358 0.048310783
724 312 745 339 0.04682389
614 527 642 561 0.045722283
230 338 251 364 0.04557726
360 372 387 406 0.043601193
996 398 1024 437 0.04279881
644 408 672 444 0.040088695
159 431 181 459 0.039619554
691 486 719 521 0.039409686
695 331 716 359 0.036078844
334 335 358 368 0.035340205
259 486 280 513 0.035311088
537 534 563 567 0.03505441
406 426 434 462 0.03368209
150 303 176 336 0.03336799
469 436 495 469 0.03331148
509 371 535 403 0.032532364
430 412 455 442 0.03250344
379 406 410 443 0.032265767
126 308 153 339 0.032060627
724 435 751 470 0.03181802
622 336 645 364 0.031454813
633 350 660 384 0.03143498
510 459 535 492 0.031218363
693 355 718 386 0.031024085
564 334 587 363 0.030189991
181 305 204 335 0.029981436
521 436 546 468 0.02951416
869 318 918 378 0.028876513
949 400 978 439 0.028815515
303 386 328 417 0.0282722
769 589 800 626 0.028034352
259 510 286 543 0.027800653
210 402 235 433 0.027764192
84 332 107 363 0.026558371
123 376 151 409 0.026530875
799 312 859 383 0.026405124
259 303 282 331 0.02614532
777 171 805 210 0.025909206
72 353 95 383 0.02570891
100 408 123 437 0.025525995
667 377 694 411 0.025426036
122 490 144 518 0.025086353
512 581 537 614 0.025053937
364 456 389 490 0.024672825
866 379 894 414 0.024529338
668 433 693 466 0.024164326
539 310 559 336 0.023834217
662 305 684 332 0.023405224
512 526 539 561 0.023149677
238 562 263 594 0.022980068
688 539 714 571 0.022803614
256 404 279 433 0.022751547
417 628 465 679 0.02259088
542 376 568 408 0.022294162
407 454 434 488 0.022287078
897 378 929 415 0.021589678
458 337 485 366 0.021443404
592 330 613 358 0.021321155
284 528 309 561 0.021044988
190 329 214 359 0.02078018
794 562 820 592 0.02023577
