13_Interview_Interview_Sequences_13_37
18
795 192 859 268 0.9746259
495 170 562 251 0.9539796
256 184 328 280 0.9391227
200 553 326 665 0.6339547
61 364 123 449 0.23039053
579 170 627 233 0.14359033
892 232 931 283 0.08964543
611 120 644 162 0.07042645
7 544 56 608 0.05645783
525 108 561 154 0.053018797
218 104 259 154 0.04979675
687 129 729 180 0.044712692
362 366 415 437 0.032569163
584 390 650 474 0.026695868
681 252 727 309 0.026654033
429 498 514 616 0.02579673
629 103 665 146 0.02143502
623 142 666 195 0.020637678
