13_Interview_Interview_2_People_Visible_13_1001
61
816 315 841 348 0.31050995
292 155 317 188 0.15270583
476 346 503 380 0.102943204
208 153 236 190 0.08978322
186 352 207 379 0.06955399
301 354 326 384 0.05764246
666 389 690 418 0.057189167
125 359 146 384 0.054886214
573 330 596 360 0.05131103
949 386 975 418 0.048395295
955 331 979 363 0.048277058
179 429 204 461 0.04777271
207 201 235 237 0.04690981
126 482 150 513 0.045661435
231 410 255 440 0.044414025
200 382 223 409 0.042362463
617 326 641 356 0.040342987
154 385 175 412 0.038770754
478 429 510 469 0.03862219
584 388 613 422 0.03829881
638 280 661 309 0.037814673
492 152 516 183 0.037178352
817 382 846 420 0.03665368
580 349 605 380 0.03620957
132 435 154 465 0.035632946
900 279 925 310 0.034075867
642 325 666 357 0.033913925
919 279 945 312 0.032367278
73 354 96 384 0.031345837
301 199 327 232 0.029203838
644 384 667 415 0.028903468
476 403 503 436 0.028841468
202 406 227 437 0.027846482
199 339 222 369 0.027452473
836 328 863 362 0.027320301
996 299 1023 337 0.02715851
127 382 149 410 0.027056046
721 337 744 367 0.026230821
234 353 255 381 0.025837494
947 425 983 470 0.024757568
466 381 494 417 0.024723036
841 280 866 312 0.024497027
330 325 357 359 0.024040053
995 458 1019 495 0.02375748
77 333 99 360 0.023658274
617 353 641 382 0.02358051
963 397 993 436 0.023042362
109 382 132 412 0.02301084
157 405 180 434 0.022966836
617 384 643 415 0.022774905
309 380 333 410 0.02270056
317 400 341 433 0.022563085
258 172 282 204 0.022397507
338 303 363 335 0.022161493
76 487 100 518 0.021442182
254 332 276 361 0.021136902
102 304 126 335 0.021081578
516 399 547 436 0.020851104
587 306 609 336 0.020525137
258 225 286 259 0.020270053
767 331 791 362 0.02020308
