13_Interview_Interview_2_People_Visible_13_189
39
819 256 861 307 0.953382
171 210 236 288 0.9328095
676 246 716 296 0.92476696
254 223 296 281 0.89697444
925 250 964 300 0.8875641
757 242 790 282 0.841815
572 182 611 232 0.79515225
516 218 564 279 0.77071375
397 219 435 273 0.6776275
299 246 349 305 0.41109052
644 254 676 295 0.1627405
96 207 138 265 0.119302906
452 247 499 297 0.1073054
584 106 617 150 0.107239805
338 234 387 289 0.068239346
890 393 924 436 0.06756713
639 118 673 163 0.045613065
512 93 542 132 0.044829663
871 249 903 289 0.035863757
530 74 559 113 0.03409598
607 165 647 217 0.033073317
979 124 1009 163 0.026872378
12 345 49 397 0.0264587
360 77 391 116 0.025434528
745 170 775 212 0.024987608
10 167 49 217 0.024448304
709 426 747 474 0.024417192
724 321 763 373 0.023971185
927 171 961 214 0.023721145
974 247 1002 285 0.023445237
523 172 565 221 0.023380563
603 451 638 494 0.022720303
791 203 821 240 0.02249457
774 303 803 340 0.022483552
528 507 572 550 0.022174388
803 324 845 372 0.02154133
935 395 974 444 0.02111638
656 169 689 214 0.020370124
13 397 50 448 0.020129839
