13_Interview_Interview_On_Location_13_138
41
352 369 408 436 0.9347278
428 303 466 349 0.39455092
124 298 162 348 0.2180328
326 327 361 371 0.18495353
288 428 339 487 0.13665107
48 333 111 411 0.13235192
42 429 89 488 0.112914726
487 279 517 319 0.10421121
323 206 352 244 0.101447515
608 279 638 316 0.092369586
506 296 539 336 0.07523749
706 309 794 424 0.067900166
218 246 252 292 0.06619402
624 325 659 369 0.060765404
15 525 47 567 0.0579846
494 251 522 288 0.057771455
377 309 405 346 0.044672176
452 277 491 325 0.04433568
269 332 311 387 0.043325447
407 438 462 502 0.04204654
323 255 354 292 0.03896214
65 536 95 573 0.03533439
193 365 246 426 0.0352809
481 315 522 368 0.034857877
300 465 380 562 0.033921275
306 307 338 347 0.033214662
225 155 258 196 0.031716414
228 443 262 486 0.030616691
225 289 266 338 0.029618317
408 277 441 319 0.02945534
530 280 563 318 0.028559037
453 474 487 521 0.027709581
98 326 181 428 0.027478192
71 277 110 324 0.027227238
985 526 1019 577 0.026013277
553 298 586 335 0.024943303
274 200 304 239 0.024659866
457 347 494 397 0.024486009
202 525 239 571 0.024054615
583 355 622 406 0.023925366
302 340 338 387 0.022225805
