13_Interview_Interview_Sequences_13_2
135
264 188 319 259 0.9875185
638 236 693 313 0.943698
490 166 546 237 0.9388695
746 293 818 382 0.9362659
311 122 350 173 0.5578402
552 196 586 240 0.48312226
403 196 442 246 0.4818837
325 24 362 72 0.47339588
657 26 690 66 0.40031937
98 300 144 354 0.32692933
142 262 188 322 0.30247247
643 139 682 187 0.28460532
454 15 483 50 0.20401955
5 231 38 279 0.20178285
437 126 482 182 0.19801766
144 185 185 238 0.1938138
299 425 332 467 0.16841927
430 207 472 260 0.16715579
94 191 138 241 0.14621186
358 294 392 342 0.14498287
574 230 620 288 0.14394693
109 134 153 189 0.13215633
447 369 481 413 0.13061313
120 20 147 52 0.124660894
242 18 277 57 0.12236852
379 374 409 413 0.11670546
925 220 959 266 0.108857445
423 313 458 361 0.10460389
945 289 1004 374 0.101030946
2 146 30 193 0.09484046
460 43 494 84 0.089690775
574 21 609 60 0.088181585
229 193 263 239 0.0830939
619 305 669 375 0.08093726
528 518 563 562 0.07860295
686 166 722 215 0.07507939
125 38 159 80 0.074394025
810 4 838 33 0.071440645
950 22 992 67 0.06721271
933 7 1009 101 0.06630184
225 435 260 476 0.06503764
327 222 364 272 0.059646804
126 316 184 388 0.058882985
682 345 719 398 0.058018494
885 2 944 56 0.05702306
923 176 995 275 0.056607682
603 367 640 416 0.054360677
683 19 722 61 0.052477684
434 49 464 88 0.05091753
569 506 603 552 0.04821898
510 9 558 62 0.04806939
96 463 132 505 0.047562093
825 65 856 104 0.046018682
102 44 132 82 0.045357987
762 202 800 248 0.044581883
262 97 299 143 0.044566948
0 35 31 83 0.043449946
428 277 464 324 0.04298905
199 67 231 105 0.04163584
896 276 925 316 0.04045253
319 403 352 444 0.038851008
516 73 545 111 0.03854774
79 234 130 294 0.037802543
526 407 562 450 0.036899358
824 223 859 267 0.036313754
457 276 490 323 0.03617927
788 98 821 140 0.035769213
168 215 204 267 0.035641868
357 354 387 394 0.03512986
299 377 330 414 0.03354676
558 111 598 160 0.033167634
401 351 432 392 0.033126503
525 176 592 256 0.032893516
815 97 848 138 0.032548767
202 221 235 267 0.032516822
785 69 816 106 0.032283228
434 94 475 145 0.031447865
44 150 76 197 0.031247875
273 40 310 90 0.031057771
711 311 755 375 0.030029183
102 92 143 142 0.029835852
39 226 79 287 0.02946004
179 13 221 60 0.029215047
479 0 515 38 0.029173361
17 430 48 469 0.02901062
690 502 754 575 0.028864274
581 55 622 107 0.028662317
200 346 233 393 0.028049609
11 268 49 320 0.02798284
879 193 909 236 0.027743574
326 62 367 118 0.027671782
735 214 775 269 0.027625203
3 367 38 422 0.027307915
327 455 358 499 0.027280804
202 404 231 442 0.02716852
17 163 50 211 0.026985802
713 189 745 236 0.026964506
286 352 319 395 0.026328446
379 40 417 90 0.025630187
429 481 464 530 0.02520676
259 579 328 656 0.025093718
352 240 387 286 0.024646763
646 14 711 89 0.024278605
152 394 192 444 0.023957137
603 425 642 469 0.023285808
729 361 775 433 0.023093712
334 373 367 413 0.02299896
548 14 615 91 0.022989243
271 -1 310 39 0.022963805
400 11 437 54 0.022824464
351 147 386 197 0.022739638
227 372 260 412 0.022444364
257 407 290 446 0.022439202
18 200 52 247 0.022227729
532 349 570 393 0.022177644
229 93 265 137 0.022061143
250 151 290 199 0.021964315
37 36 80 89 0.021812527
318 502 363 561 0.021800635
940 374 982 428 0.02176709
482 375 515 415 0.02142539
763 0 800 35 0.021342568
666 82 703 128 0.021224434
193 299 229 349 0.021067303
401 399 438 448 0.020955073
872 280 901 319 0.020900082
12 13 55 62 0.02088563
150 0 184 36 0.020854818
939 107 977 159 0.02060053
323 155 362 208 0.020579208
810 379 854 454 0.020556446
587 315 626 368 0.020443939
706 267 749 331 0.020309877
708 37 752 89 0.020295683
485 90 520 136 0.020193756
