13_Interview_Interview_2_People_Visible_13_223
181
115 43 151 87 0.6272938
116 306 149 347 0.55229497
276 102 304 138 0.39245856
416 46 452 92 0.32468274
452 373 481 410 0.31234017
564 102 592 138 0.261323
15 270 48 313 0.23759255
12 342 48 389 0.1989758
296 377 322 410 0.18769385
59 295 93 337 0.16865915
582 295 611 333 0.15254284
947 348 978 386 0.15112302
197 71 225 106 0.14522216
177 325 202 357 0.14153185
252 149 281 185 0.140002
698 49 731 89 0.13751742
713 326 739 356 0.12837403
7 5 42 48 0.12127701
865 306 896 344 0.109533146
274 45 307 86 0.10748396
507 374 535 411 0.10692342
693 322 716 354 0.102893874
490 71 520 106 0.09911434
620 98 652 138 0.098468624
322 98 355 141 0.09576838
276 356 305 391 0.09205841
8 115 45 160 0.091412626
557 66 585 101 0.088108495
0 201 27 240 0.08104143
821 103 847 137 0.07693231
257 69 286 106 0.0767316
505 92 534 128 0.075671904
382 299 410 336 0.07482142
302 217 336 258 0.07462235
180 50 208 87 0.07432875
257 411 283 445 0.072484836
506 326 533 360 0.06775168
223 300 249 336 0.06746327
357 19 387 58 0.066774204
264 327 290 360 0.0663562
203 354 228 386 0.06397293
660 321 690 359 0.06320531
540 98 569 135 0.062527046
435 118 463 154 0.062507376
15 69 48 109 0.059880257
325 45 353 81 0.05931563
532 349 562 386 0.058917515
23 179 54 215 0.058849774
231 95 259 131 0.057800025
585 175 615 210 0.05777379
643 305 670 340 0.05626545
793 92 820 126 0.05620918
55 20 83 55 0.056070406
537 407 567 445 0.05574749
197 129 226 165 0.055727683
434 327 460 360 0.05520682
205 48 235 84 0.054247983
150 324 180 363 0.053236276
227 379 253 410 0.053205796
663 150 693 185 0.05315269
579 114 612 157 0.051632214
227 25 253 61 0.050296728
895 156 921 189 0.049933862
769 73 798 109 0.049806386
120 171 152 208 0.0496852
422 20 455 58 0.04909373
275 305 303 341 0.04845769
361 152 394 192 0.047213305
334 352 365 393 0.04688391
967 333 994 370 0.04577784
505 405 538 446 0.04378863
718 354 748 390 0.0425535
579 41 612 82 0.041071773
540 148 569 187 0.040942222
460 48 489 88 0.040830392
917 384 943 416 0.039181244
429 167 461 206 0.038210608
702 20 735 56 0.037900653
564 250 594 286 0.03775138
489 123 518 159 0.03756936
562 329 589 365 0.0374337
404 113 440 157 0.037243146
453 102 483 139 0.036770187
49 44 76 79 0.03637505
144 62 176 102 0.03632137
635 66 663 101 0.03611359
940 68 967 101 0.036087457
259 117 293 160 0.036041185
147 119 175 155 0.035988174
310 70 340 108 0.035915125
208 328 233 360 0.03590903
323 152 352 188 0.03520325
764 49 792 83 0.035072315
277 170 307 205 0.034759246
837 354 866 389 0.034447115
614 279 642 315 0.034190528
227 67 256 106 0.03403544
387 374 418 412 0.03395586
454 324 483 359 0.033845533
793 300 820 337 0.033719707
996 383 1020 417 0.03350622
560 174 594 213 0.033164583
867 351 896 385 0.032429237
745 404 772 437 0.03235364
641 280 667 313 0.03172339
663 69 690 103 0.031702794
504 49 532 84 0.031620696
487 355 516 391 0.031329162
302 26 337 69 0.031055255
228 408 254 440 0.030974189
764 282 788 314 0.030570222
253 23 286 66 0.030435808
822 72 847 103 0.030354917
453 152 484 191 0.030142274
876 97 902 131 0.02993273
537 18 565 53 0.029724656
683 96 716 136 0.029258458
181 92 212 130 0.029232992
738 329 763 361 0.029127844
589 373 623 414 0.0286518
409 173 436 207 0.028566085
69 3 102 37 0.028507838
330 248 362 286 0.028259138
485 310 514 346 0.028128961
127 94 160 134 0.028127791
615 72 643 106 0.028052248
279 199 314 240 0.02790913
918 75 945 109 0.027874133
477 190 511 232 0.027613211
636 347 665 384 0.027470665
817 49 842 81 0.027369032
305 169 331 202 0.026956327
385 66 417 103 0.02664668
610 357 640 393 0.026478708
233 170 261 208 0.0263994
206 381 231 412 0.026382897
866 151 892 185 0.026316298
69 399 101 440 0.0260956
837 127 866 164 0.026023766
249 199 284 240 0.025941473
974 105 1000 136 0.025759365
714 147 740 179 0.025686305
576 445 615 487 0.025483992
277 401 308 440 0.025414973
530 305 559 341 0.025370654
72 44 103 82 0.02496128
608 198 634 230 0.024909282
944 172 971 205 0.024890602
715 91 744 127 0.02468411
737 95 765 128 0.024317985
586 147 618 185 0.024133133
688 147 714 179 0.024070473
794 149 821 181 0.024043005
795 431 826 469 0.024015946
325 205 355 242 0.024008248
966 436 997 474 0.0239678
605 225 636 263 0.023930177
13 222 52 267 0.023796257
920 329 945 361 0.023785751
924 152 950 186 0.02373935
795 48 818 79 0.023689782
638 26 666 62 0.023598524
205 404 229 436 0.023274232
900 376 925 408 0.022864344
41 66 75 107 0.022389706
173 198 205 236 0.022113547
603 425 635 464 0.022079745
400 281 431 320 0.021749852
505 146 534 183 0.021461893
249 276 281 315 0.021453861
67 172 100 214 0.021339808
180 350 208 384 0.021250555
148 202 179 238 0.02116788
405 401 432 436 0.020853559
362 304 388 339 0.02080657
560 21 590 58 0.02059983
460 248 493 284 0.02037061
840 77 865 107 0.020277599
3 395 36 437 0.020239728
866 125 893 160 0.020169023
710 201 740 236 0.020125905
