13_Interview_Interview_Sequences_13_859
28
110 98 154 153 0.88546336
257 152 292 198 0.8235794
475 104 511 149 0.6287769
231 200 260 238 0.4718351
821 130 859 178 0.46645692
720 150 747 185 0.29451844
562 195 596 237 0.24296331
635 177 659 205 0.22932556
576 145 608 184 0.2292606
698 201 726 235 0.09501133
190 216 227 259 0.07148905
537 221 576 266 0.06708416
583 210 616 252 0.04272392
604 375 637 413 0.0422563
626 14 658 54 0.04027051
176 248 210 291 0.03897712
271 222 308 267 0.03818112
513 361 550 404 0.037021104
542 175 574 212 0.03088999
508 245 544 286 0.02762101
612 198 645 240 0.02699983
322 396 355 438 0.021898765
634 222 664 258 0.021569723
667 226 694 258 0.020667512
557 503 604 559 0.020550054
611 158 642 197 0.02034036
249 438 287 490 0.020138223
572 454 614 506 0.020033713
