13_Interview_Interview_Sequences_13_541
41
481 244 509 281 0.23395243
682 297 712 335 0.05889704
407 326 440 364 0.053088743
585 251 614 285 0.051184848
375 249 406 285 0.050539322
685 405 716 443 0.048328735
614 329 639 360 0.048302475
267 116 306 164 0.044738203
428 201 458 237 0.039419167
530 98 561 139 0.03826813
411 154 442 191 0.03648379
272 193 304 231 0.036141627
686 99 715 135 0.035836726
743 249 767 281 0.034668006
585 126 613 161 0.03382357
587 201 612 231 0.033735916
590 177 616 208 0.029206239
565 199 590 231 0.028399697
358 114 392 155 0.02770123
483 174 509 206 0.027696742
459 199 486 232 0.027158942
49 188 88 236 0.02708747
427 172 458 209 0.027006207
615 96 640 129 0.026950689
746 96 775 131 0.025776023
465 324 493 358 0.02567085
532 333 567 375 0.025503349
581 228 609 259 0.02517994
892 101 916 131 0.02489902
714 302 742 338 0.024222547
510 300 539 335 0.024192266
329 117 360 155 0.02335536
181 99 208 131 0.022981528
517 229 545 265 0.02199861
503 248 534 285 0.021944296
460 269 490 307 0.021329746
817 251 840 282 0.02111571
455 356 484 392 0.02052447
606 255 635 288 0.02039546
716 120 745 155 0.020275332
227 78 252 108 0.020218492
