13_Interview_Interview_Sequences_13_209
40
89 117 159 208 0.99133426
876 67 951 157 0.9883951
429 59 481 130 0.96013564
282 167 324 225 0.7851547
703 27 775 112 0.674158
578 128 622 181 0.4802647
290 12 332 58 0.14458875
466 146 505 192 0.14003968
687 163 726 214 0.13378285
229 218 269 273 0.11293715
272 56 308 106 0.05618159
534 37 577 93 0.055251732
515 420 566 483 0.054694038
870 185 913 234 0.048217796
253 191 292 242 0.04558009
513 203 541 240 0.045089506
784 99 826 162 0.041697446
763 -3 806 42 0.038515307
542 124 576 169 0.036651354
656 67 699 127 0.03046777
575 39 618 94 0.02975765
686 208 723 258 0.029177131
164 275 208 333 0.028840749
656 -3 704 50 0.028166808
264 354 296 395 0.027644744
355 173 402 228 0.026423974
530 0 577 44 0.024828263
431 24 471 72 0.024069117
475 34 515 88 0.023130223
638 250 663 283 0.022665123
724 104 777 169 0.02209079
300 156 365 237 0.021701999
509 243 544 286 0.021413418
581 92 624 143 0.021276236
274 123 311 169 0.021212777
512 100 544 144 0.021073733
607 231 638 267 0.020180976
269 237 301 279 0.020178864
404 -2 442 34 0.020071318
344 -2 385 38 0.020023366
