13_Interview_Interview_On_Location_13_636
36
190 43 245 112 0.88608915
797 120 824 154 0.224392
718 121 744 154 0.075432055
975 254 1003 291 0.057182852
738 66 768 105 0.05529997
767 124 794 158 0.052421615
847 123 872 155 0.048608504
738 123 766 158 0.048117097
919 154 944 187 0.04062575
815 149 839 178 0.037683506
802 269 837 312 0.03615583
894 169 921 201 0.035178445
863 193 894 230 0.034786772
668 142 698 179 0.032883283
951 278 978 312 0.03136228
507 152 551 210 0.02884852
89 86 211 254 0.02730193
843 150 867 179 0.02656332
889 329 919 367 0.02652392
786 178 817 216 0.026288308
972 301 998 335 0.02610332
812 102 840 140 0.025880639
991 300 1019 340 0.025373671
223 11 305 104 0.02457077
732 94 765 137 0.024044735
312 117 354 175 0.023692973
353 42 386 83 0.023202812
948 149 975 185 0.023101231
914 385 948 427 0.02304305
277 65 414 253 0.023039298
863 148 891 179 0.0226451
510 111 547 157 0.022160647
564 117 595 157 0.021666095
945 120 973 156 0.020785168
434 35 474 85 0.020628808
514 22 542 60 0.020021724
