35_Basketball_basketballgame_ball_35_287
76
976 385 997 413 0.11511971
244 411 269 442 0.077911176
750 386 773 415 0.07456792
968 307 989 334 0.06830766
309 361 332 390 0.06660557
922 378 945 407 0.06396756
814 361 837 390 0.06296642
289 429 312 458 0.060806345
897 310 921 338 0.06002684
205 466 229 495 0.057850353
918 438 942 468 0.05664031
740 484 765 515 0.055084236
800 378 823 406 0.051339798
948 404 971 431 0.047351427
893 381 917 411 0.046635047
405 380 429 410 0.046570595
843 398 867 428 0.045551516
820 332 841 358 0.04241241
305 308 328 335 0.042324822
432 355 459 388 0.042032856
359 381 381 409 0.041355368
797 331 818 357 0.0399101
897 432 921 463 0.039826784
498 272 528 309 0.03944128
687 351 712 381 0.03898499
772 432 798 464 0.038581382
992 386 1015 418 0.03802579
701 313 723 340 0.037042864
227 302 250 330 0.034704182
760 402 786 433 0.034486257
932 481 961 518 0.032890685
848 332 869 358 0.03279737
888 406 912 435 0.03232568
581 332 608 365 0.031910174
751 357 772 382 0.03150172
948 356 969 384 0.031473663
437 328 462 357 0.031141642
795 305 815 330 0.030740907
797 405 819 432 0.030582985
491 330 519 364 0.028249267
847 358 868 385 0.02765021
917 326 941 355 0.027640289
874 358 896 386 0.027597755
329 358 352 388 0.026792573
346 9 381 50 0.025982268
251 305 275 332 0.0258886
300 414 324 444 0.025776884
722 482 746 511 0.025528835
10 406 40 445 0.025253749
184 406 209 434 0.025211858
284 332 307 361 0.024934994
874 331 897 360 0.024909925
769 484 799 521 0.024685448
947 435 972 464 0.024680011
953 330 976 358 0.024425533
258 333 285 366 0.02425903
338 331 359 357 0.024030492
992 472 1023 519 0.023963068
540 301 565 332 0.023648346
748 307 772 337 0.023505775
842 305 863 330 0.023430996
716 359 737 385 0.023170855
334 379 358 409 0.022848591
665 378 688 406 0.022457026
25 449 56 488 0.022088122
198 386 224 417 0.021761447
823 306 843 332 0.021381544
640 308 660 334 0.021131182
719 435 742 463 0.02113025
719 461 742 489 0.021010062
749 330 774 359 0.020961862
174 225 206 263 0.020757312
456 334 482 365 0.020747855
632 409 658 441 0.020681968
361 331 383 358 0.020607721
504 301 534 335 0.020442145
