35_Basketball_basketballgame_ball_35_50
37
589 118 638 179 0.73282844
405 271 438 312 0.25126547
199 292 234 338 0.22745498
857 429 919 519 0.1536961
175 340 223 404 0.15223381
940 274 979 320 0.14387308
590 46 630 96 0.106769264
409 206 432 237 0.092203826
272 167 306 211 0.09014511
837 47 864 81 0.059122562
228 358 257 394 0.047248177
257 372 291 412 0.043981858
531 134 568 180 0.040215004
919 331 954 378 0.040080756
730 564 772 619 0.0392056
998 66 1022 101 0.038712006
922 100 946 129 0.037680153
9 72 41 116 0.034206185
809 406 846 455 0.033845376
868 99 893 130 0.027559811
133 427 163 470 0.027535364
881 77 903 106 0.027409
597 457 627 497 0.025529351
416 62 455 114 0.024473416
758 376 791 419 0.024395615
945 100 971 132 0.023748573
848 101 875 134 0.023370977
390 258 452 333 0.023359645
385 220 413 255 0.022646764
733 351 779 404 0.021414027
786 346 819 387 0.020914804
447 -3 485 33 0.020303166
889 392 920 431 0.020164704
555 427 586 466 0.020130593
945 269 1008 362 0.020123953
293 191 334 239 0.020117993
975 104 999 138 0.020105988
