35_Basketball_Basketball_35_457
30
611 132 651 183 0.074951656
915 303 942 337 0.047585737
950 326 973 356 0.045864377
47 360 68 388 0.045449093
130 302 150 327 0.042955104
210 279 230 304 0.038890824
18 260 42 290 0.038550265
992 269 1020 310 0.03646755
954 356 981 392 0.034741104
991 469 1021 518 0.034648474
224 283 244 307 0.028043827
58 180 82 210 0.027495153
5 401 26 432 0.0273114
178 257 198 283 0.02666149
258 251 283 281 0.025079092
30 337 52 364 0.024836536
251 336 274 363 0.024682796
59 410 83 441 0.023688698
77 256 98 282 0.023688171
205 260 227 286 0.022642987
74 281 93 305 0.022599405
203 205 236 239 0.022174936
564 23 601 63 0.02186351
223 302 245 328 0.021775065
148 336 168 361 0.021717627
105 258 126 284 0.021308687
74 307 97 335 0.021081032
696 124 730 166 0.021002924
184 335 206 361 0.020815175
75 361 96 389 0.02069511
