35_Basketball_basketballgame_ball_35_709
184
410 896 458 956 0.25278565
968 700 1019 773 0.22277828
805 534 844 586 0.19634907
29 591 74 644 0.1921984
826 600 873 653 0.18682902
389 759 426 804 0.17423494
543 417 584 469 0.16268377
281 983 315 1030 0.15660472
307 794 339 834 0.14925009
112 939 147 985 0.14793032
651 640 694 698 0.14185268
216 1017 253 1065 0.13188614
263 753 297 795 0.12354117
188 907 222 951 0.121467985
822 561 871 616 0.11920846
605 494 643 544 0.117789045
944 568 984 618 0.11688492
914 604 949 647 0.11561018
309 716 342 759 0.11164597
676 567 718 620 0.10373633
267 945 302 987 0.103167415
184 686 219 730 0.0983322
349 950 387 998 0.09512172
69 1018 107 1064 0.09324053
795 673 834 724 0.092482254
123 803 155 843 0.091245525
230 912 265 956 0.0898392
299 1013 336 1058 0.085849
111 827 147 872 0.0843671
412 724 447 771 0.08420236
307 836 342 878 0.08057357
300 867 338 912 0.07837689
910 636 946 681 0.07599679
46 976 87 1030 0.07570599
380 788 418 834 0.07376338
152 794 185 837 0.07369475
386 869 429 922 0.071667515
882 756 924 806 0.071219474
617 407 657 460 0.07095992
388 646 422 690 0.06913149
307 760 339 801 0.06904869
118 648 154 690 0.06841363
4 874 39 926 0.06604516
337 719 371 762 0.06581951
188 790 221 832 0.06548539
347 683 382 725 0.06447764
865 498 906 548 0.06310442
342 642 377 684 0.06266107
183 946 219 990 0.06156228
538 565 579 618 0.060737744
884 413 920 457 0.060592078
636 483 675 535 0.06043357
381 677 416 721 0.059880767
381 831 417 875 0.05967345
235 723 272 770 0.059265204
195 984 233 1031 0.05907529
72 567 111 615 0.058967598
877 600 917 648 0.058705818
759 819 805 884 0.058274142
78 830 113 874 0.057165902
791 415 830 463 0.056899153
841 369 878 415 0.056255277
986 949 1022 1001 0.056111567
164 874 201 921 0.055701885
108 674 146 721 0.053608656
162 768 196 809 0.05329192
268 839 304 883 0.052216586
410 637 447 685 0.051988237
79 720 119 766 0.049754754
40 799 77 848 0.049188763
341 797 378 843 0.049117386
342 754 376 797 0.048893347
194 569 224 608 0.04887369
760 684 798 732 0.04855791
156 985 192 1030 0.04779905
833 680 875 731 0.047624346
382 1022 422 1071 0.04748727
85 912 121 958 0.04744867
946 524 986 574 0.046849906
959 950 994 998 0.046471626
791 637 833 687 0.045183465
4 803 40 857 0.04383825
32 878 69 924 0.043688405
942 869 980 919 0.043172467
234 607 261 644 0.042631008
981 777 1023 840 0.041360974
947 826 986 878 0.04087176
149 826 186 872 0.039202146
77 868 113 912 0.038826395
717 761 764 820 0.03793864
296 903 334 949 0.037861887
229 686 263 727 0.03735159
570 874 610 928 0.037228182
769 451 806 498 0.03711197
603 570 646 624 0.03704555
921 496 959 546 0.036918506
121 977 157 1023 0.036909964
946 653 990 706 0.035122477
868 990 908 1039 0.035093
651 528 688 575 0.03508652
81 948 117 996 0.035045788
233 835 268 879 0.034229968
225 875 261 919 0.033859745
194 650 224 686 0.03337933
45 484 87 534 0.033098146
115 568 149 611 0.03305075
454 939 493 989 0.032197226
377 979 417 1030 0.031817965
267 606 298 645 0.031586755
305 1067 343 1113 0.03128
494 1024 531 1073 0.030939678
66 456 101 498 0.030610891
488 985 525 1033 0.03059076
537 871 575 923 0.030493552
272 686 305 727 0.03028767
338 612 372 655 0.030147133
269 646 301 684 0.029809933
731 495 764 539 0.0298053
705 873 745 922 0.029600967
792 786 830 838 0.029513791
111 762 149 807 0.028892348
340 1062 376 1107 0.028633857
116 530 149 573 0.028329112
34 716 76 766 0.028310224
164 706 199 748 0.027868023
305 486 338 529 0.02762005
761 533 799 583 0.027494587
981 562 1019 615 0.027321134
310 610 339 649 0.027246544
835 755 874 803 0.027128376
505 905 546 962 0.027010629
612 824 650 872 0.026847819
797 496 835 544 0.026835725
-1 956 37 1009 0.026778588
391 612 425 656 0.026762392
574 522 611 568 0.026744772
120 606 154 647 0.026604893
598 339 635 387 0.025542913
236 944 272 988 0.025215289
410 983 449 1029 0.025208343
870 380 906 424 0.025043841
689 491 727 541 0.02469761
522 792 564 844 0.024637403
487 942 525 992 0.024522386
232 575 261 613 0.02444786
759 486 795 532 0.024368808
844 868 881 916 0.024281688
28 681 68 726 0.024214799
796 379 833 423 0.02395667
232 648 261 684 0.023753047
521 1057 557 1103 0.023655485
917 450 951 492 0.023545047
27 632 74 684 0.023529546
311 644 342 684 0.023502475
866 827 905 877 0.023379263
150 652 182 692 0.023235127
4 717 43 768 0.023226151
80 642 123 692 0.02303933
271 576 303 616 0.023031812
190 535 220 573 0.022884412
695 791 737 846 0.022771535
71 751 111 800 0.022552507
986 445 1021 495 0.022464963
954 410 990 456 0.022073623
161 526 194 568 0.022041446
794 905 829 951 0.021544082
413 829 454 879 0.021528693
344 911 384 961 0.021498471
389 529 423 571 0.021215525
406 791 446 840 0.02114432
109 864 146 911 0.021061465
537 830 574 876 0.02091853
918 376 954 422 0.020748094
196 606 227 646 0.020704584
769 374 805 418 0.020580392
443 871 490 929 0.0205768
233 536 262 572 0.020483512
615 446 662 507 0.020459425
337 867 378 916 0.020347064
863 671 910 728 0.020276872
915 338 950 382 0.020259786
579 800 616 848 0.020190362
36 755 75 803 0.020182073
-1 536 31 582 0.020060359
