35_Basketball_Basketball_35_712
21
175 261 207 300 0.095100194
40 49 67 83 0.06647013
97 260 128 297 0.06480274
286 52 311 83 0.039765816
28 282 54 314 0.038075887
632 54 661 90 0.030771025
488 174 519 213 0.030440684
300 230 330 269 0.028198203
28 698 73 747 0.02580509
34 232 62 267 0.024753595
250 282 276 314 0.024723835
33 342 70 389 0.024472082
942 463 968 496 0.023785321
198 271 226 305 0.023008348
283 117 314 155 0.02280238
891 279 917 309 0.022599323
83 51 111 86 0.021889012
231 229 258 262 0.02112201
45 296 75 331 0.020605586
786 257 812 289 0.020446476
97 119 127 157 0.020186072
