35_Basketball_basketballgame_ball_35_391
24
370 102 450 204 0.9976388
535 83 611 179 0.99432445
206 60 290 164 0.9940643
703 96 786 202 0.9937727
639 168 698 243 0.6037526
122 149 170 209 0.36329362
644 315 691 375 0.3171328
117 331 165 395 0.11013792
937 129 979 182 0.10865167
472 66 518 123 0.087766804
50 67 76 101 0.08032607
18 119 51 159 0.051809877
986 114 1022 166 0.04306473
487 330 535 392 0.04261856
967 246 1014 322 0.0401277
239 416 319 519 0.037186738
5 321 33 365 0.03200141
606 87 651 149 0.030926155
28 204 60 244 0.030588526
638 268 685 330 0.027746037
924 270 961 318 0.022647567
683 -6 759 73 0.02063481
34 48 62 85 0.020215007
69 193 102 237 0.020109113
