35_Basketball_basketballgame_ball_35_662
113
202 135 259 209 0.89215225
482 78 532 142 0.8750236
598 49 641 101 0.7925219
66 102 107 154 0.6757767
667 119 708 172 0.62940687
724 127 772 185 0.62276995
246 71 279 113 0.59960365
802 125 850 185 0.554774
356 130 398 183 0.48604423
467 236 519 302 0.43393457
603 262 675 351 0.4051048
765 63 795 103 0.3912748
67 227 136 312 0.39053407
432 7 467 50 0.390267
109 60 146 107 0.38987285
692 42 724 84 0.3873816
281 130 317 175 0.38252008
171 3 207 41 0.33501422
733 200 772 251 0.31858006
793 3 841 53 0.31164873
66 10 101 52 0.23447658
141 40 179 88 0.22966379
534 8 568 49 0.20536347
382 66 416 109 0.17579372
612 120 642 159 0.15812054
668 48 699 91 0.14743678
98 89 137 142 0.1304358
556 22 587 60 0.12782693
635 98 665 138 0.12724887
403 143 439 187 0.12675789
277 22 305 57 0.114381425
666 1 698 36 0.11395108
324 96 352 132 0.103338905
827 191 866 237 0.10194897
221 259 290 341 0.09893256
855 87 891 136 0.086217485
430 81 463 124 0.08456172
155 112 192 159 0.076115094
324 220 362 267 0.074442804
716 70 745 109 0.07104933
533 153 566 196 0.067736834
256 18 285 55 0.061749086
462 36 492 75 0.057777412
8 37 45 88 0.055014536
567 112 601 154 0.05408325
304 2 336 34 0.050149146
635 138 671 188 0.050084777
836 1 874 41 0.047654506
483 23 514 61 0.047247756
714 273 747 315 0.045696568
329 119 364 167 0.04459913
814 43 844 80 0.04417118
145 408 173 442 0.04385978
191 14 227 58 0.040894784
585 139 628 190 0.039790094
300 45 331 86 0.03923312
540 42 569 81 0.03768005
427 552 458 591 0.037658393
171 41 209 92 0.035742432
-1 91 29 138 0.035717025
734 92 770 135 0.035315394
869 45 900 84 0.0345514
274 60 308 104 0.03441515
383 18 414 56 0.034154724
637 67 670 109 0.032853514
436 122 469 166 0.032453947
354 1 387 36 0.032313682
553 233 602 293 0.03223959
235 0 266 33 0.031680044
865 143 896 190 0.031361975
331 5 362 38 0.03109669
40 319 75 366 0.030372338
683 248 715 291 0.029897947
507 51 543 93 0.029551832
46 68 78 109 0.02913168
912 377 945 418 0.029105151
531 70 563 114 0.02862204
490 0 522 34 0.028003445
93 15 132 62 0.027788505
707 19 741 62 0.027672034
-2 308 26 354 0.027609032
462 134 496 181 0.027285093
609 158 649 214 0.027050208
330 38 360 79 0.026696753
787 100 824 148 0.025929479
845 54 874 90 0.025780294
758 214 797 265 0.0256061
714 315 758 378 0.025252067
31 216 184 382 0.02413594
359 239 389 280 0.023985371
997 370 1025 415 0.02396526
483 171 518 213 0.023726203
582 2 613 34 0.023725854
639 15 674 58 0.02230432
436 219 470 269 0.0221685
745 19 773 55 0.02202829
575 183 627 250 0.022009622
203 490 231 525 0.021925328
871 17 905 59 0.02181384
545 136 617 215 0.021697795
942 433 979 483 0.021089774
895 262 931 312 0.021083396
991 136 1025 188 0.021082778
775 246 819 298 0.020883419
93 140 130 185 0.020832581
849 372 886 418 0.020724257
682 169 721 223 0.020508036
685 285 726 346 0.020399837
762 165 796 212 0.020341212
203 98 242 144 0.020294545
142 480 172 516 0.02016045
23 110 57 155 0.020071745
67 166 109 214 0.020029465
