35_Basketball_basketballgame_ball_35_858
48
785 502 855 580 0.5197585
74 561 100 593 0.1847463
23 459 47 492 0.16852573
577 228 635 305 0.16110297
655 389 697 443 0.15746778
108 615 134 647 0.12960753
147 586 172 617 0.09017789
68 534 96 567 0.08887037
71 509 99 543 0.08269394
49 461 72 492 0.08031188
160 482 182 510 0.07337521
98 563 121 594 0.071773134
47 615 72 645 0.062267862
28 615 52 647 0.057948288
120 631 146 663 0.051911253
387 516 410 543 0.04809581
381 590 406 623 0.047533084
213 485 235 513 0.04707194
303 592 325 618 0.044782892
333 510 354 537 0.042447783
279 484 305 516 0.04171428
670 561 703 603 0.040666845
355 612 382 646 0.037394196
57 584 84 618 0.037130766
286 464 307 489 0.036765344
161 536 184 565 0.034122113
334 620 364 656 0.033161577
58 481 82 511 0.03301084
624 342 709 443 0.03135091
254 437 275 463 0.030406833
338 453 361 480 0.030175516
4 610 29 646 0.029222343
299 607 327 643 0.02915534
403 531 427 562 0.028470226
125 460 147 489 0.026629984
441 617 465 649 0.024517635
127 558 152 590 0.023544934
75 604 104 640 0.022552773
175 466 196 492 0.02234702
511 458 539 498 0.022158757
8 434 33 470 0.022025535
211 463 232 489 0.021568865
489 617 512 647 0.02132474
153 638 181 670 0.021032838
180 508 203 537 0.020923346
357 558 380 587 0.02088972
158 565 184 598 0.020349888
307 487 331 519 0.020349095
