35_Basketball_playingbasketball_35_248
26
498 780 544 836 0.14091247
645 909 684 958 0.064137265
391 807 430 858 0.056987096
447 264 654 448 0.044644248
143 908 184 962 0.04411112
289 257 494 484 0.042512584
686 1301 732 1362 0.033617403
299 828 338 878 0.032459307
141 950 182 1004 0.03231881
121 801 156 849 0.03129206
472 923 511 974 0.029811734
804 1454 873 1529 0.02814497
564 957 600 1002 0.02567915
462 1023 499 1073 0.025228819
498 1094 550 1157 0.024735196
467 761 517 825 0.024123074
263 766 307 817 0.023576207
7 829 46 897 0.023340046
571 837 622 896 0.023002872
141 1074 184 1131 0.02276257
2 917 43 989 0.022689277
660 1230 696 1277 0.022627981
545 690 588 742 0.022054724
573 714 626 774 0.020775843
533 846 577 901 0.020697441
940 1482 999 1543 0.02024665
