35_Basketball_basketballgame_ball_35_412
20
651 158 724 252 0.9925459
857 212 916 297 0.7646788
830 475 893 556 0.32884666
66 148 142 235 0.2260603
210 12 277 90 0.18999155
943 518 1013 607 0.18997422
724 153 787 236 0.10601845
874 417 913 473 0.0819346
614 299 663 360 0.0645531
905 497 956 562 0.056841236
162 260 201 308 0.044599913
80 2 134 56 0.044057596
33 -2 83 44 0.034051057
52 144 215 324 0.032996215
220 76 273 143 0.02801177
635 253 708 344 0.023578338
608 226 656 287 0.022507375
142 2 184 48 0.021763602
-4 778 30 834 0.020967524
155 29 243 142 0.020031217
