35_Basketball_Basketball_35_449
25
482 331 510 366 0.20628737
777 458 806 494 0.09924078
384 76 409 107 0.062574424
484 272 511 306 0.060105883
539 453 566 487 0.059844024
507 459 534 492 0.055844262
413 70 437 101 0.051255576
334 117 362 154 0.04636688
565 308 593 339 0.03472475
874 430 900 464 0.032839097
613 309 643 347 0.031776294
637 308 670 348 0.031084353
464 269 491 303 0.031054024
828 459 855 491 0.030377002
477 24 512 63 0.029209917
378 151 404 184 0.027716454
426 458 452 489 0.027063953
411 438 434 467 0.026609745
507 281 532 312 0.025293984
463 464 490 495 0.024353325
507 329 537 368 0.023800503
469 310 495 341 0.02316911
541 412 567 446 0.022055568
732 238 774 289 0.021644099
330 306 353 334 0.020925017
