35_Basketball_basketballgame_ball_35_341
21
658 44 789 209 0.99886274
499 195 622 351 0.9982418
252 254 345 391 0.9920472
967 -2 1026 68 0.09278757
766 1003 813 1065 0.08284829
678 1082 732 1156 0.049143076
742 1186 823 1274 0.04888901
769 616 814 672 0.047865182
592 400 734 586 0.0472167
565 1223 615 1275 0.03241181
677 1175 721 1238 0.028746543
786 1039 834 1105 0.027663972
445 -2 573 129 0.025302036
539 622 592 686 0.024482762
885 868 935 928 0.02409699
821 1173 925 1283 0.02283953
831 560 880 621 0.022628825
824 598 879 676 0.022319105
913 780 962 838 0.021622412
507 635 615 751 0.021597676
880 946 925 1004 0.020053647
