35_Basketball_Basketball_35_579
43
898 91 952 162 0.77877843
27 671 63 716 0.40681508
732 300 775 356 0.2877423
74 605 98 638 0.16840194
82 98 109 135 0.11404171
34 125 67 164 0.09495825
162 222 187 255 0.0796626
415 354 438 385 0.07763495
452 123 480 160 0.070586964
55 610 78 642 0.070425406
206 294 234 330 0.068906106
861 145 896 190 0.06464672
267 530 293 562 0.057654567
505 60 534 97 0.05721107
413 458 440 494 0.05572592
452 672 482 711 0.05322572
809 168 843 210 0.052781098
31 608 58 641 0.05275187
693 209 744 272 0.051065296
41 172 81 215 0.04764241
231 604 260 643 0.045703042
271 64 302 103 0.04425876
83 665 108 697 0.03664457
457 385 488 426 0.034437656
689 254 748 327 0.034083385
250 111 284 153 0.0307795
27 638 62 683 0.029620038
551 174 581 211 0.029514898
105 170 131 204 0.029421628
324 614 349 647 0.028720092
205 176 230 209 0.028529657
209 610 234 643 0.025130393
855 228 920 319 0.023592846
461 20 489 55 0.02330062
77 629 103 662 0.023275346
796 354 832 400 0.023096265
192 368 231 422 0.022866575
554 249 584 290 0.022058386
511 613 539 648 0.021933628
432 429 459 469 0.021405526
627 265 664 308 0.021309456
458 271 487 312 0.021125488
178 289 210 330 0.020057995
