35_Basketball_Basketball_35_185
27
297 441 350 505 0.7187925
241 165 290 226 0.4645934
733 481 781 539 0.29919308
341 349 392 418 0.2730808
466 631 513 693 0.14431751
513 529 552 575 0.07917848
-1 174 37 237 0.07632162
168 882 219 942 0.06324862
372 525 421 579 0.042948008
91 742 131 791 0.039003693
444 582 483 632 0.037356414
649 448 697 506 0.03707842
88 180 125 229 0.03677275
913 2 1024 95 0.03483878
596 710 631 752 0.029846735
559 683 606 733 0.028677482
538 473 577 519 0.027176222
616 537 660 593 0.026814315
557 588 602 637 0.026187021
522 730 563 781 0.024351705
410 576 459 635 0.024077496
227 459 281 525 0.02346859
597 452 637 498 0.023381423
610 794 646 838 0.021775467
256 602 304 657 0.021260206
654 528 706 597 0.020814361
738 58 882 204 0.020468028
