35_Basketball_playingbasketball_35_65
65
983 423 1013 464 0.1506613
741 426 765 455 0.11396408
184 473 222 527 0.113295324
797 457 821 487 0.09026677
791 481 814 511 0.08755287
919 376 945 408 0.07652969
898 378 923 410 0.07338565
903 355 929 388 0.07001237
171 425 200 463 0.06993993
4 538 71 627 0.06591442
795 435 818 464 0.065209664
969 578 997 613 0.057881206
721 429 745 461 0.05567775
528 218 559 258 0.053520273
973 454 998 487 0.052059997
867 322 897 360 0.050424278
943 356 968 386 0.050188553
666 256 694 293 0.0493366
767 373 790 404 0.049241647
530 575 558 611 0.04748402
52 487 85 530 0.04667371
848 438 870 466 0.046483044
81 587 120 637 0.04392562
972 378 996 409 0.043063734
816 458 840 489 0.042620555
462 336 487 368 0.042465143
768 434 790 462 0.042396042
640 481 668 516 0.04156413
943 381 968 411 0.03942553
889 483 914 514 0.038924504
947 404 973 436 0.038819652
773 486 800 520 0.038465302
709 455 733 485 0.036947995
586 540 612 573 0.036534768
747 452 774 484 0.03580584
462 462 486 495 0.03542686
220 427 254 473 0.034999475
799 411 823 441 0.034882825
942 584 971 620 0.034877613
715 665 738 696 0.03404459
961 610 994 651 0.03351388
80 555 112 600 0.033504136
769 659 793 690 0.031670887
511 305 538 342 0.030297425
845 408 869 438 0.028559037
0 484 38 541 0.02825921
926 401 951 431 0.027826834
973 505 1001 542 0.027306769
747 377 770 407 0.026843594
815 404 839 434 0.026617583
845 351 873 386 0.026028002
948 427 976 462 0.025968703
991 350 1016 386 0.02485183
553 252 581 287 0.024846511
871 437 893 465 0.024780683
946 479 972 512 0.024116274
991 571 1018 612 0.023601536
661 457 691 495 0.022897622
209 633 240 675 0.02243321
444 357 467 386 0.020893203
705 488 730 519 0.02081424
492 587 522 625 0.020740837
953 457 979 490 0.0204991
561 583 587 615 0.020434279
946 331 970 361 0.020398922
