35_Basketball_basketballgame_ball_35_201
21
280 386 398 535 0.99925274
632 403 744 531 0.99708647
595 0 711 136 0.9969228
10 396 123 553 0.9948279
502 227 605 366 0.99138933
721 164 830 289 0.9864312
939 219 1031 345 0.98349136
126 277 219 400 0.982533
838 0 929 110 0.9783532
87 142 183 263 0.9746626
386 164 471 279 0.96206266
1 37 80 159 0.6926247
248 -1 325 74 0.45730388
704 491 787 603 0.21633936
505 -8 576 60 0.1013317
0 763 37 823 0.04934485
932 372 997 468 0.047236796
191 -2 250 58 0.036863547
66 297 133 383 0.02717697
878 551 964 678 0.024424713
936 10 1000 90 0.022526018
