35_Basketball_playingbasketball_35_219
23
247 676 347 789 0.9617509
929 869 991 947 0.8347032
814 954 882 1041 0.82806647
466 959 528 1037 0.8136454
694 1043 753 1118 0.8093732
582 852 625 905 0.6093331
685 920 723 973 0.17385349
988 1078 1020 1125 0.13700898
463 1131 525 1195 0.115056045
747 891 795 951 0.06008296
523 1047 584 1115 0.049027152
820 877 849 916 0.04471202
833 906 875 956 0.0378521
533 972 582 1037 0.032959476
776 953 821 1015 0.03247486
419 1122 475 1189 0.029372385
597 918 646 983 0.029155448
869 896 911 949 0.026327308
810 1026 859 1089 0.025780594
354 562 400 622 0.024313658
783 1045 822 1096 0.022184053
742 1043 787 1102 0.02042092
253 6 460 216 0.020167653
