35_Basketball_basketballgame_ball_35_565
197
787 306 811 336 0.22574197
790 474 815 507 0.1725407
311 433 335 463 0.16771889
941 336 968 369 0.15299083
942 381 968 415 0.13569865
615 304 639 333 0.1352449
563 357 587 387 0.13244943
820 257 844 287 0.13235502
715 298 739 327 0.13225316
695 488 721 519 0.13101022
809 407 833 437 0.124769956
224 528 256 570 0.12320698
715 483 739 512 0.12267748
842 202 867 233 0.11436212
610 489 639 527 0.11405718
354 356 378 386 0.11337038
814 382 838 411 0.10734729
901 280 924 309 0.10597896
668 454 693 484 0.104771085
543 334 564 361 0.09928759
664 355 686 383 0.0989361
968 196 996 231 0.09873455
697 302 720 330 0.09773481
513 428 536 456 0.096541055
694 376 719 407 0.09599483
711 356 735 387 0.09504524
920 275 943 305 0.08836899
877 431 902 462 0.087200195
570 206 593 237 0.08596862
797 281 820 311 0.08140833
811 428 837 459 0.08096667
690 455 714 484 0.07980991
890 408 917 439 0.079557896
669 487 694 517 0.07908687
594 412 614 438 0.079038806
610 404 634 435 0.078887306
742 283 766 312 0.07617306
386 503 408 530 0.07434132
589 483 615 519 0.07225793
869 206 893 238 0.06942154
773 460 799 493 0.06935369
721 462 744 491 0.06856295
440 433 462 459 0.065401234
887 353 913 385 0.064869456
920 123 949 161 0.06483537
711 226 734 254 0.063954785
868 486 895 521 0.06285392
384 404 407 433 0.062106304
949 279 974 310 0.061556403
769 387 791 414 0.06113011
611 251 633 279 0.06087675
534 437 555 462 0.060432333
494 412 517 442 0.060233172
975 278 997 306 0.060148407
416 461 437 487 0.060102634
943 478 968 511 0.059075367
839 253 864 283 0.05856632
644 382 670 415 0.05762107
695 332 717 360 0.056931756
995 353 1019 389 0.05688013
893 532 930 579 0.056478508
924 483 949 516 0.056327067
996 272 1020 306 0.056185495
819 228 843 256 0.05606093
770 560 797 592 0.05591136
889 384 914 415 0.054574687
669 304 692 331 0.054214574
745 207 769 239 0.05421384
434 462 456 488 0.053504806
983 431 1008 465 0.053334277
256 462 283 496 0.052288033
923 405 946 435 0.05172212
766 208 792 243 0.051498532
459 282 483 311 0.051219583
585 224 608 254 0.051086653
693 252 717 281 0.050267257
737 476 762 506 0.049925227
437 414 459 441 0.04975504
893 484 922 518 0.049422067
383 282 408 312 0.048264135
208 511 238 549 0.048061296
563 302 584 329 0.04761379
781 327 804 356 0.047000647
439 282 460 309 0.04697408
411 305 434 333 0.046743013
515 337 536 364 0.046676133
662 254 686 284 0.04665695
559 336 582 365 0.0463229
532 454 557 484 0.046284206
251 328 274 357 0.046085343
438 329 460 354 0.04593951
973 406 997 437 0.045558624
331 506 355 534 0.04537488
884 454 912 487 0.044082925
593 329 615 356 0.04358058
742 352 766 383 0.043563433
714 331 739 362 0.043485153
715 536 738 564 0.04326706
611 326 634 354 0.043047033
663 226 686 255 0.042899344
593 306 615 335 0.042878564
456 303 480 332 0.041076787
487 358 510 387 0.041069575
362 490 386 519 0.04014824
741 330 765 360 0.040094964
639 305 661 334 0.03991327
841 380 865 410 0.038944416
812 455 841 492 0.03868877
722 614 750 652 0.038597625
456 434 478 462 0.03797343
438 307 460 334 0.037753783
664 535 689 564 0.03744057
388 334 410 360 0.03704897
478 509 504 543 0.03646544
977 330 1003 365 0.036460593
265 385 287 413 0.03615905
412 515 438 543 0.03606322
765 534 791 564 0.035837617
536 254 560 283 0.035616472
569 414 592 442 0.03399213
692 404 717 435 0.03358316
663 204 687 233 0.033245854
461 379 483 406 0.03176657
665 280 687 308 0.031741552
772 512 799 545 0.03139461
790 559 817 593 0.031308938
993 448 1020 487 0.031130875
607 433 632 462 0.030931318
900 227 925 259 0.030788206
645 537 666 564 0.030735528
552 528 582 563 0.030402517
412 487 434 512 0.030073287
686 559 713 592 0.02994865
436 481 457 506 0.029885966
921 234 943 262 0.029610343
693 209 717 237 0.029609751
76 489 101 522 0.029222386
869 548 906 598 0.029056743
973 301 997 332 0.029018912
770 283 794 313 0.028917702
314 540 336 568 0.02888704
880 278 904 308 0.028541852
278 462 302 491 0.028489955
209 453 231 480 0.028398005
978 382 1002 415 0.028391315
919 429 945 461 0.028371185
645 457 671 488 0.027834782
930 462 955 493 0.027500514
925 300 948 329 0.026994675
716 406 741 437 0.02695043
231 437 254 464 0.02681124
101 487 126 522 0.02675459
848 408 870 437 0.026530476
487 277 511 307 0.026316686
722 437 746 466 0.026304426
947 501 976 538 0.026032526
828 182 854 214 0.026018199
614 458 638 489 0.025911763
800 227 825 258 0.025829175
593 283 616 312 0.025445996
457 459 480 485 0.02527437
691 124 716 157 0.025102412
467 230 491 259 0.02497776
644 280 667 309 0.02461895
411 406 435 437 0.02445879
413 330 434 356 0.02438923
178 486 204 519 0.02429999
363 406 389 439 0.024131034
588 383 610 412 0.024069754
465 487 488 513 0.02392481
415 436 438 464 0.02389286
852 503 880 537 0.023658833
412 233 433 260 0.023616921
647 332 670 360 0.023412133
664 149 691 182 0.023151508
639 483 665 517 0.022995671
289 438 311 465 0.02299549
659 175 687 210 0.022853585
583 357 607 387 0.022721611
456 331 478 357 0.022672787
568 461 591 489 0.0226457
751 381 775 410 0.022491833
952 226 977 256 0.022475611
341 336 364 366 0.022467325
235 458 258 489 0.022278912
157 460 180 488 0.021865822
765 258 787 284 0.021841843
484 253 507 282 0.021468481
614 530 641 561 0.021427045
326 452 350 480 0.020764023
284 363 309 392 0.020729795
891 204 917 238 0.020414552
616 354 639 382 0.020404465
792 351 817 382 0.020354152
306 491 330 520 0.020322839
808 552 839 591 0.020170994
614 200 638 231 0.020078486
