35_Basketball_basketballgame_ball_35_998
198
47 398 83 443 0.9503002
905 280 954 341 0.86471564
354 319 393 369 0.78359
688 73 726 125 0.77663034
466 96 496 134 0.70954466
32 202 68 249 0.6035995
266 85 300 128 0.597034
356 114 391 158 0.5406376
398 108 428 146 0.44215116
251 389 288 436 0.42541698
180 125 211 165 0.40489042
106 371 137 410 0.3677469
511 25 540 62 0.34023812
62 279 95 321 0.33065924
170 366 206 413 0.30497953
510 335 535 367 0.29107487
410 18 437 52 0.28593037
770 40 801 79 0.27498126
840 218 868 255 0.2275504
332 18 357 51 0.22658741
645 96 672 130 0.2144905
821 422 866 478 0.21080768
573 141 601 176 0.2091098
473 429 503 465 0.1930341
122 295 151 334 0.16337109
530 351 558 385 0.16150188
959 352 996 398 0.15731202
537 305 563 338 0.14973462
255 153 288 193 0.14542182
9 427 35 462 0.1434076
251 49 279 84 0.13838091
664 95 692 132 0.13074858
592 44 618 78 0.12825496
645 359 674 395 0.122959286
429 26 457 62 0.12177106
990 276 1020 320 0.11918468
691 3 719 33 0.11525224
590 377 617 414 0.113092415
63 143 92 181 0.11211334
643 26 674 62 0.11075313
-1 303 25 343 0.10409261
865 77 892 112 0.10161192
592 17 618 51 0.099723786
457 1 485 32 0.098117985
721 428 748 462 0.097470194
155 12 183 47 0.093263
326 405 353 438 0.09071293
122 400 151 437 0.090458654
708 118 745 163 0.089472294
614 394 642 430 0.087534904
442 144 468 178 0.0844433
913 202 944 243 0.08202673
517 286 541 317 0.07951995
557 311 582 343 0.07337455
305 1 333 33 0.06677816
740 366 779 415 0.06628445
664 436 697 478 0.06498009
328 202 356 237 0.062033523
474 76 505 114 0.061737653
387 16 416 51 0.06167146
783 66 816 108 0.061641626
380 196 413 235 0.06100071
250 272 282 310 0.05938644
305 309 340 354 0.059314653
610 4 636 32 0.055596188
633 481 662 520 0.055560034
252 0 280 30 0.054906104
157 248 186 285 0.05462717
354 21 379 54 0.054566596
708 46 739 84 0.053888552
741 119 772 158 0.052874833
508 378 539 417 0.052146196
632 330 661 364 0.051455244
175 578 209 619 0.050548095
276 18 304 53 0.050431315
150 428 178 465 0.048857536
642 152 672 190 0.048211407
20 350 48 385 0.04820842
492 348 518 381 0.047891635
231 25 255 55 0.04663475
391 438 416 468 0.046566408
434 349 467 389 0.046202157
460 219 493 258 0.044702135
362 46 386 76 0.044406556
174 431 203 469 0.044287752
562 407 586 437 0.043691948
104 100 131 134 0.04362409
741 508 767 541 0.043428037
401 224 430 259 0.04312312
511 438 537 471 0.04235996
973 45 999 81 0.042249974
994 51 1021 92 0.042208023
706 18 738 55 0.042009883
331 524 357 554 0.04149323
451 376 479 411 0.041454207
719 256 750 294 0.04143459
537 435 565 469 0.041253716
487 5 516 37 0.041082475
72 316 104 355 0.040865764
559 359 585 393 0.040318638
529 40 557 77 0.040104922
440 511 465 541 0.040075663
297 244 329 282 0.04006055
989 314 1018 355 0.039831113
552 250 580 287 0.03951177
303 580 336 621 0.039399367
429 326 458 360 0.03900284
307 146 336 185 0.038870364
222 94 250 130 0.038478125
358 565 384 597 0.038102377
987 493 1019 540 0.037967872
208 252 237 286 0.037933797
743 42 771 78 0.037932534
566 0 595 33 0.036093485
565 51 590 83 0.035731513
201 17 230 49 0.03567258
256 25 284 59 0.03534232
224 224 257 262 0.03529173
784 371 816 417 0.035120033
872 291 909 337 0.035059426
845 91 875 130 0.03490384
79 482 107 518 0.034875974
619 96 645 129 0.034821644
535 102 561 135 0.034658846
311 47 339 82 0.03420808
124 173 158 217 0.03393111
16 450 43 483 0.033736628
572 536 597 566 0.033368327
687 252 713 284 0.03312897
819 94 849 133 0.03276989
387 73 414 104 0.032663815
612 355 639 390 0.0323753
336 78 364 113 0.032162182
-1 250 23 287 0.031962603
380 51 404 80 0.030971402
585 557 613 593 0.030616622
371 93 432 164 0.030545881
690 379 717 412 0.030437239
73 201 101 240 0.030370858
865 480 905 532 0.030139519
406 179 434 216 0.03003211
592 306 617 339 0.029427895
452 530 477 561 0.029241025
737 200 763 233 0.029215243
896 2 925 33 0.029091714
154 401 183 439 0.028658574
226 121 253 156 0.02862452
820 243 849 282 0.028549872
430 197 466 237 0.028460933
766 95 798 136 0.027881362
19 148 43 179 0.027831716
436 270 464 303 0.027467659
478 583 508 623 0.026711676
636 1 666 30 0.026472582
220 294 258 337 0.02619763
587 219 611 252 0.025813363
897 41 925 77 0.025703557
359 176 391 214 0.025050968
914 403 945 440 0.02502309
327 142 359 182 0.02498643
76 70 104 104 0.02491881
128 50 153 83 0.02487854
359 219 389 255 0.02484092
871 18 900 52 0.024806723
720 565 745 598 0.02471928
102 323 130 359 0.024505084
382 566 409 599 0.024409069
532 179 559 211 0.024391213
79 353 109 392 0.024337186
720 507 747 540 0.024313528
562 205 588 236 0.024210904
921 6 950 36 0.024126265
253 218 292 266 0.023996774
684 446 718 487 0.02388298
103 191 140 236 0.023748344
590 257 616 293 0.023692273
455 306 483 339 0.023415435
820 44 846 78 0.023228085
353 401 381 435 0.02320145
450 82 508 152 0.022932231
894 428 933 475 0.022554962
730 447 760 483 0.022355247
689 200 714 232 0.022189846
436 557 463 591 0.022032542
641 275 666 306 0.02181997
850 1 880 36 0.021391151
687 406 717 442 0.021362314
261 117 293 156 0.021339618
815 345 845 386 0.021205965
609 70 638 104 0.021178009
92 356 151 428 0.021134675
281 304 313 344 0.021118676
406 505 432 536 0.020836916
614 254 642 291 0.020709626
949 431 985 474 0.020558778
943 1 970 29 0.0202896
15 585 44 618 0.020093868
168 225 199 263 0.020066861
