35_Basketball_Basketball_35_209
74
405 113 437 155 0.29192844
426 209 456 247 0.27102137
606 257 638 300 0.17718178
263 205 286 234 0.16101338
505 128 536 166 0.1592259
480 270 508 307 0.15837066
79 274 104 304 0.14582363
174 222 201 256 0.13927166
974 148 995 176 0.12409896
455 156 482 189 0.118934594
403 64 429 97 0.11395416
884 171 911 204 0.087217085
209 176 234 206 0.085702576
806 156 832 188 0.083603546
840 209 865 241 0.08224318
923 152 947 181 0.07768713
997 119 1021 154 0.075436875
976 208 1000 240 0.0706931
738 226 761 256 0.06871792
511 228 538 261 0.06524316
331 250 359 285 0.06445349
201 197 229 233 0.059901554
459 226 486 262 0.056225512
427 249 456 284 0.055995736
312 253 338 286 0.051430702
486 105 508 133 0.049565632
256 225 279 255 0.04922825
477 177 503 211 0.04915541
848 119 873 150 0.049089503
565 43 593 78 0.04794985
543 94 570 129 0.04740177
168 248 200 288 0.045894306
642 128 666 157 0.045259148
994 206 1018 242 0.044766095
950 154 973 182 0.043579604
930 173 954 202 0.043033727
747 125 771 154 0.042933993
101 207 128 241 0.041387662
3 218 30 257 0.041254368
355 69 380 100 0.04116221
375 289 414 341 0.03955801
206 253 231 285 0.038418416
834 252 861 286 0.038155977
667 122 691 151 0.037952926
954 255 978 287 0.03783592
691 122 715 151 0.037492286
866 103 891 133 0.03710458
727 144 768 192 0.036505904
49 251 73 282 0.03450884
70 177 92 205 0.032459423
283 182 310 214 0.030494442
156 201 187 236 0.03014706
387 226 411 259 0.029659377
50 228 74 259 0.028774876
228 201 251 232 0.02850109
133 257 157 289 0.02751062
337 50 358 77 0.027401416
301 203 326 233 0.027076486
277 221 303 253 0.027030457
361 26 386 57 0.026563887
279 257 303 287 0.02630395
48 387 74 419 0.024936153
178 181 203 212 0.024869239
236 225 261 258 0.024614323
379 29 405 61 0.023431001
74 204 98 236 0.021848511
3 180 26 214 0.021501875
69 304 96 334 0.021363327
96 256 126 293 0.021276735
275 400 305 435 0.021239547
255 185 281 216 0.021011626
388 178 411 208 0.02075666
231 249 259 284 0.020533876
284 53 307 82 0.020062674
