35_Basketball_playingbasketball_35_127
65
599 192 642 247 0.9117889
539 166 572 207 0.8741714
494 115 526 158 0.84176767
635 32 664 69 0.46546015
885 54 917 99 0.22042128
315 53 350 95 0.1974329
457 196 482 229 0.14191853
841 6 878 48 0.12519336
164 20 194 57 0.10783443
756 23 796 72 0.10074912
607 77 634 112 0.09408441
307 124 333 158 0.07705321
367 126 393 160 0.07652699
604 350 634 389 0.0743555
656 229 686 265 0.0741231
282 121 309 155 0.07347261
413 48 439 81 0.07065336
537 99 567 137 0.06690208
682 47 712 87 0.064417094
617 126 645 161 0.06263334
662 19 694 59 0.062437277
962 223 997 272 0.060824458
412 98 438 131 0.051335752
481 224 506 255 0.04978682
408 22 434 53 0.042955752
634 100 661 134 0.04185158
273 13 312 61 0.040208805
658 271 689 310 0.039900336
407 122 434 158 0.038921017
655 151 685 187 0.03875816
584 49 614 86 0.03865783
542 302 568 335 0.038022216
425 70 449 102 0.037834134
757 64 794 112 0.036559604
381 197 406 228 0.035615835
159 71 184 103 0.03482625
431 21 456 52 0.034543388
941 116 975 161 0.032903433
817 14 850 54 0.031791613
635 70 662 104 0.03146273
559 120 587 155 0.031070054
626 404 669 452 0.030969473
463 121 491 156 0.030298255
814 59 847 101 0.029776087
512 199 537 230 0.029116074
553 275 582 310 0.028959844
590 123 620 162 0.027818445
511 75 534 104 0.027608443
150 119 175 150 0.02742493
384 20 412 54 0.027132636
462 44 494 84 0.025736203
227 104 260 142 0.025405793
613 21 677 98 0.024976935
358 47 389 86 0.024442988
380 142 408 177 0.02363563
530 400 562 440 0.02353609
333 181 356 211 0.02342795
5 71 32 109 0.023077426
42 128 71 165 0.022955656
405 193 432 226 0.022479424
151 3 215 84 0.022461114
870 43 932 123 0.02244223
72 19 102 58 0.021277787
682 4 716 43 0.020473603
441 179 468 214 0.020118188
