35_Basketball_basketballgame_ball_35_80
55
491 94 591 217 0.99735177
809 78 860 144 0.8928739
256 130 307 195 0.8806838
88 189 128 236 0.72702897
368 102 420 167 0.622873
882 42 939 109 0.592939
0 244 39 305 0.54627156
32 112 67 155 0.50986993
291 5 337 58 0.50722843
-1 345 38 403 0.5017709
162 220 210 283 0.42272294
168 3 207 47 0.38562977
85 244 134 303 0.216749
26 153 63 199 0.2146626
219 47 256 92 0.2079655
496 1 540 49 0.19055738
415 225 468 294 0.1820387
381 13 420 60 0.17458928
96 53 134 99 0.1633702
348 144 392 200 0.14208937
64 212 111 271 0.11878311
8 176 42 222 0.11659579
663 275 717 355 0.09952067
212 266 260 319 0.095003396
892 349 940 421 0.07822829
129 26 163 70 0.07664498
525 15 576 76 0.059825156
524 231 577 296 0.057458755
697 452 754 522 0.055895623
179 118 220 168 0.052713394
58 152 89 194 0.052660093
153 157 188 201 0.05164722
121 215 162 269 0.04892807
11 97 43 143 0.04381048
155 45 193 90 0.04134834
283 275 324 325 0.041248955
65 370 104 418 0.0340286
22 3 59 44 0.032285385
319 115 365 175 0.031770553
449 60 493 119 0.03140537
179 182 214 226 0.02960698
309 477 345 523 0.029277246
359 0 399 48 0.026953692
69 169 149 260 0.026447529
50 94 89 145 0.025826795
379 193 432 264 0.02498551
622 178 665 233 0.024937775
404 43 447 101 0.024703927
251 30 285 74 0.023867223
259 1 298 46 0.023750141
688 201 737 264 0.023434855
31 54 62 94 0.022740252
323 179 367 238 0.022079637
21 269 60 320 0.020121045
776 170 869 281 0.020057743
