35_Basketball_basketballgame_ball_35_254
43
9 152 63 231 0.48973355
172 281 247 380 0.2554456
373 137 431 206 0.15054086
422 445 466 493 0.1358922
309 283 363 358 0.104718104
535 112 607 210 0.08989559
238 965 330 1080 0.0784967
589 259 682 378 0.07406977
441 32 520 120 0.059941158
357 293 443 401 0.057293203
272 0 341 69 0.055658825
230 142 318 247 0.045665924
505 613 552 668 0.045046728
13 701 75 799 0.040256668
281 317 381 434 0.037292294
52 856 132 972 0.03630017
0 362 41 426 0.032853317
101 160 176 242 0.032064192
108 39 149 94 0.03203749
347 192 404 265 0.03128211
411 199 478 289 0.030951152
385 490 432 553 0.030412504
258 78 303 132 0.027740505
294 544 341 598 0.027353521
637 105 684 166 0.027001195
10 1139 76 1204 0.026448978
1 73 42 139 0.025803905
8 26 113 142 0.025789503
133 210 207 303 0.025067866
437 130 481 188 0.024574658
383 1 443 70 0.024310023
500 223 547 288 0.024156673
66 345 121 410 0.023900758
119 474 166 529 0.02342675
316 53 390 138 0.023147466
110 316 154 379 0.0229234
537 189 651 321 0.022896735
157 9 230 85 0.02267146
-3 490 41 579 0.022304391
286 416 353 490 0.021658115
483 716 521 763 0.021515178
389 439 437 496 0.020521268
471 113 528 184 0.02018952
