35_Basketball_playingbasketball_35_764
21
493 242 527 284 0.81299025
534 399 565 438 0.096686445
870 305 909 355 0.0799718
425 249 458 287 0.07827988
594 403 620 436 0.05366798
715 276 743 311 0.045144685
301 178 330 217 0.040169697
610 437 637 471 0.036968596
667 301 693 333 0.033380788
643 278 672 313 0.032411005
638 404 665 437 0.03037213
692 356 718 389 0.030008957
594 349 621 384 0.025776295
296 413 332 462 0.024934921
359 230 390 267 0.024513314
665 358 689 389 0.0233953
590 303 620 338 0.022080703
636 429 664 464 0.021597192
466 246 498 286 0.02093155
668 330 692 360 0.020393744
769 311 794 343 0.020031601
