35_Basketball_Basketball_35_180
57
410 400 442 440 0.76497245
283 192 313 228 0.72828186
613 359 639 391 0.7028052
520 225 555 271 0.54280406
388 191 416 226 0.527094
389 279 421 318 0.51749235
691 169 716 200 0.49874327
271 62 305 107 0.42674032
476 220 505 260 0.30814174
431 238 462 276 0.30429402
339 191 364 221 0.29377466
805 65 841 111 0.26231632
478 294 510 334 0.21013297
696 270 731 313 0.19816355
630 380 657 415 0.18465373
856 69 888 111 0.1759499
609 166 637 201 0.1276222
483 116 514 153 0.12404724
539 166 569 205 0.12059986
441 96 476 141 0.11973996
596 243 634 292 0.10792198
541 429 574 470 0.101150446
441 178 469 215 0.09867891
587 172 616 207 0.09851562
993 70 1019 115 0.08283301
408 250 440 287 0.075128935
558 173 594 215 0.07223611
454 142 488 183 0.06420909
222 183 248 215 0.064090885
689 506 719 545 0.058987882
518 151 547 189 0.056791674
374 71 408 115 0.05624194
665 349 693 383 0.053924352
690 408 714 440 0.053843122
670 151 702 189 0.05233148
608 433 641 472 0.05199388
497 92 531 134 0.05188516
757 69 789 108 0.050187353
353 245 380 280 0.04929996
710 179 736 211 0.045963135
504 425 535 464 0.045766972
585 403 614 439 0.04540949
474 175 515 223 0.044177424
603 46 635 87 0.04316334
421 448 458 495 0.042000446
638 178 670 215 0.04197934
558 224 590 266 0.041193806
328 75 355 113 0.040798713
508 319 535 355 0.03959107
279 258 312 296 0.03764693
696 194 723 227 0.036606174
670 426 701 466 0.03650818
638 328 663 362 0.035106707
714 402 741 436 0.033080257
507 272 559 335 0.032587055
734 11 766 50 0.02185079
912 49 940 83 0.020225916
