35_Basketball_basketballgame_ball_35_64
140
293 234 351 308 0.9847824
123 283 180 355 0.9739043
477 219 535 296 0.97027427
92 193 135 246 0.96410763
951 183 1019 278 0.96248686
31 245 79 305 0.9223926
585 205 649 288 0.88163257
701 205 764 286 0.8771335
382 63 417 106 0.82243335
905 181 954 249 0.7860469
655 107 691 154 0.7456758
434 100 471 145 0.73625004
345 149 383 198 0.71443194
800 177 840 229 0.68630767
86 121 118 164 0.6794466
149 122 182 166 0.675447
269 116 302 160 0.60132414
409 5 441 40 0.58985627
233 244 274 294 0.5704895
238 171 275 218 0.49829683
520 96 555 139 0.49125877
211 114 244 158 0.452129
536 11 565 46 0.43881208
731 93 767 137 0.4265958
47 46 73 79 0.3721857
37 146 67 182 0.36538702
431 4 464 42 0.34522057
463 53 493 92 0.33561328
490 161 531 211 0.32290038
249 282 291 335 0.30068332
558 432 595 478 0.29865935
186 218 223 264 0.28601623
79 42 107 76 0.24969596
248 72 276 108 0.24693887
614 22 650 65 0.23742673
0 235 31 287 0.21044204
589 369 634 424 0.1732846
498 426 532 469 0.16691902
805 399 843 449 0.15621872
585 118 627 168 0.1549395
330 38 359 74 0.143602
274 2 303 32 0.13676251
29 66 54 99 0.1361069
134 98 161 134 0.13133806
531 150 567 195 0.1294867
305 433 348 484 0.12517762
184 71 211 104 0.12014509
219 142 258 190 0.117887035
594 73 626 114 0.105258234
401 139 437 184 0.10402983
283 80 312 115 0.10063289
85 453 125 502 0.098367035
670 413 712 462 0.09571217
198 49 223 80 0.093341164
208 3 233 32 0.0916719
481 20 510 56 0.088446915
890 495 991 615 0.086401984
167 593 203 635 0.082771234
99 30 124 62 0.07651938
153 2 179 32 0.07648037
257 92 289 134 0.07408059
446 367 482 415 0.07284886
0 301 29 346 0.07185493
179 26 202 55 0.07167964
240 478 277 522 0.07022877
457 13 487 50 0.06796875
2 102 28 138 0.06603501
210 520 251 575 0.06450655
866 52 893 86 0.06139149
303 589 334 628 0.06077729
555 5 588 42 0.05950835
606 404 656 460 0.059110988
688 64 717 104 0.054899003
493 653 530 700 0.054882295
351 18 382 56 0.052341193
308 27 338 65 0.05016024
515 0 544 33 0.049018554
201 482 237 527 0.04485085
840 170 877 219 0.044491284
267 314 306 364 0.04433858
488 125 524 171 0.042093057
187 96 214 130 0.0420904
236 52 262 85 0.04131435
407 482 447 529 0.040727783
338 -2 365 27 0.040244997
172 134 206 180 0.039693207
764 75 800 118 0.039459642
156 48 180 77 0.038896766
503 43 532 81 0.038280047
753 180 807 248 0.037406795
346 296 383 347 0.03724815
495 473 532 521 0.035496067
654 214 685 262 0.0342617
257 17 286 51 0.033169277
115 471 155 521 0.032885067
346 243 383 294 0.03282882
228 20 254 51 0.03244361
31 25 61 61 0.03208384
382 192 418 241 0.03159839
348 187 386 239 0.031545337
289 654 323 694 0.03055745
437 192 474 241 0.029006762
540 37 570 74 0.02896664
556 171 593 221 0.028316356
664 167 699 214 0.02787614
277 47 305 81 0.027632277
386 12 422 54 0.02737033
123 606 159 648 0.027236639
993 38 1025 85 0.027215227
859 261 905 316 0.027167471
298 113 331 158 0.026961997
146 364 183 409 0.026842207
132 1 159 32 0.026470527
179 2 205 33 0.02621273
500 288 539 340 0.026110351
597 44 630 85 0.025468439
-2 148 22 185 0.025318598
156 75 182 106 0.025125504
442 49 471 87 0.024853408
308 168 345 210 0.02472396
127 23 153 56 0.0245325
341 443 384 496 0.0239584
403 325 445 380 0.02389618
751 110 789 158 0.023872424
330 70 359 106 0.023814056
94 527 134 580 0.023687731
914 259 952 310 0.023640608
99 370 141 422 0.023523316
428 608 464 653 0.023495488
676 444 717 494 0.023186738
359 91 392 131 0.022990625
917 77 948 114 0.022415465
684 92 720 141 0.022209585
848 448 924 553 0.021626417
729 592 781 653 0.021557592
559 98 589 140 0.02132524
558 65 589 107 0.02119193
144 162 179 206 0.021063274
519 0 580 71 0.020502228
77 0 106 32 0.02018216
