35_Basketball_Basketball_35_107
37
409 51 554 239 0.958029
42 210 118 308 0.9568918
265 280 374 424 0.5688659
685 527 734 590 0.40080023
881 365 925 418 0.38155037
604 500 655 568 0.27645168
764 467 847 590 0.24238242
26 97 82 168 0.1944835
795 93 831 137 0.1480113
919 355 961 407 0.11795444
934 435 969 479 0.08541992
186 49 220 96 0.058746975
897 20 931 61 0.04813626
673 14 713 60 0.045946114
859 126 887 161 0.0458029
208 84 242 127 0.044681028
88 340 144 406 0.04352414
791 151 826 193 0.04347176
612 433 656 486 0.042668037
641 517 710 603 0.03814266
240 184 281 235 0.03742099
917 96 948 135 0.036538903
84 40 125 95 0.034926713
892 429 978 537 0.034506924
214 23 253 72 0.03326106
833 363 867 406 0.0326084
236 4 275 49 0.031171989
861 66 889 102 0.029867813
120 25 161 77 0.029357836
699 470 746 526 0.027675083
984 489 1016 534 0.024919499
827 115 861 158 0.024408882
944 5 984 45 0.023599623
303 112 341 163 0.022723306
306 30 342 76 0.021422261
435 460 535 580 0.021312742
24 322 75 385 0.020520883
