35_Basketball_basketballgame_ball_35_178
79
307 22 441 181 0.49489522
82 393 108 427 0.22184826
234 669 258 699 0.20553672
518 381 551 422 0.1863772
27 453 55 490 0.13249005
565 434 599 478 0.12136153
192 462 217 494 0.11399601
591 34 709 173 0.10842593
452 385 479 418 0.10682917
281 504 310 540 0.099980175
224 722 257 760 0.09956306
841 172 877 222 0.09229212
692 281 720 317 0.08182973
306 666 330 696 0.07026291
21 662 52 700 0.06972159
405 670 431 702 0.063361816
107 666 134 699 0.057906
153 663 180 696 0.05789478
46 657 79 696 0.05755522
156 528 180 561 0.056155697
718 430 750 469 0.055191178
636 636 665 671 0.054398138
297 481 323 514 0.053840972
245 531 272 564 0.052612
127 717 157 750 0.04890932
250 717 280 751 0.044466935
233 609 257 641 0.044149823
47 470 80 508 0.043997996
127 683 152 715 0.04072602
326 555 352 587 0.038593177
837 125 924 247 0.03791498
289 684 315 715 0.037695814
76 504 105 538 0.037420202
467 643 490 673 0.036281545
362 635 386 663 0.03477066
175 657 200 689 0.03464269
307 538 331 570 0.034625947
247 681 272 712 0.034501914
182 718 210 752 0.033970337
124 507 149 538 0.033693522
306 638 329 665 0.033457033
68 716 99 751 0.033353608
72 458 103 497 0.032809548
77 686 104 719 0.031748332
49 432 77 468 0.03147873
309 711 339 744 0.031275433
383 638 406 666 0.031248592
572 254 606 297 0.030895649
832 175 924 307 0.029716145
106 639 130 669 0.029277202
124 562 154 597 0.028895576
22 514 49 545 0.02881681
198 534 226 568 0.028740034
1 634 25 668 0.028355455
211 688 236 718 0.028158976
214 662 239 693 0.028122585
378 427 402 458 0.027843112
695 389 719 420 0.027597275
473 17 649 187 0.026812024
436 613 461 643 0.026519485
73 640 98 669 0.02558503
225 479 256 514 0.02516644
71 609 97 640 0.025071086
283 716 307 745 0.024849368
159 641 184 672 0.024222855
559 271 625 352 0.02370384
333 685 359 716 0.023686184
468 222 553 311 0.023509402
173 512 201 547 0.022769403
280 738 305 765 0.022367142
456 420 488 458 0.022339247
6 679 37 720 0.022273036
151 735 182 767 0.021967372
671 695 699 730 0.02187691
256 555 286 592 0.021778226
13 713 61 758 0.020763773
26 556 57 594 0.020459702
287 612 312 645 0.02021919
125 616 151 648 0.020041173
