35_Basketball_Basketball_35_327
42
790 176 815 207 0.27056155
183 182 208 214 0.24187315
972 169 997 202 0.18428828
23 178 48 208 0.16247456
924 151 952 185 0.15877238
415 238 456 294 0.15452804
313 201 342 238 0.11191203
620 272 644 301 0.10919131
93 166 119 200 0.098716654
537 173 565 205 0.081832185
29 199 55 231 0.07896756
868 180 897 215 0.077653274
767 196 794 228 0.061674472
770 158 797 190 0.06094478
507 362 534 393 0.059613634
671 178 694 207 0.05369384
953 175 979 208 0.045173213
1 230 23 262 0.042222176
462 182 491 216 0.042093843
692 184 716 212 0.04109007
898 182 923 212 0.03903818
827 152 853 183 0.0387744
815 227 841 259 0.03529074
282 308 309 342 0.034058288
260 155 286 187 0.032069955
385 171 414 205 0.030833367
128 208 151 237 0.030379191
995 153 1018 186 0.029076125
232 207 261 245 0.029009562
254 223 282 259 0.02848268
642 181 664 209 0.028381078
43 225 70 259 0.028232051
816 203 842 235 0.02695862
283 278 307 308 0.025704857
619 233 641 260 0.024550661
847 226 870 256 0.023967037
670 157 692 184 0.023712935
213 223 239 257 0.023138521
280 222 305 256 0.023097549
816 173 842 206 0.022754405
489 251 514 282 0.020540284
751 229 776 259 0.020015731
