52_Photographers_photographertakingphoto_52_263
22
627 261 25 36 0.9957581 
403 292 23 32 0.9915868 
754 283 21 37 0.98971003 
135 293 21 33 0.9895667 
353 298 22 30 0.98907834 
686 246 21 38 0.9821728 
800 285 24 40 0.9776652 
37 278 22 30 0.9572224 
470 306 13 19 0.8419022 
61 384 21 29 0.6475149 
270 302 11 14 0.5211976 
82 315 22 27 0.41219413 
317 309 11 15 0.3056259 
25 369 31 44 0.21042857 
72 387 19 28 0.13365524 
81 389 18 28 0.08582451 
181 316 12 14 0.033188596 
871 338 27 35 0.032149002 
274 304 14 16 0.02895697 
174 316 12 13 0.023220915 
264 304 12 14 0.02313031 
46 373 23 38 0.020294528 
