52_Photographers_taketouristphotos_52_266
63
606 448 55 91 0.99780315 
321 389 27 32 0.9957747 
660 645 141 119 0.98904794 
455 370 31 45 0.9659402 
244 412 22 39 0.94278324 
376 340 12 17 0.76234317 
348 377 13 20 0.7539224 
409 339 11 14 0.4581061 
312 329 15 23 0.27046248 
492 305 22 24 0.21823113 
588 312 24 28 0.21252485 
279 340 13 18 0.14803955 
350 341 11 16 0.13812006 
539 311 25 30 0.11968272 
596 302 14 15 0.11620477 
389 339 10 15 0.114575006 
446 368 24 39 0.113200024 
459 304 16 21 0.10606804 
186 261 12 16 0.10063694 
581 319 21 27 0.09115798 
338 380 21 28 0.08227907 
231 344 10 13 0.08017068 
176 338 19 23 0.07988668 
393 277 14 15 0.077673815 
571 323 16 20 0.07753676 
371 369 15 19 0.076739155 
123 217 16 20 0.075843304 
355 368 15 21 0.06526095 
381 336 12 16 0.06195758 
448 306 21 26 0.054406676 
169 224 18 21 0.05330835 
230 348 12 17 0.052383848 
145 397 27 42 0.05137478 
291 381 25 36 0.045311123 
388 357 12 15 0.043619182 
261 273 10 13 0.041498084 
432 340 12 14 0.040350515 
179 235 15 19 0.03860794 
206 383 23 27 0.03860056 
355 341 11 14 0.03762104 
163 396 28 37 0.036649175 
176 217 17 20 0.035845876 
378 368 13 19 0.034185387 
309 301 15 19 0.031161448 
222 415 26 34 0.029494718 
399 341 9 12 0.028895725 
308 341 17 22 0.028739419 
206 338 11 13 0.027221262 
160 202 16 18 0.027115341 
467 337 16 20 0.02646624 
184 414 30 43 0.026398022 
277 266 13 15 0.025926728 
161 220 18 22 0.025320819 
129 211 16 19 0.024136245 
344 342 13 18 0.023697183 
591 320 25 32 0.023392672 
351 336 10 13 0.023391018 
441 320 19 19 0.022866942 
362 367 18 23 0.02283132 
412 299 11 13 0.022587497 
405 365 16 18 0.021958003 
488 306 16 19 0.021507254 
599 314 18 22 0.020668134 
