52_Photographers_photographertakingphoto_52_578
22
752 176 58 74 0.9997596 
282 182 67 79 0.999723 
804 153 52 63 0.9990221 
945 171 66 72 0.9988695 
354 137 52 69 0.9987464 
500 252 51 64 0.9974577 
65 148 79 102 0.9952178 
108 119 70 92 0.9935846 
578 151 47 67 0.971186 
777 163 54 71 0.6010737 
458 207 16 20 0.24879114 
672 200 8 10 0.1337755 
515 229 48 58 0.046324924 
256 135 21 32 0.04021388 
537 227 44 55 0.029607892 
461 200 24 29 0.028087787 
519 212 31 36 0.024236623 
528 619 11 14 0.023979679 
558 155 46 67 0.023826031 
627 182 16 21 0.022739887 
532 208 16 23 0.021399641 
592 177 50 70 0.020844918 
