52_Photographers_taketouristphotos_52_123
18
735 269 120 132 0.9997683 
222 136 115 145 0.99975795 
645 214 51 90 0.99035245 
858 293 44 73 0.3160872 
961 430 27 26 0.18889838 
258 0 47 46 0.14143994 
976 866 14 16 0.09365771 
924 215 26 38 0.07458083 
927 219 41 47 0.040462982 
923 216 16 23 0.032462675 
954 778 19 21 0.030929806 
943 95 12 14 0.030210244 
932 985 25 32 0.03005019 
942 307 10 13 0.02754716 
942 760 9 12 0.027526453 
966 308 9 12 0.026547974 
825 277 74 108 0.02131932 
922 307 10 13 0.020221801 
