8_Election_Campain_Election_Campaign_8_84
96
119 543 165 600 0.98362905
301 489 332 528 0.5661433
34 526 64 565 0.51855105
86 500 116 538 0.39972675
928 609 964 655 0.24698709
202 502 230 538 0.21102096
28 405 52 435 0.17018121
259 412 284 445 0.15901895
774 578 810 625 0.15016341
609 197 639 236 0.1327347
206 462 235 498 0.1317421
154 404 179 437 0.12822603
127 479 152 511 0.12727256
539 170 570 208 0.12382732
172 428 200 463 0.115850195
641 249 673 288 0.0974941
279 413 305 446 0.09122934
532 272 557 304 0.091151126
176 453 202 487 0.09103466
224 475 252 510 0.08834
973 482 999 517 0.082116075
439 541 464 572 0.080728784
22 429 49 463 0.07999003
230 408 256 443 0.07899063
135 386 158 417 0.076642185
182 482 210 519 0.07408345
530 508 555 541 0.072633594
405 496 435 533 0.06531724
16 450 50 493 0.056897797
663 228 693 266 0.055886183
520 177 545 210 0.054293122
949 485 975 518 0.05312172
819 384 844 416 0.05276725
876 504 899 533 0.05245898
923 458 946 487 0.049949504
516 533 543 568 0.049130578
672 190 706 234 0.048105817
329 458 353 490 0.047630034
454 559 480 593 0.047363166
274 653 302 690 0.046747137
788 482 812 513 0.044751935
455 181 487 221 0.044387147
846 458 868 487 0.043807704
480 176 508 211 0.04354003
621 272 653 310 0.03964732
17 664 59 718 0.039642196
795 374 822 409 0.039342187
181 533 211 572 0.038573872
326 503 352 535 0.038251467
45 424 72 459 0.03752959
254 454 282 490 0.037002396
280 455 309 491 0.036797408
514 257 544 293 0.036510777
814 704 860 755 0.035236772
596 171 630 213 0.03440174
82 429 108 462 0.033789545
253 483 281 519 0.033248473
954 456 979 488 0.032675765
510 199 537 234 0.032665696
923 484 953 520 0.032299023
204 429 231 464 0.031945318
691 250 720 289 0.031837557
404 559 434 597 0.031570997
404 18 437 55 0.031200109
631 198 661 239 0.0311541
793 616 863 697 0.030199401
100 460 125 490 0.029336404
533 582 560 615 0.028739093
128 427 154 459 0.028546004
436 580 466 619 0.027417872
96 375 123 409 0.027092211
845 483 868 512 0.026484817
6 404 30 436 0.026345123
533 302 559 336 0.025374064
876 384 900 415 0.024914537
665 559 688 588 0.023969123
884 731 919 768 0.023891842
921 537 948 570 0.023727832
45 457 72 492 0.023727054
892 491 918 523 0.023413757
247 557 282 601 0.023364272
698 300 724 333 0.023351857
125 506 162 549 0.023242423
279 198 310 237 0.023113433
357 506 384 539 0.02294703
21 306 51 343 0.022427544
974 410 998 442 0.022423193
958 609 996 654 0.02216707
76 300 106 339 0.021967204
299 427 325 461 0.02182699
153 479 183 515 0.021505374
96 301 130 341 0.021303719
309 462 337 497 0.020553652
665 299 692 333 0.020203296
769 357 798 396 0.020151753
936 582 969 623 0.020126794
