8_Election_Campain_Election_Campaign_8_86
62
119 173 173 242 0.9798743
12 158 61 221 0.95468616
577 235 630 299 0.8510721
210 233 250 284 0.601993
373 224 413 279 0.59527135
486 275 514 311 0.28643754
435 210 475 260 0.21512693
70 178 104 225 0.19758213
761 254 799 301 0.187364
173 294 207 338 0.15800105
407 190 443 241 0.14807206
656 306 691 348 0.14464287
3 46 38 100 0.14309989
853 70 972 214 0.11953074
901 282 935 326 0.11942403
15 247 48 290 0.08773612
722 320 761 369 0.082416974
991 345 1021 391 0.08028663
77 214 114 261 0.08003931
235 68 273 114 0.061746147
896 312 937 367 0.058900245
947 325 980 372 0.058725897
385 176 416 216 0.057300504
556 181 588 221 0.056382086
428 344 459 386 0.0562885
512 330 546 375 0.054815143
712 364 748 412 0.05466671
460 245 493 284 0.05228965
104 133 134 170 0.052131075
405 327 438 371 0.046313852
114 464 163 523 0.044197842
500 223 536 269 0.041898947
330 454 362 498 0.04158124
180 249 215 293 0.041563075
764 349 806 403 0.03986221
250 173 284 217 0.039775576
378 299 419 351 0.035190325
817 223 848 262 0.034008987
968 439 1006 488 0.034000475
787 224 825 267 0.03341261
330 248 363 287 0.033157613
404 270 437 311 0.030556466
853 347 903 403 0.028337123
404 370 440 417 0.028084671
680 323 715 367 0.028008945
791 324 831 373 0.02761932
254 242 289 291 0.02756733
826 423 855 462 0.026866388
683 245 716 285 0.025514811
170 173 209 225 0.02520179
754 284 887 442 0.024927072
19 91 49 131 0.024638737
867 245 902 286 0.024489788
275 117 310 162 0.024086477
17 5 55 49 0.023734033
639 192 676 244 0.023526043
427 270 463 314 0.022743395
315 480 348 523 0.021973304
20 615 51 652 0.021970123
234 344 269 389 0.02196319
308 590 332 624 0.021214796
535 362 573 406 0.020085054
