8_Election_Campain_Election_Campaign_8_412
513
21 517 50 555 0.62032723
657 427 689 466 0.583774
431 424 459 460 0.56957406
155 560 183 595 0.53029513
728 507 758 544 0.52423614
813 429 840 464 0.5071274
704 454 732 491 0.48064348
305 575 343 622 0.47445244
915 601 949 645 0.44490322
359 407 389 444 0.4392711
623 519 658 564 0.43537942
172 386 199 420 0.4216295
126 400 153 433 0.40405852
939 316 966 352 0.39378068
95 552 123 588 0.3798653
81 535 108 570 0.3664011
490 260 515 292 0.36428
642 306 666 336 0.3420828
546 148 569 176 0.3395528
224 374 250 406 0.33448598
807 359 834 393 0.32850933
247 535 274 570 0.31644502
384 601 412 637 0.3098642
84 449 116 489 0.30230466
504 477 532 514 0.29080144
174 251 201 284 0.28314427
860 578 891 615 0.28077334
459 256 485 289 0.2603251
387 305 412 337 0.25895384
712 379 736 409 0.24412662
351 484 384 524 0.24108681
17 349 43 384 0.24085824
135 306 158 336 0.23418638
682 580 710 616 0.23357905
804 222 828 252 0.23341691
363 237 385 265 0.23319198
974 272 998 304 0.23081002
457 328 481 358 0.22895451
342 176 366 207 0.21701415
918 377 947 411 0.21517351
123 358 147 389 0.21391296
818 145 839 171 0.21275069
394 150 416 176 0.21210855
281 559 313 600 0.21102469
569 225 592 255 0.2108567
250 430 278 466 0.20719884
865 461 895 498 0.20701382
927 511 955 549 0.20539364
773 440 798 471 0.20509005
994 325 1020 364 0.19954629
900 361 925 393 0.19908653
634 380 660 411 0.19587451
770 580 799 616 0.19387542
484 404 511 440 0.19047385
950 101 973 131 0.18635799
317 280 339 308 0.18495204
507 183 530 210 0.18431838
809 544 844 587 0.18347153
435 132 458 161 0.17753944
388 199 415 232 0.17734118
468 377 494 410 0.17732845
490 581 517 613 0.1741496
624 298 647 328 0.17382082
77 257 104 292 0.17260806
265 255 289 284 0.17065968
977 453 1007 493 0.16961709
280 100 302 128 0.1696057
121 490 146 523 0.16291301
975 535 1003 571 0.16226858
253 175 276 205 0.1622398
412 374 436 404 0.15881313
104 355 129 386 0.15745692
763 610 795 649 0.1549018
901 282 924 310 0.15093467
180 538 206 571 0.14834085
462 354 486 384 0.14266698
946 405 972 440 0.14175925
770 330 793 360 0.14154291
516 382 542 416 0.14134341
806 129 828 158 0.14087911
664 122 685 149 0.14041509
847 479 873 512 0.13893697
561 450 592 490 0.13800353
919 125 941 152 0.13555758
851 311 873 337 0.13481967
108 202 133 234 0.13053876
713 101 736 130 0.12909923
200 555 226 587 0.12860279
522 100 544 128 0.1275743
901 124 925 154 0.1270931
641 455 674 493 0.12652865
430 608 461 644 0.12218561
20 258 45 290 0.12152806
226 323 251 354 0.1211713
334 157 357 185 0.11927536
665 325 691 356 0.11850345
508 275 535 308 0.117668785
431 96 453 124 0.11759926
98 335 123 365 0.116441116
445 183 468 211 0.11538233
595 152 617 180 0.11404701
870 329 893 358 0.11315311
697 203 719 232 0.11075356
372 501 404 540 0.11045752
274 273 300 306 0.10923436
437 278 461 308 0.107652396
792 490 818 522 0.107222475
325 300 350 331 0.10701651
436 26 459 56 0.106758825
282 501 311 536 0.10675728
706 309 731 341 0.10578604
649 104 672 131 0.10529705
52 228 77 259 0.10411366
22 42 48 73 0.10324188
152 324 175 353 0.10268169
848 615 879 654 0.10232336
666 200 687 228 0.10213286
280 379 307 412 0.10180871
666 562 698 600 0.100692324
591 128 612 154 0.099238135
264 356 288 390 0.098955765
545 581 577 621 0.0986389
410 456 437 489 0.09781691
74 158 96 186 0.0969157
616 179 638 205 0.09691138
332 80 354 107 0.096626595
166 228 192 261 0.0960246
709 478 742 518 0.095593415
700 156 722 184 0.09511858
790 279 816 309 0.09461688
206 511 231 544 0.09444346
4 377 28 412 0.094357714
957 258 980 288 0.09419464
766 209 789 238 0.092312336
353 382 379 412 0.09208719
231 76 253 104 0.09152465
564 177 586 204 0.091270596
645 361 670 392 0.09099259
309 51 331 76 0.09015162
284 26 305 53 0.08983172
584 385 610 419 0.089809544
416 77 439 105 0.0897477
619 200 641 228 0.08963756
540 333 565 364 0.089514896
515 27 536 53 0.08950344
231 488 256 518 0.088594496
996 43 1019 77 0.088053286
379 280 403 309 0.08798448
451 583 480 618 0.0878451
656 532 688 568 0.08655293
946 526 975 563 0.0860557
201 257 224 285 0.08571309
953 175 976 204 0.08549796
771 148 793 175 0.08454308
637 408 671 448 0.084023535
307 408 333 440 0.083687
489 151 512 178 0.08358177
53 28 76 57 0.08240972
790 307 816 338 0.081904836
741 432 768 467 0.081798404
890 455 920 492 0.08147626
799 99 819 125 0.08084034
407 610 436 649 0.079923086
721 173 744 202 0.07843933
231 508 258 544 0.077971384
979 207 999 233 0.07768901
715 405 741 438 0.07764523
541 304 564 333 0.07603657
368 55 389 81 0.07517401
748 208 771 238 0.0749383
207 309 233 342 0.07395423
227 96 250 124 0.073803
869 307 892 333 0.073756196
669 252 692 280 0.07341886
357 124 378 151 0.07298882
431 376 455 407 0.07273628
588 207 610 236 0.07259872
721 552 750 589 0.07248861
640 230 663 259 0.072106555
227 411 253 443 0.07195239
691 361 718 395 0.07185214
408 254 431 283 0.07140876
315 151 337 180 0.07105018
437 233 460 261 0.070671506
843 502 872 539 0.06906534
967 582 1007 633 0.06898511
411 226 434 255 0.06872238
7 28 33 66 0.06866691
128 428 156 464 0.06848948
314 131 335 158 0.068082616
412 131 435 161 0.06805472
497 200 522 230 0.06777411
0 195 21 231 0.06747283
616 74 637 101 0.06666472
288 49 309 75 0.06616182
97 260 123 293 0.065578386
766 537 794 573 0.06556439
929 105 953 135 0.06551082
561 127 585 157 0.06459767
518 355 543 386 0.06447768
108 508 135 542 0.06438256
640 21 662 48 0.063600026
870 50 891 77 0.063589856
743 357 768 388 0.06318845
509 429 538 464 0.06278284
362 72 384 99 0.0626088
205 454 230 487 0.06220185
235 130 258 158 0.062124852
568 104 589 131 0.06207792
562 308 585 336 0.061857753
592 176 615 205 0.061759897
403 479 433 514 0.061536446
877 356 902 388 0.061504964
411 3 435 31 0.061502337
383 226 408 257 0.061236482
208 201 231 231 0.060850743
456 198 479 226 0.0608007
826 489 851 520 0.060506836
121 223 144 253 0.060027022
695 229 716 256 0.059951067
690 326 715 358 0.058974862
506 558 536 597 0.05884103
794 413 823 449 0.05876928
748 330 773 360 0.058435448
261 299 286 331 0.058233853
858 178 879 206 0.057832595
825 310 848 339 0.057539493
752 131 774 159 0.057322618
561 332 587 363 0.057267424
467 460 494 494 0.056977656
108 376 135 409 0.05622212
201 179 224 208 0.055881456
133 103 155 131 0.05559157
614 153 638 183 0.055393305
739 178 760 204 0.05539128
646 206 668 234 0.05522027
720 227 741 254 0.055109728
357 586 391 632 0.054725315
126 288 149 316 0.054504935
696 181 719 210 0.054244544
745 74 767 102 0.054166045
872 103 898 137 0.05410969
335 462 366 501 0.053622503
745 582 773 616 0.053500667
980 351 1004 383 0.05324641
300 386 325 417 0.053218618
850 103 874 135 0.052850958
919 181 942 211 0.05276619
308 503 337 539 0.05251549
695 504 724 540 0.051497668
254 485 280 517 0.05111299
102 125 125 152 0.05102355
998 130 1020 162 0.050972544
773 507 800 541 0.05090798
387 359 413 392 0.050657757
572 559 607 601 0.050592054
590 105 610 131 0.050416064
853 74 874 100 0.05041591
624 252 648 281 0.050353885
770 385 795 416 0.05025172
282 79 305 107 0.04996306
739 4 763 30 0.049911063
666 231 690 260 0.04989892
512 47 535 75 0.049693376
166 581 202 623 0.049614936
725 256 748 284 0.049296055
84 347 111 382 0.049105786
464 96 485 123 0.048738636
750 308 775 338 0.04853417
743 557 772 592 0.048411414
999 200 1020 229 0.048408285
104 154 126 181 0.04833276
484 308 511 340 0.04817137
902 258 923 284 0.04800608
79 76 100 102 0.047995973
615 129 637 156 0.047848925
253 197 278 229 0.04730404
177 360 200 389 0.046788633
339 256 362 286 0.04668325
535 438 563 472 0.046671044
173 206 197 237 0.046305828
901 201 924 231 0.046293292
239 150 262 179 0.044978913
49 204 73 234 0.044736855
800 149 822 176 0.044677436
873 286 894 312 0.044542752
516 78 539 106 0.044161554
45 528 73 564 0.044121787
588 331 611 361 0.043631874
851 279 874 305 0.043624148
532 286 554 313 0.043431323
530 404 557 437 0.043354783
919 228 945 259 0.043218587
718 78 741 106 0.042941302
132 557 160 592 0.0426613
664 354 692 389 0.04215333
202 154 223 180 0.041905265
182 457 208 490 0.041778427
45 128 69 157 0.04176906
455 431 481 465 0.041690487
308 326 334 359 0.041599948
615 357 641 389 0.041449405
533 535 562 572 0.041373625
597 76 617 102 0.041285764
57 176 81 206 0.04114547
55 251 82 286 0.04110688
948 80 969 106 0.040934186
206 228 228 257 0.040661607
401 322 428 356 0.04060534
187 99 209 125 0.04055933
997 378 1021 412 0.04051934
150 435 175 467 0.040450368
791 446 823 484 0.040313825
120 533 150 571 0.04024603
79 203 101 232 0.04012645
111 178 134 206 0.0401157
238 53 260 80 0.040025476
843 563 875 603 0.039901897
690 252 714 281 0.039886232
150 127 171 152 0.039717056
459 23 484 53 0.039443187
978 379 1003 414 0.039243307
184 154 205 181 0.03910269
985 551 1018 596 0.03903111
261 234 285 262 0.039022878
155 154 176 181 0.03881894
632 578 665 618 0.038775384
359 196 383 226 0.03851066
723 20 746 48 0.038421076
184 129 205 155 0.038362168
699 281 721 308 0.038222503
329 426 358 462 0.03818595
923 23 948 55 0.03816402
21 405 46 437 0.038010556
542 173 566 202 0.037812747
642 180 664 207 0.03743134
951 486 976 518 0.03716517
973 404 1000 441 0.037162106
620 24 640 49 0.03714826
978 153 999 182 0.03699453
229 584 255 616 0.036943942
233 257 255 284 0.03683825
931 76 953 102 0.03683503
873 231 895 260 0.0367631
639 152 662 180 0.036704388
2 458 24 490 0.036535967
252 509 281 547 0.036524307
334 358 359 389 0.036447722
232 202 256 234 0.036438618
485 502 515 540 0.03641619
338 232 363 264 0.036142133
133 328 156 357 0.03596303
970 101 992 130 0.035668053
156 356 180 387 0.03557975
978 26 1005 63 0.03557303
281 405 308 439 0.035553258
388 24 411 51 0.035531927
361 362 385 392 0.035292055
1 148 23 187 0.035163887
958 201 979 228 0.0351395
385 460 413 494 0.03496941
778 258 800 285 0.03439382
661 2 687 30 0.03436252
211 486 235 518 0.034174617
905 148 928 176 0.03408249
185 516 212 550 0.034041
253 3 279 32 0.03375213
823 630 863 673 0.033171892
920 454 947 488 0.033058923
129 613 158 648 0.033012256
667 279 691 307 0.03299179
313 259 335 287 0.032912828
202 583 230 617 0.03289526
405 180 428 210 0.032832257
544 230 569 263 0.03279701
56 79 79 107 0.03277059
743 99 766 128 0.032716386
765 351 788 381 0.032425527
641 77 663 104 0.03238744
1 482 24 515 0.03229796
746 152 770 181 0.032237362
699 81 723 110 0.032202233
596 51 618 79 0.032173235
741 275 768 307 0.03160025
73 608 103 645 0.031550463
645 52 666 78 0.031354267
589 357 613 388 0.031180568
919 253 944 285 0.031075161
848 349 875 384 0.031056024
772 76 794 103 0.030865427
181 26 203 54 0.030765679
308 206 330 235 0.030567309
819 278 842 306 0.030555844
900 227 924 259 0.030463211
868 499 901 539 0.030460963
279 330 305 363 0.030369353
508 224 534 256 0.030293629
231 278 254 307 0.030133424
254 128 275 155 0.030114567
384 70 406 98 0.0299606
925 426 954 461 0.029928848
206 129 227 156 0.029692993
462 154 483 181 0.029659692
515 156 537 184 0.029466169
775 52 796 78 0.02939418
484 358 508 389 0.029301526
1003 179 1023 208 0.029214444
336 25 358 52 0.029213788
698 125 721 153 0.029014647
482 603 514 642 0.028983755
99 577 127 612 0.0288684
580 437 612 476 0.028774427
414 276 440 308 0.028627597
855 227 878 256 0.028479828
799 81 818 104 0.028462062
896 561 928 600 0.028387606
29 73 52 102 0.028350003
354 154 376 181 0.028252337
981 305 1008 343 0.028203776
872 202 895 231 0.028202906
818 254 841 284 0.028087104
151 50 173 78 0.027976407
177 329 201 359 0.027945524
724 51 747 79 0.027854651
591 305 614 334 0.027783988
182 308 207 339 0.027736515
0 311 22 343 0.02772318
75 20 99 50 0.027382076
950 352 977 386 0.027217329
871 254 892 281 0.027169013
2 556 27 589 0.027162388
151 512 181 549 0.026858483
854 158 877 185 0.02685781
49 380 75 412 0.026784085
26 429 53 463 0.026760357
975 176 997 207 0.026575364
130 49 153 78 0.026504079
897 331 921 361 0.026451306
80 412 108 447 0.026418397
366 302 390 332 0.02640597
209 99 231 126 0.026353873
30 103 54 134 0.026288675
901 408 927 440 0.02616457
901 505 931 543 0.026077555
22 454 50 489 0.02605389
305 31 327 59 0.025956115
740 624 776 664 0.025906872
840 406 868 442 0.025853286
306 460 334 495 0.025726808
946 27 972 60 0.025651501
998 403 1023 439 0.025619546
536 252 559 282 0.025396071
565 247 591 278 0.025174785
52 302 78 335 0.025173096
619 328 644 360 0.025097823
852 204 876 234 0.025093975
441 302 467 334 0.02501711
390 5 417 33 0.024981415
148 77 168 103 0.02476501
297 536 328 575 0.024724407
237 22 260 50 0.024571726
495 50 517 78 0.02453767
619 425 649 463 0.024532454
569 79 591 105 0.024448216
105 53 128 81 0.024339715
158 174 179 201 0.024337988
102 77 123 102 0.024320541
178 429 206 464 0.023936687
635 606 668 645 0.023733318
670 150 691 177 0.023717744
24 306 50 339 0.0235341
465 508 494 544 0.023445545
45 478 77 518 0.023397421
51 432 80 472 0.023177084
287 205 310 235 0.023106404
54 101 78 130 0.02299759
997 276 1021 310 0.02296243
203 24 225 52 0.022944015
207 405 232 437 0.02275047
664 474 699 514 0.022722093
283 459 311 494 0.022584774
235 451 264 488 0.02258413
310 175 332 203 0.022539023
564 505 597 544 0.022465082
566 51 589 79 0.022359774
412 54 434 81 0.022327175
484 531 512 565 0.022238797
820 103 842 132 0.022236349
28 174 55 209 0.021981053
490 1 516 30 0.02197187
898 47 920 75 0.021911446
131 158 155 187 0.021854097
461 130 484 159 0.021849232
48 350 76 386 0.021777568
825 175 845 200 0.021708563
534 25 556 54 0.021658307
511 7 536 35 0.021598728
514 303 539 334 0.021561285
82 127 105 155 0.021550793
154 280 177 308 0.021445341
227 608 257 645 0.021215804
141 540 204 612 0.021199577
693 24 718 56 0.021161985
333 127 356 156 0.021110328
24 549 55 587 0.020904144
905 28 928 59 0.02090143
946 626 980 668 0.020856421
977 76 1000 106 0.020821841
386 100 407 127 0.02059686
835 532 869 575 0.020172972
537 82 561 110 0.020169495
311 226 336 258 0.02016273
983 126 1004 155 0.020156702
