8_Election_Campain_Election_Campaign_8_236
26
554 131 629 226 0.99300534
153 361 216 441 0.96232456
409 354 453 411 0.8179228
336 341 390 413 0.8028817
488 586 534 646 0.23852356
841 246 873 291 0.08377883
788 348 827 400 0.08350036
466 373 502 416 0.07554932
866 239 902 285 0.066580206
99 379 131 418 0.06514727
285 610 332 665 0.0408573
8 614 68 673 0.039605696
310 413 359 475 0.034368392
883 359 936 421 0.031190438
752 292 816 369 0.028491586
478 297 514 346 0.027496073
454 424 498 484 0.027466493
218 351 252 399 0.026520565
704 112 742 163 0.026022982
630 152 709 251 0.025058059
462 543 501 597 0.024144197
49 485 79 524 0.023356125
89 629 141 676 0.020736746
735 368 772 415 0.020715455
810 385 851 436 0.020591125
288 343 361 441 0.020128725
