8_Election_Campain_Election_Campaign_8_297
91
794 249 829 295 0.70038766
590 267 619 305 0.6906121
924 294 957 338 0.6836985
647 264 681 305 0.50551116
500 284 529 322 0.33958015
412 328 436 358 0.33084723
166 477 202 523 0.20503266
712 230 736 262 0.14167689
587 347 616 382 0.12824896
693 323 721 357 0.116277695
790 291 823 332 0.11583191
568 301 593 333 0.11330315
448 250 474 283 0.1029894
652 304 682 341 0.10267986
505 124 533 159 0.09260268
944 316 978 366 0.08175354
429 454 464 495 0.07705651
508 363 532 395 0.07385459
560 180 584 211 0.07053418
158 384 187 420 0.06659944
745 271 772 306 0.06488531
63 582 111 647 0.062229555
315 256 339 288 0.060182486
794 325 825 361 0.05876218
545 253 568 283 0.057504114
392 332 417 363 0.054712854
696 249 723 284 0.050127972
413 381 444 420 0.049843047
645 148 671 181 0.049427643
717 321 743 355 0.049183942
764 101 788 131 0.04816291
382 279 407 312 0.046920855
511 198 537 230 0.045530334
968 288 1016 354 0.044500466
362 303 386 334 0.043474007
255 259 281 291 0.04215129
850 331 876 364 0.04089804
393 204 417 234 0.040576942
569 354 594 387 0.039730627
563 257 589 292 0.03809879
218 334 243 365 0.037253436
746 303 771 338 0.036837805
392 303 416 334 0.036173224
902 283 935 324 0.034709934
548 151 571 182 0.034653295
769 225 795 258 0.03413412
642 239 672 275 0.03227432
428 352 459 390 0.031283595
510 323 537 357 0.03062209
670 176 696 207 0.03059783
428 397 464 439 0.030398134
739 359 767 398 0.030131528
794 154 820 186 0.030049317
213 405 242 442 0.029732304
408 287 433 319 0.028619312
539 272 566 308 0.028618878
462 208 487 239 0.028047204
369 254 394 286 0.027957495
404 227 427 257 0.02784349
563 230 587 261 0.02754429
455 358 484 394 0.026828371
144 467 261 623 0.026456235
132 199 165 240 0.02633323
238 198 262 229 0.026086422
609 334 638 369 0.025785249
609 258 639 297 0.02546555
903 278 968 358 0.025446203
490 201 516 234 0.025030417
488 142 516 176 0.024585394
463 331 487 362 0.024225874
774 154 800 186 0.023668725
491 376 517 410 0.023648767
541 301 570 339 0.023450539
546 196 571 229 0.023447702
822 94 851 130 0.023266474
573 258 634 332 0.02315844
853 178 881 213 0.022816367
429 310 453 340 0.02280627
582 477 615 518 0.022662774
812 353 852 398 0.022488022
613 123 637 154 0.022328556
794 198 819 229 0.022308052
459 406 487 441 0.021774258
692 198 720 232 0.021481974
872 299 902 337 0.021257518
511 227 537 258 0.02118676
439 276 463 306 0.021178545
621 148 646 179 0.02106492
647 96 677 133 0.02081628
773 327 801 364 0.020470018
231 228 256 259 0.020262953
