8_Election_Campain_Election_Campaign_8_76
61
838 265 879 318 0.8782071
642 229 677 273 0.87622267
344 291 379 335 0.8490725
356 230 388 271 0.8076227
19 290 62 341 0.78476137
514 254 545 293 0.77665395
448 225 477 263 0.74568427
417 281 447 320 0.67919236
152 303 182 342 0.6727222
73 309 104 350 0.61078876
253 275 287 317 0.5196224
557 254 587 292 0.3710818
710 311 743 352 0.289276
293 217 325 258 0.21480577
616 275 643 310 0.17766526
201 298 230 333 0.16677484
685 286 718 327 0.14137553
711 224 737 258 0.13289346
780 295 810 333 0.1207644
273 300 302 336 0.10699032
504 346 536 385 0.07541423
174 322 205 360 0.071451955
963 480 1005 540 0.05802472
97 327 125 364 0.054884072
480 302 512 338 0.05076045
613 200 642 238 0.04711355
513 398 539 431 0.041652862
106 349 138 392 0.040738393
615 406 639 436 0.040308364
123 322 155 362 0.03910281
306 352 337 390 0.038948573
249 194 279 233 0.03785399
590 401 613 430 0.033138677
332 199 362 241 0.03183354
248 350 278 386 0.03057308
204 182 232 219 0.030235859
403 195 432 233 0.029702777
232 221 259 259 0.029649498
101 456 129 492 0.029181683
402 225 429 261 0.027887333
3 512 28 549 0.025584474
278 251 309 290 0.025500158
553 193 585 232 0.025197012
483 326 521 370 0.02497594
660 203 688 240 0.024251994
231 329 263 365 0.023504822
230 180 257 216 0.02317676
455 271 487 308 0.022788163
306 275 339 316 0.022672899
693 200 724 240 0.022653067
666 267 735 347 0.022529285
531 266 562 302 0.022481028
227 295 260 334 0.022403106
176 285 206 324 0.02212338
387 276 416 318 0.0217236
635 407 662 439 0.021615122
381 351 411 388 0.02135954
635 182 660 213 0.021351071
235 252 267 292 0.020470925
126 368 158 407 0.020321285
254 375 283 412 0.02000393
