8_Election_Campain_Election_Campaign_8_218
42
845 246 936 366 0.9847972
176 382 256 473 0.9696274
437 318 497 395 0.9580295
285 333 351 415 0.92780215
602 342 646 396 0.8465545
541 337 586 393 0.6304734
699 319 735 366 0.513961
793 259 834 314 0.36940944
710 460 740 499 0.3428766
75 266 144 360 0.13864878
656 427 686 466 0.1216896
677 564 723 620 0.119975254
151 331 201 392 0.113857135
745 228 777 271 0.075654685
460 276 511 336 0.075067624
635 402 667 443 0.07033224
402 325 442 380 0.058266617
669 320 707 369 0.055967096
18 239 76 328 0.04347897
788 98 935 288 0.04308611
394 265 434 318 0.03683876
656 484 689 527 0.034455832
207 8 328 145 0.033201315
39 311 126 426 0.030685868
884 422 925 473 0.030512575
733 323 771 373 0.030184401
664 273 702 320 0.028924767
46 192 79 235 0.027605096
587 393 625 443 0.026508298
859 437 901 496 0.026058495
71 218 107 261 0.025764659
761 294 795 341 0.025716508
563 202 597 244 0.025045937
241 298 282 350 0.0242558
848 392 887 444 0.023657713
565 428 602 474 0.023156462
718 244 748 282 0.02199484
462 88 502 137 0.02116869
616 453 646 490 0.021140678
577 289 616 339 0.021017706
728 580 764 629 0.020565731
743 266 781 314 0.020220432
