8_Election_Campain_Election_Campaign_8_157
115
164 426 194 466 0.62187004
900 206 931 246 0.35543337
613 431 637 462 0.123836316
845 440 867 466 0.109015726
947 199 974 233 0.10592196
791 504 818 540 0.08940355
566 437 594 473 0.08559754
433 442 456 470 0.085411824
684 507 710 541 0.08398725
565 389 588 418 0.08136316
411 439 433 470 0.07666499
873 462 897 490 0.07342431
213 461 238 493 0.07010619
795 357 818 386 0.06848946
0 460 23 498 0.06794638
588 435 614 469 0.06750619
690 433 711 460 0.0639175
585 411 609 441 0.06269917
771 330 791 356 0.06253469
870 484 894 514 0.059572306
766 143 800 187 0.05918743
347 283 372 315 0.05670627
307 458 333 488 0.05483901
610 488 632 517 0.05452162
302 483 329 516 0.05311838
823 310 848 341 0.052982852
225 530 250 564 0.052280806
895 409 919 438 0.052009515
457 385 481 414 0.05099524
771 358 794 387 0.048726577
899 430 924 459 0.048076723
360 412 385 444 0.047653675
751 328 772 354 0.04687096
824 111 859 156 0.045381583
787 529 818 568 0.04424071
772 431 794 460 0.04378431
795 332 818 360 0.043760132
640 545 664 575 0.0436715
641 429 664 459 0.043204963
908 304 932 335 0.042600658
640 333 662 363 0.042001717
949 436 973 465 0.04039197
488 434 514 465 0.039345186
40 614 64 645 0.039014693
617 306 641 337 0.038970057
922 436 947 466 0.038428124
390 430 414 462 0.038305283
870 335 893 363 0.038062155
544 436 571 470 0.037713055
720 412 743 440 0.037192293
919 353 945 385 0.036602788
793 410 818 440 0.03609275
461 457 486 486 0.035768796
359 458 385 489 0.035362747
874 436 897 465 0.035248373
979 423 1010 463 0.033392522
787 121 822 164 0.03338566
641 356 664 387 0.033046294
827 456 851 485 0.03191217
559 355 582 384 0.031357564
330 563 360 602 0.031190244
919 257 946 289 0.031129459
1000 284 1023 318 0.031031864
615 360 638 390 0.0304212
380 331 406 365 0.030149447
795 381 818 409 0.030135967
668 408 690 435 0.029865298
981 357 1011 396 0.029640598
896 384 919 414 0.029617159
693 312 714 340 0.029605119
61 543 100 591 0.02944389
722 512 748 544 0.029318824
902 330 926 361 0.029277459
895 458 920 487 0.028880686
558 615 585 652 0.028699148
645 459 670 491 0.027899282
949 329 976 363 0.027518922
588 387 611 416 0.027388047
718 329 739 355 0.02698245
925 379 952 412 0.02679425
610 458 634 487 0.026625963
329 455 353 486 0.026516452
850 487 878 520 0.026422132
906 279 932 311 0.026168307
945 406 969 437 0.025760608
621 328 646 359 0.025461067
642 484 668 518 0.02528243
484 275 511 309 0.025268178
611 538 638 571 0.025118472
843 308 867 339 0.024841294
796 310 820 341 0.024752025
359 382 382 412 0.024178071
748 359 774 390 0.024005884
948 305 973 336 0.02398772
666 257 693 290 0.023872491
463 280 488 312 0.023773238
509 437 535 469 0.02363343
593 508 621 542 0.02354568
546 385 571 418 0.023401761
19 158 51 201 0.023264289
281 440 306 471 0.023258125
336 378 360 410 0.023170814
799 459 821 486 0.022847367
412 485 437 516 0.022626786
980 305 1005 337 0.022560235
851 329 875 360 0.022502402
746 167 774 204 0.022231005
460 358 484 389 0.022069981
443 279 467 309 0.020988526
435 485 463 518 0.020836847
96 547 131 597 0.020708654
772 485 797 516 0.02053688
209 553 235 590 0.020460343
596 357 620 388 0.02029924
673 308 698 338 0.02008892
