25_Soldier_Patrol_Soldier_Patrol_25_515
40
786 309 18 25 0.98548305 
477 320 13 19 0.9840529 
614 323 14 17 0.9826329 
835 313 16 26 0.9815518 
720 303 19 23 0.97960967 
804 294 18 24 0.9711444 
860 303 15 24 0.95936984 
699 316 16 23 0.95489943 
538 313 13 18 0.9492925 
373 321 13 17 0.9477575 
669 310 16 22 0.94685525 
415 318 12 18 0.9340701 
522 317 11 16 0.933838 
910 310 16 22 0.9170702 
366 297 12 18 0.91637945 
637 311 18 23 0.9160269 
575 324 15 18 0.8732762 
395 311 14 18 0.86175865 
57 308 14 20 0.82999474 
563 338 13 16 0.82336736 
458 314 13 19 0.8127359 
441 334 10 15 0.6512536 
886 326 16 23 0.4252021 
735 325 14 19 0.4231452 
406 315 13 17 0.12036827 
644 303 21 27 0.10959521 
470 317 13 19 0.09967388 
662 307 16 22 0.08720101 
756 315 14 19 0.08112245 
635 330 14 18 0.052229136 
683 319 15 19 0.044146664 
633 314 13 18 0.043170635 
387 343 13 16 0.041064817 
630 337 15 18 0.040878635 
395 319 12 17 0.039083503 
651 300 16 20 0.030264562 
761 321 16 20 0.02886497 
854 307 16 23 0.025299354 
707 308 15 18 0.023141943 
921 308 16 19 0.020627035 
