25_Soldier_Patrol_Soldier_Patrol_25_700
38
81 426 24 33 0.9964765 
539 370 33 43 0.98434746 
171 389 27 35 0.983074 
430 416 14 19 0.90434533 
477 415 19 23 0.86529934 
106 397 20 29 0.85651755 
889 384 18 24 0.6153017 
53 395 15 19 0.46927398 
222 402 20 29 0.46900547 
403 427 14 16 0.323751 
53 422 16 20 0.3220804 
391 414 11 14 0.1612603 
62 390 13 18 0.11065355 
457 426 15 19 0.1102086 
583 417 15 20 0.10354325 
383 420 11 15 0.08728816 
588 413 14 19 0.06650683 
114 391 18 30 0.061281204 
447 429 11 14 0.058731887 
500 416 17 22 0.055516113 
388 428 15 17 0.05027305 
46 400 19 18 0.048288364 
937 430 9 10 0.04623175 
48 426 15 17 0.04324221 
397 422 15 18 0.041407313 
29 379 12 16 0.03907068 
251 543 10 11 0.035827264 
212 408 20 21 0.03345334 
950 438 8 11 0.03096683 
232 408 16 23 0.030574193 
50 404 21 25 0.028677143 
526 375 31 33 0.027095657 
412 423 12 17 0.026853152 
76 393 13 17 0.026182644 
26 424 15 21 0.024570849 
471 418 17 19 0.022274233 
572 419 17 21 0.02211941 
880 372 26 30 0.02132722 
