51_Dresses_wearingdress_51_445
28
177 318 261 430 0.8687231
349 311 420 400 0.86843204
865 318 926 394 0.5707327
723 625 801 721 0.29923117
572 638 667 746 0.21899666
244 139 319 232 0.1455224
7 84 79 171 0.12172443
292 361 338 421 0.070704505
135 46 230 159 0.055253748
283 480 358 561 0.04190948
737 345 802 440 0.039337978
668 778 736 859 0.037559986
-2 504 80 637 0.03536489
785 820 832 888 0.033902295
664 7 910 247 0.03299893
719 546 811 661 0.032326337
466 460 513 522 0.03005697
945 916 982 966 0.029363176
674 686 794 842 0.02865279
435 51 513 146 0.026264999
925 705 963 754 0.025837038
703 449 767 521 0.025791068
580 536 680 650 0.025394129
809 281 910 405 0.024969509
399 2 453 60 0.022958709
980 701 1022 766 0.022820245
151 243 267 389 0.022230815
915 801 975 883 0.020196483
