51_Dresses_wearingdress_51_727
20
278 89 378 247 0.99693966
787 25 854 116 0.9735441
604 44 666 122 0.9638916
145 115 212 211 0.53803235
181 41 261 148 0.23530132
561 29 600 81 0.17375012
401 5 489 106 0.08912656
682 45 725 104 0.062123314
685 -1 724 40 0.06174947
-1 271 36 334 0.0422124
893 4 935 52 0.040999375
461 237 499 293 0.035923414
895 57 936 108 0.03283278
635 0 676 41 0.028541645
418 219 464 287 0.025630224
737 13 779 64 0.024920758
967 2 1003 39 0.024344567
345 173 425 287 0.023881659
657 5 705 68 0.023459047
490 101 562 196 0.020650227
