51_Dresses_wearingdress_51_1035
21
408 50 496 161 0.99773407
857 184 943 281 0.9966647
172 234 281 369 0.99617803
249 71 312 155 0.5398014
580 287 656 376 0.43907365
980 240 1021 299 0.26050684
793 25 885 146 0.1500549
555 591 595 638 0.095420934
91 282 156 375 0.092155896
326 40 364 86 0.09126026
704 14 746 62 0.06985551
274 193 318 249 0.057086058
927 151 978 217 0.04910343
318 5 391 92 0.042725496
976 37 1017 96 0.042393666
665 3 701 39 0.03902642
506 7 559 70 0.025836263
719 5 798 96 0.023401337
642 27 700 99 0.020652927
224 149 255 191 0.020460218
969 277 1019 344 0.020095803
