35_Basketball_basketballgame_ball_35_478
114
129 414 68 100 0.9990835 
721 318 9 12 0.87980455 
400 392 7 9 0.4274701 
310 273 17 19 0.41479853 
620 110 9 11 0.24353321 
342 244 7 10 0.2351697 
405 259 9 11 0.2326028 
807 336 12 14 0.2061863 
813 339 9 13 0.12629266 
331 455 12 15 0.10090436 
342 148 8 9 0.100795895 
705 334 7 10 0.09163 
192 109 8 10 0.090613015 
638 165 7 10 0.08948389 
495 143 8 10 0.088965416 
870 105 8 9 0.07985345 
549 23 8 11 0.07192004 
511 89 9 11 0.071050376 
681 22 8 11 0.06975846 
563 21 9 12 0.06703495 
405 160 9 11 0.06695431 
286 23 8 9 0.06581215 
430 148 9 11 0.06511442 
770 36 8 9 0.05922858 
497 38 8 9 0.05801874 
340 468 13 15 0.055290896 
189 64 8 10 0.05421907 
471 24 8 11 0.053249724 
469 52 8 10 0.05097283 
631 86 9 11 0.04993318 
511 37 9 10 0.048791673 
366 23 7 10 0.048543945 
82 92 8 10 0.047032695 
143 30 8 9 0.045626853 
472 167 9 11 0.045580216 
158 24 9 11 0.04304868 
861 275 8 11 0.042643722 
681 208 8 9 0.03936647 
863 41 8 10 0.03799959 
486 37 8 10 0.037653722 
611 181 7 9 0.03749864 
314 120 8 10 0.037029833 
281 37 9 11 0.036764722 
222 41 8 11 0.036530785 
321 273 16 19 0.036166463 
374 39 10 13 0.036127537 
498 65 8 11 0.035877015 
446 49 7 9 0.035793792 
481 37 7 10 0.035728917 
717 168 9 11 0.035437576 
471 29 9 12 0.03463357 
939 299 10 12 0.034328274 
880 204 27 31 0.034155563 
279 69 8 10 0.033656403 
497 104 9 12 0.03352523 
418 103 8 10 0.033493485 
215 28 8 11 0.032499935 
613 70 8 11 0.031974737 
359 46 8 10 0.03164595 
735 167 9 11 0.030329006 
271 88 8 11 0.030128328 
625 165 8 9 0.02952182 
549 29 9 11 0.028056141 
175 41 8 10 0.027741875 
633 163 8 11 0.02755062 
502 23 7 9 0.027416995 
498 32 7 10 0.026953898 
330 183 8 10 0.026775232 
713 70 8 10 0.02657626 
249 581 14 16 0.025826173 
360 40 8 10 0.025708089 
271 189 8 9 0.025532627 
415 121 8 10 0.025372645 
188 24 9 11 0.024990767 
463 110 8 10 0.024953384 
469 70 8 10 0.02493318 
473 36 8 10 0.024839498 
327 53 8 9 0.024710396 
423 88 7 9 0.024435489 
144 25 7 9 0.024294762 
353 196 9 10 0.024230339 
695 62 8 10 0.0242196 
614 29 8 11 0.024030995 
431 47 8 11 0.024016295 
463 150 8 10 0.023751076 
273 148 9 10 0.023745898 
623 191 8 9 0.02337105 
383 261 8 11 0.02331225 
294 70 8 10 0.023129504 
878 41 8 11 0.023114488 
873 45 9 10 0.023101598 
295 37 8 11 0.022873426 
721 54 9 11 0.022781523 
321 144 7 9 0.022520123 
288 150 8 10 0.022340627 
222 166 11 14 0.022138359 
479 150 8 10 0.022092538 
633 198 7 9 0.022051023 
152 198 7 9 0.021892337 
616 37 8 10 0.02177143 
696 168 8 10 0.021689206 
624 71 9 11 0.02164305 
272 93 8 12 0.021555148 
798 88 8 10 0.021490537 
321 112 7 9 0.021321462 
737 50 8 10 0.021098925 
535 24 9 11 0.021023208 
390 407 8 10 0.020839376 
325 468 16 16 0.020598972 
912 31 8 10 0.020539092 
492 165 10 12 0.020437935 
869 166 9 11 0.020363154 
287 55 8 9 0.0201254 
606 37 9 10 0.020117458 
