35_Basketball_basketballgame_ball_35_80
30
492 89 103 129 0.99989545 
262 130 45 67 0.9984403 
808 77 50 53 0.99753153 
889 65 48 59 0.99743384 
294 12 38 49 0.9961437 
33 114 36 47 0.9958197 
382 17 40 53 0.99372137 
167 0 41 52 0.993288 
1 362 45 54 0.9928677 
5 168 41 46 0.99071324 
136 148 37 42 0.9894761 
91 183 40 50 0.98851556 
160 231 47 55 0.98816675 
1 236 31 53 0.9868369 
66 209 42 53 0.97803396 
901 374 39 53 0.9747968 
358 107 49 55 0.7212506 
695 203 30 44 0.41512376 
438 206 27 36 0.37060943 
54 175 28 35 0.15634374 
190 284 42 61 0.12054936 
78 272 38 54 0.08022528 
611 181 40 43 0.057744734 
457 82 18 26 0.047114022 
478 168 29 44 0.046296336 
340 114 41 52 0.04490046 
497 5 42 44 0.0435393 
183 166 28 49 0.029503416 
184 250 48 69 0.021583192 
329 116 31 44 0.020199304 
