35_Basketball_basketballgame_ball_35_662
53
596 47 51 65 0.9994611 
797 123 53 69 0.99908924 
757 2 29 34 0.9980471 
364 138 31 39 0.99785185 
244 66 34 41 0.99776447 
682 124 50 57 0.9976234 
479 80 53 75 0.99725145 
111 66 31 37 0.997235 
66 105 41 54 0.99706274 
207 146 43 56 0.9962966 
684 50 32 38 0.9959674 
428 11 31 39 0.99585295 
115 112 32 37 0.99571747 
804 39 34 36 0.99566454 
287 132 33 41 0.9953668 
307 97 33 40 0.99449134 
168 0 33 34 0.99448085 
62 41 28 33 0.99423873 
379 71 29 34 0.99408495 
556 33 26 32 0.9936081 
659 1 31 35 0.9901134 
710 82 30 37 0.9898094 
279 0 32 30 0.9851929 
37 115 26 30 0.9850914 
228 123 34 39 0.9756521 
738 128 36 44 0.9749214 
841 140 30 44 0.9713477 
0 172 26 34 0.93807477 
522 62 30 38 0.7644696 
494 0 25 19 0.7180193 
395 190 25 36 0.6143686 
0 0 18 25 0.5810234 
862 59 24 27 0.24578714 
217 131 40 51 0.19279791 
498 67 44 64 0.13898899 
624 2 18 21 0.09764861 
698 94 43 53 0.085133694 
107 451 13 16 0.072938845 
410 144 32 40 0.072670154 
198 92 24 28 0.062700815 
433 84 29 45 0.053837452 
463 96 24 35 0.047633708 
61 -1 25 20 0.045049038 
583 0 22 20 0.043609474 
641 -1 20 19 0.03818496 
758 146 29 37 0.03231766 
343 114 26 32 0.031119969 
336 127 27 35 0.027550004 
632 0 19 21 0.025700651 
889 88 22 35 0.024460163 
43 543 18 19 0.024066782 
636 2 26 30 0.021757247 
858 57 38 48 0.020874433 
