35_Basketball_basketballgame_ball_35_479
244
105 615 28 43 0.8298443 
388 501 9 13 0.5912815 
134 437 8 9 0.5425301 
159 447 8 9 0.49482703 
190 503 7 10 0.36878398 
468 528 9 11 0.36485165 
215 690 28 44 0.34138516 
816 667 11 18 0.29954872 
648 526 9 11 0.29236254 
478 587 11 12 0.28714767 
333 660 15 22 0.28223452 
299 593 14 19 0.26752362 
125 425 8 10 0.2569894 
773 656 10 13 0.25346336 
458 487 9 11 0.24491937 
23 368 8 10 0.23719727 
502 542 9 11 0.22145142 
86 517 11 13 0.20876332 
253 515 9 12 0.19994393 
6 329 8 10 0.19812359 
103 425 7 9 0.19347213 
80 515 10 14 0.17394614 
74 441 7 10 0.15764123 
271 576 11 15 0.15163952 
137 530 11 15 0.14468887 
8 394 7 9 0.14293434 
385 679 26 31 0.13680105 
525 558 10 11 0.1339409 
816 647 11 15 0.13054541 
282 536 7 9 0.13013162 
305 511 7 9 0.12936686 
201 533 11 15 0.12613845 
381 578 10 13 0.11525269 
5 396 8 10 0.11422094 
173 495 7 9 0.112234786 
582 519 9 11 0.11155372 
338 526 8 9 0.11148801 
388 507 11 13 0.10654199 
987 673 34 52 0.10487091 
215 507 9 12 0.104309514 
672 615 9 14 0.104178615 
287 536 7 10 0.10343526 
538 349 6 8 0.10202885 
421 366 7 9 0.09811571 
438 519 9 12 0.096037954 
278 487 7 9 0.08793566 
816 584 9 12 0.08718046 
98 422 7 9 0.086444125 
349 495 8 9 0.08559962 
397 619 13 20 0.08425043 
70 461 8 10 0.083099306 
78 440 7 9 0.08300177 
275 486 7 9 0.081896946 
336 158 6 7 0.07996116 
287 504 7 9 0.07803163 
504 596 11 14 0.07641889 
600 599 9 12 0.07598134 
417 518 9 11 0.07397247 
670 541 8 10 0.07234415 
538 502 9 12 0.072290614 
103 518 10 11 0.07121159 
255 547 9 11 0.070115246 
472 504 8 10 0.069865555 
769 659 12 13 0.06721651 
403 626 14 18 0.06592372 
73 494 9 12 0.06524873 
250 511 9 13 0.064179346 
311 560 11 13 0.064080246 
359 526 8 10 0.06274598 
378 574 10 13 0.0626856 
57 158 7 9 0.060952168 
127 429 8 9 0.05987657 
616 518 9 11 0.059765562 
412 632 16 18 0.059700195 
105 429 7 10 0.059241354 
364 576 10 11 0.05859893 
509 509 9 10 0.057383172 
193 476 7 9 0.05694507 
158 245 7 9 0.056863647 
3 399 7 9 0.054962855 
31 302 7 8 0.05434563 
3 295 7 11 0.054327782 
60 514 11 15 0.05385223 
422 575 9 12 0.053404037 
506 510 8 10 0.052022815 
418 381 7 10 0.051443405 
119 159 6 7 0.051365253 
86 416 7 8 0.05110686 
313 525 7 9 0.05044188 
330 489 8 9 0.04967116 
249 470 7 8 0.049668822 
474 584 10 12 0.049494423 
47 478 9 11 0.048961494 
201 517 10 12 0.048526946 
891 190 6 8 0.048269477 
322 240 6 8 0.048139326 
483 582 10 13 0.047935095 
439 579 9 13 0.0476554 
31 485 8 11 0.046054322 
83 416 7 8 0.04561869 
3 534 17 21 0.045614187 
581 524 9 12 0.045611955 
19 405 7 9 0.045282997 
150 511 7 10 0.045245253 
72 408 6 8 0.04481168 
48 406 8 9 0.044303868 
621 519 8 11 0.04386172 
240 465 7 9 0.043284126 
64 398 7 9 0.04300019 
127 531 11 15 0.041224618 
96 417 7 9 0.04121855 
184 253 7 9 0.04116199 
42 383 6 8 0.040577568 
88 476 9 12 0.039614085 
22 508 11 14 0.0382412 
991 202 7 9 0.037028518 
425 472 9 10 0.03696531 
362 500 8 10 0.03688995 
382 557 10 12 0.035370238 
154 183 6 9 0.035348777 
289 559 8 10 0.03495738 
103 525 11 13 0.03466242 
184 456 5 8 0.034397 
38 400 6 8 0.034205526 
40 479 9 11 0.034193967 
297 552 7 10 0.034143664 
561 574 10 12 0.033992548 
578 520 8 11 0.033691444 
168 654 41 47 0.03362065 
264 473 6 8 0.033558656 
150 502 7 10 0.033170532 
89 463 9 10 0.033152033 
720 557 9 13 0.032771762 
396 555 9 12 0.0324841 
966 201 7 10 0.03178025 
625 598 8 11 0.03163501 
418 574 9 12 0.03157074 
459 150 6 7 0.03129202 
16 336 7 9 0.031224478 
169 449 6 8 0.031032957 
429 477 8 10 0.030813241 
110 433 7 9 0.030458082 
376 580 10 12 0.030013101 
324 571 11 15 0.030000696 
93 478 8 11 0.02992471 
415 222 6 8 0.029905211 
29 507 10 15 0.029866735 
94 486 9 12 0.02983303 
81 471 9 12 0.029495332 
337 230 7 8 0.029437186 
201 526 10 15 0.02935036 
145 167 6 8 0.029301338 
817 660 14 19 0.029156094 
149 516 9 12 0.029099716 
360 612 12 17 0.02898055 
110 471 8 10 0.028403744 
414 473 8 9 0.028150722 
99 449 7 9 0.028145814 
247 465 7 10 0.028084159 
648 596 8 11 0.028081983 
454 580 9 12 0.027864749 
287 564 8 11 0.027714944 
224 580 10 15 0.02768565 
376 567 10 12 0.027262714 
39 303 6 8 0.027158463 
215 542 10 11 0.027137103 
128 282 7 9 0.027046889 
207 550 9 12 0.026875926 
145 438 6 9 0.026806368 
752 350 6 8 0.02664494 
14 477 9 11 0.026633313 
365 497 8 10 0.02645143 
287 540 8 11 0.026327128 
922 285 7 8 0.026140248 
216 487 8 9 0.025920032 
304 518 9 10 0.025903746 
264 573 13 17 0.025888845 
541 507 10 11 0.025674691 
198 477 8 9 0.025672091 
381 604 13 15 0.025611237 
176 231 7 9 0.02518226 
35 399 6 9 0.025161197 
301 550 10 10 0.02503107 
177 454 6 8 0.024976075 
391 516 9 13 0.024797687 
2 405 6 9 0.024772871 
295 536 8 10 0.024636395 
104 280 6 8 0.02456384 
440 174 6 8 0.024536215 
26 302 7 8 0.024482774 
294 557 7 10 0.024340278 
94 524 10 12 0.024219017 
301 583 13 18 0.024131514 
473 508 8 10 0.024053987 
333 595 11 15 0.023760652 
713 54 9 12 0.023686403 
970 232 6 8 0.023657747 
176 538 12 16 0.023625007 
717 295 8 9 0.023544079 
109 524 10 13 0.023508439 
318 565 12 13 0.023185786 
751 335 7 8 0.02312407 
61 478 9 10 0.02301708 
64 494 9 12 0.022882907 
47 428 7 9 0.022882696 
766 350 6 8 0.022854151 
253 534 9 11 0.022824798 
345 207 6 8 0.022783963 
414 595 10 13 0.022744577 
222 487 8 9 0.02269926 
903 303 7 8 0.02259695 
122 428 8 10 0.02252779 
123 628 16 25 0.022427613 
311 234 6 8 0.022366606 
210 504 8 10 0.022210982 
779 654 11 14 0.022118172 
176 519 9 11 0.021983914 
171 618 15 21 0.021970714 
388 607 12 16 0.021909617 
249 532 9 12 0.021856196 
155 447 7 9 0.02182031 
297 683 36 45 0.021795696 
245 574 10 16 0.021551259 
56 478 7 11 0.021474944 
283 504 8 10 0.021420741 
241 645 22 25 0.02128245 
24 462 7 10 0.021194305 
96 431 8 10 0.021117607 
175 525 11 14 0.021061268 
50 173 7 9 0.020975577 
753 344 7 9 0.020910377 
7 148 7 10 0.020731537 
186 143 7 8 0.020692028 
421 381 7 10 0.020687418 
317 558 12 13 0.020676315 
419 631 13 16 0.020657977 
323 556 10 12 0.020598343 
381 567 12 15 0.020591326 
368 151 6 7 0.020397356 
861 373 7 9 0.020395879 
41 462 7 9 0.020353185 
81 432 7 9 0.02013986 
878 264 7 8 0.020078963 
430 689 12 15 0.020065872 
