35_Basketball_basketballgame_ball_35_256
41
229 72 51 60 0.9984633 
936 357 44 55 0.9974559 
527 56 66 94 0.9970868 
763 354 46 56 0.9946892 
887 374 39 50 0.9904309 
468 161 45 58 0.9879897 
870 329 40 52 0.9778009 
755 323 39 47 0.9486228 
849 194 34 46 0.94494206 
366 64 35 43 0.9433424 
356 152 37 50 0.9301821 
987 339 34 59 0.9216457 
950 51 34 43 0.91782403 
956 166 40 49 0.9031388 
506 101 34 45 0.8684442 
922 119 32 42 0.84364384 
779 111 32 45 0.82799387 
723 244 38 48 0.8244039 
675 266 34 50 0.7159337 
844 166 32 39 0.59644306 
736 153 38 45 0.5436364 
284 133 29 58 0.3981925 
393 253 32 46 0.32979017 
703 205 29 37 0.28060856 
423 23 33 39 0.21807188 
227 148 47 58 0.13841225 
672 108 28 32 0.10188634 
543 13 33 42 0.0875196 
712 224 45 56 0.076222844 
170 145 25 28 0.06890173 
326 124 30 35 0.062100675 
429 106 41 50 0.060854994 
780 265 39 50 0.050164666 
755 254 46 57 0.039607577 
1012 300 12 27 0.030678675 
699 188 45 61 0.030672612 
435 89 35 43 0.029468725 
824 213 32 39 0.025760971 
969 314 32 42 0.023738857 
836 1 32 31 0.0226791 
812 0 41 35 0.020940322 
