35_Basketball_basketballgame_ball_35_709
426
522 400 75 72 0.99833363 
65 988 30 38 0.9971129 
882 1010 31 39 0.9970746 
222 1008 35 41 0.99691916 
183 983 33 42 0.99653673 
3 1004 35 45 0.99596196 
769 998 30 42 0.9957653 
895 980 28 33 0.9944313 
628 597 100 72 0.9938414 
135 958 27 34 0.9922546 
288 994 32 39 0.99177074 
349 966 27 34 0.9916257 
36 987 28 38 0.9882522 
850 919 23 29 0.986485 
909 955 22 26 0.9856265 
939 981 24 29 0.9841988 
2 966 25 30 0.9836288 
172 940 23 29 0.983432 
864 975 22 29 0.9831329 
394 869 23 29 0.9828203 
994 977 25 36 0.982189 
105 827 23 29 0.9814493 
269 988 25 33 0.97862226 
904 926 22 27 0.9770443 
787 975 25 35 0.97683233 
995 930 21 29 0.97495055 
931 905 21 26 0.9680872 
97 929 24 28 0.96651566 
972 832 22 27 0.96383613 
1003 999 20 36 0.96373415 
496 994 28 36 0.9617255 
924 806 21 27 0.9606942 
323 777 21 29 0.9545612 
948 683 19 24 0.9534357 
29 828 23 28 0.9495151 
898 674 16 21 0.94890267 
55 959 23 28 0.9448457 
26 773 21 28 0.9426025 
247 930 23 29 0.9410612 
355 554 17 21 0.9404329 
264 955 29 34 0.9403274 
106 643 18 23 0.93837994 
414 755 21 26 0.93710154 
914 865 19 25 0.9356485 
798 808 21 25 0.9355869 
373 668 16 20 0.93272823 
983 780 21 24 0.9287985 
869 860 19 26 0.9285025 
388 785 23 26 0.92678314 
306 804 21 28 0.92301536 
782 714 18 22 0.919131 
17 856 22 26 0.9187519 
138 824 24 31 0.9178326 
410 549 18 22 0.9137523 
268 704 18 23 0.9085294 
297 686 18 23 0.90835583 
353 752 21 26 0.90622485 
355 833 22 28 0.9043346 
241 734 19 24 0.9023722 
827 719 21 26 0.90157074 
854 894 22 26 0.9013774 
882 736 16 23 0.8999511 
52 804 22 27 0.8959867 
329 646 18 22 0.8945831 
975 864 20 24 0.8937655 
218 758 20 22 0.8871755 
971 906 21 28 0.8780146 
276 991 30 37 0.8763445 
322 702 20 27 0.8757854 
761 740 17 20 0.8730625 
370 645 17 21 0.87304515 
974 608 15 19 0.8718859 
262 775 21 26 0.86621195 
998 812 20 26 0.8657765 
925 733 17 22 0.8569354 
946 654 18 23 0.8566934 
83 861 19 23 0.8561483 
440 702 17 24 0.8549602 
291 622 17 22 0.8511511 
147 671 17 22 0.8503903 
302 554 17 22 0.84967613 
230 684 18 23 0.84661984 
418 600 17 20 0.84276617 
216 602 19 25 0.8406755 
185 732 20 24 0.8387942 
191 662 19 23 0.8384743 
0 888 19 27 0.8366977 
244 625 17 23 0.833551 
81 566 16 22 0.83076006 
964 970 21 25 0.81944 
908 835 19 23 0.8131644 
984 719 18 22 0.8002795 
926 786 17 20 0.79876536 
180 560 18 23 0.7953448 
860 810 19 24 0.7927727 
303 730 19 22 0.79098153 
974 758 21 25 0.7857332 
362 721 19 23 0.77451247 
184 688 19 22 0.77382165 
391 582 16 21 0.77320486 
154 708 21 26 0.7719965 
275 753 20 23 0.7695198 
10 556 16 19 0.7669088 
840 652 12 16 0.7640439 
506 937 22 28 0.7609028 
242 549 19 22 0.7572841 
754 969 17 23 0.7503297 
95 978 23 30 0.7497556 
979 698 17 19 0.74947846 
390 628 18 22 0.7454627 
203 792 20 24 0.7409469 
187 710 17 21 0.7395108 
262 659 17 20 0.72498196 
742 703 15 18 0.71768045 
834 774 15 19 0.71077067 
162 992 23 32 0.70288384 
49 636 18 24 0.70125896 
867 773 15 19 0.6892676 
773 693 15 16 0.6852275 
423 641 20 26 0.668371 
16 619 17 21 0.6551068 
180 614 16 19 0.6545138 
360 600 17 22 0.63432807 
421 476 14 18 0.6290059 
807 670 14 18 0.6288379 
842 675 15 18 0.60334706 
769 922 23 27 0.60245544 
805 780 18 21 0.6015768 
0 812 12 22 0.58197045 
259 580 16 21 0.58065945 
255 610 15 19 0.57555366 
862 846 16 21 0.5730907 
995 747 17 20 0.5724011 
792 643 17 21 0.5720068 
874 787 17 22 0.5524784 
358 690 17 20 0.5518648 
389 917 23 25 0.54889774 
896 637 17 19 0.5034526 
162 591 15 20 0.50115967 
975 581 13 16 0.4935504 
826 696 17 21 0.48637417 
509 363 11 14 0.47669193 
881 580 15 20 0.47099108 
794 620 14 17 0.46923068 
888 703 17 20 0.46700522 
108 959 25 34 0.4603614 
22 584 15 18 0.42783546 
1 931 22 29 0.4198763 
1001 679 17 19 0.41459283 
59 593 17 22 0.40142596 
850 619 17 20 0.3752187 
306 596 18 21 0.3667198 
0 476 12 20 0.359079 
400 684 17 21 0.35804918 
794 836 18 24 0.34682205 
145 607 15 20 0.33160374 
895 653 13 16 0.32398462 
1003 717 14 18 0.30874577 
403 450 13 16 0.2963704 
38 469 14 16 0.29475293 
131 623 16 20 0.28752142 
120 595 18 22 0.28089687 
143 645 16 19 0.2694789 
74 521 15 19 0.26365983 
778 670 15 16 0.26088634 
347 489 15 20 0.23443328 
373 816 19 22 0.23070195 
99 588 16 19 0.23041861 
194 945 24 28 0.22689117 
802 869 17 21 0.22027777 
883 810 16 18 0.21989211 
525 266 13 16 0.2158231 
335 622 13 16 0.21178408 
120 1001 25 30 0.21073489 
154 780 22 26 0.20833495 
794 517 10 13 0.20628062 
925 767 18 20 0.20002401 
925 580 19 26 0.19476235 
759 722 14 16 0.18643059 
676 569 17 19 0.18625394 
76 616 15 19 0.17834783 
888 470 11 14 0.16678137 
432 1024 16 20 0.16567022 
955 973 22 29 0.16163844 
524 353 13 17 0.15834928 
63 433 14 15 0.15640672 
379 710 17 21 0.15626645 
433 641 17 23 0.15352125 
317 667 16 19 0.14901991 
203 560 14 18 0.14414687 
411 409 13 16 0.1408655 
396 653 15 18 0.13941914 
130 784 18 25 0.13877016 
367 714 20 25 0.13768037 
956 502 13 15 0.13050845 
761 763 18 22 0.12973687 
211 971 21 27 0.12904876 
165 373 14 17 0.12780198 
312 862 20 30 0.12567887 
859 672 14 19 0.124848254 
139 502 15 17 0.124035195 
2 417 13 15 0.12342005 
952 482 13 15 0.119348235 
224 892 24 31 0.119276054 
315 533 15 20 0.1176446 
53 626 23 29 0.1156312 
249 615 19 25 0.115419134 
552 987 37 49 0.114075996 
983 753 20 25 0.112978585 
192 533 14 17 0.11157818 
808 603 16 19 0.11032333 
195 307 11 14 0.10964804 
828 491 13 16 0.10788813 
269 766 21 28 0.10497122 
126 422 13 16 0.10480843 
186 718 22 28 0.10058866 
812 536 14 17 0.09855129 
184 476 14 17 0.0980061 
720 569 18 19 0.09730287 
172 501 13 16 0.09576415 
66 462 13 16 0.09452124 
587 223 12 14 0.093266554 
910 308 10 12 0.092942975 
355 654 15 19 0.09148301 
679 432 14 16 0.09070827 
371 658 16 21 0.090357624 
799 364 14 16 0.089764796 
140 543 17 21 0.0888146 
76 982 26 35 0.08879459 
540 369 13 18 0.08844338 
261 464 14 17 0.08643337 
993 717 19 23 0.0854515 
147 355 12 15 0.08099794 
925 477 11 13 0.08038668 
751 491 14 18 0.08029237 
247 323 13 15 0.07760932 
869 778 19 24 0.07590944 
65 627 16 20 0.074505284 
277 481 12 16 0.073448256 
918 525 16 19 0.0729248 
802 554 16 20 0.07227909 
16 996 34 45 0.071982875 
44 423 14 16 0.07127523 
17 460 15 17 0.07007593 
226 579 17 21 0.06991759 
0 751 12 25 0.06890455 
1005 478 10 11 0.06852097 
437 633 17 24 0.068056524 
232 414 12 15 0.06697622 
867 443 10 12 0.0659582 
234 229 11 14 0.06437451 
756 751 20 26 0.06433214 
102 561 15 19 0.0642712 
77 490 15 17 0.06393338 
338 476 13 16 0.06257343 
321 482 14 16 0.062295403 
873 808 19 25 0.061852317 
137 586 16 19 0.06183571 
696 450 14 18 0.061451606 
227 483 16 19 0.059102196 
200 974 27 35 0.057174947 
443 270 12 16 0.057160504 
135 618 19 23 0.056496173 
816 1006 22 30 0.056408886 
372 381 10 13 0.055487942 
188 385 13 15 0.055370156 
740 246 12 14 0.055284593 
5 448 13 16 0.055235233 
399 213 13 15 0.055215277 
434 580 13 18 0.055144083 
837 980 14 19 0.054782245 
332 634 17 21 0.054600112 
695 393 17 22 0.053546187 
415 327 10 12 0.053295914 
739 450 11 14 0.051463686 
811 908 23 30 0.05141392 
833 521 18 20 0.050537203 
316 1016 18 25 0.04984899 
25 429 13 16 0.049405403 
393 372 11 13 0.048207015 
989 492 12 16 0.048030846 
78 665 18 21 0.047290646 
206 373 15 17 0.046590444 
834 923 14 19 0.046542704 
836 1008 19 27 0.046483345 
788 486 14 17 0.046447325 
15 193 12 14 0.045664262 
225 367 11 13 0.045589883 
872 498 13 16 0.045289043 
295 429 13 16 0.04518425 
122 549 15 19 0.04495512 
306 458 15 18 0.04489617 
105 522 14 16 0.044314258 
316 420 11 13 0.04427647 
133 513 15 18 0.0436856 
366 205 11 13 0.043538928 
173 515 16 20 0.04349383 
76 413 11 13 0.043151457 
229 295 10 13 0.043106277 
558 338 12 15 0.043000072 
176 867 21 29 0.041873157 
317 467 15 18 0.041538663 
560 376 12 13 0.04096006 
857 466 12 16 0.040813416 
1 601 17 20 0.03963755 
40 695 21 22 0.03943427 
299 1004 28 35 0.03929473 
217 450 14 16 0.039187476 
259 497 15 17 0.03786757 
307 706 15 20 0.03769788 
565 357 11 13 0.03757996 
354 1081 48 60 0.037418045 
787 341 14 17 0.03729779 
565 941 25 32 0.03697976 
799 548 15 18 0.036648132 
959 605 13 17 0.036171157 
355 419 14 15 0.03596075 
853 734 15 20 0.035938714 
45 910 18 24 0.03545079 
61 975 27 36 0.035405476 
146 551 14 20 0.035390124 
726 462 13 15 0.03521218 
882 723 16 20 0.035185024 
926 758 16 19 0.035179786 
262 367 13 15 0.035013337 
6 523 15 17 0.034873 
972 937 17 19 0.034495644 
378 473 14 17 0.03411218 
150 468 15 17 0.03375274 
195 500 13 15 0.033561178 
385 719 16 20 0.033481337 
1014 608 10 19 0.0331895 
437 332 10 13 0.032854408 
560 247 10 12 0.032453205 
290 580 16 20 0.032338127 
254 506 13 15 0.031773258 
461 378 12 14 0.031706374 
2 607 20 27 0.031325247 
370 453 11 14 0.030925248 
830 516 16 17 0.030544866 
170 356 14 14 0.030290583 
7 397 12 14 0.030231513 
0 941 15 25 0.030127885 
940 872 18 20 0.030049345 
774 787 14 16 0.029891174 
226 884 20 23 0.029661093 
894 445 13 14 0.029580642 
812 415 13 16 0.02945553 
550 339 11 13 0.02928431 
610 229 12 15 0.029206198 
3 945 25 33 0.029193006 
712 429 13 17 0.029115183 
761 803 23 31 0.028472302 
86 1039 31 48 0.0284586 
684 269 13 15 0.028403498 
231 384 10 13 0.02835234 
49 967 26 37 0.02830779 
850 672 17 22 0.028277647 
310 508 15 18 0.028119504 
402 481 13 17 0.028116258 
823 916 20 26 0.027969161 
313 788 23 30 0.027752759 
661 273 14 17 0.02737509 
966 607 16 20 0.027354201 
336 471 13 15 0.027109582 
804 476 12 15 0.026554856 
25 618 15 19 0.026524413 
57 503 15 19 0.02645359 
365 651 18 24 0.02638906 
130 592 16 20 0.026280375 
222 823 16 20 0.02604147 
964 501 14 15 0.026003681 
38 631 20 26 0.025917938 
908 247 11 13 0.025754817 
430 210 11 14 0.025597436 
267 590 15 20 0.025506716 
845 1009 17 23 0.025425486 
412 727 18 20 0.025378995 
523 334 11 13 0.024996893 
501 319 10 12 0.024950959 
340 482 16 21 0.024721947 
660 237 11 13 0.02459979 
159 580 14 19 0.024539243 
613 277 12 15 0.024479596 
165 310 13 16 0.024136504 
414 383 11 12 0.024078248 
416 642 16 21 0.023964567 
821 751 16 20 0.02394686 
836 478 12 14 0.023571204 
386 467 13 16 0.023456667 
184 285 15 18 0.023347404 
26 608 16 20 0.023180764 
147 615 15 19 0.022920446 
557 268 11 13 0.022900652 
124 505 15 18 0.022721196 
514 896 25 30 0.022717554 
629 366 10 12 0.022641553 
329 202 14 17 0.022536568 
840 1062 27 37 0.022464672 
120 502 13 16 0.022448959 
429 315 9 13 0.022351425 
206 332 12 14 0.022343475 
757 729 16 21 0.022328239 
705 253 13 15 0.022105299 
299 588 20 25 0.022086825 
137 631 20 24 0.021782827 
543 280 12 13 0.021716211 
232 477 16 17 0.021590285 
605 341 9 12 0.021532036 
464 202 12 13 0.021398794 
45 393 13 16 0.021220164 
520 349 14 16 0.021144912 
296 402 13 14 0.021127734 
171 311 13 16 0.020955559 
120 966 18 25 0.020874219 
871 415 12 15 0.020802509 
1009 720 14 19 0.020752555 
746 532 18 20 0.020723727 
136 538 16 20 0.020669548 
794 862 22 30 0.020612836 
302 692 21 26 0.020571262 
513 361 14 17 0.020399012 
784 668 14 16 0.020386254 
119 287 12 13 0.020349162 
21 604 16 18 0.020051902 
197 546 16 21 0.020003999 
