35_Basketball_Basketball_35_107
228
418 47 127 184 0.9997571 
948 370 26 35 0.9980354 
606 513 44 64 0.9980235 
932 441 35 41 0.9970655 
619 450 30 37 0.9969783 
41 206 77 110 0.996949 
851 386 27 33 0.99677014 
665 443 31 39 0.9955493 
691 542 48 56 0.99525046 
892 378 28 34 0.9943111 
816 409 25 28 0.9833625 
745 480 30 42 0.98238534 
853 301 21 28 0.9781576 
858 354 21 27 0.9772543 
734 349 22 27 0.97586596 
788 348 17 22 0.97206646 
747 380 22 26 0.96635425 
318 64 17 21 0.9659888 
819 92 15 20 0.95626837 
915 120 20 24 0.95502836 
679 508 40 48 0.9535452 
336 123 16 20 0.95294315 
221 68 13 18 0.9515047 
163 286 18 23 0.9302386 
166 71 14 18 0.91697794 
684 79 13 17 0.9158762 
292 41 12 17 0.9155203 
741 195 15 20 0.9154332 
272 69 13 17 0.91207695 
231 119 16 20 0.9057093 
787 10 15 19 0.9051373 
291 121 15 20 0.9001735 
226 357 19 24 0.89992154 
311 164 15 20 0.8993232 
200 328 18 21 0.8954136 
614 107 16 20 0.8938922 
980 154 15 18 0.89301205 
687 202 18 23 0.8900461 
923 361 20 26 0.8897114 
713 361 15 19 0.8896577 
318 97 16 19 0.88849264 
298 10 14 19 0.8865101 
262 167 14 19 0.8754359 
144 43 12 16 0.8689025 
629 81 13 17 0.85760933 
260 31 13 19 0.8451895 
848 134 16 21 0.84024006 
1007 343 15 25 0.8296298 
389 29 15 20 0.826739 
747 9 14 17 0.82409775 
778 221 20 26 0.8235381 
785 160 17 22 0.81514585 
210 100 15 18 0.7889756 
192 22 13 16 0.76056755 
796 390 21 27 0.75284666 
820 337 21 24 0.75284404 
199 44 14 17 0.7459661 
727 231 20 27 0.7410117 
774 95 17 21 0.73788714 
837 218 20 26 0.71296525 
337 29 14 18 0.70189893 
882 140 13 16 0.6891958 
363 89 17 22 0.6823084 
1011 384 13 22 0.651302 
1006 103 17 22 0.6486803 
881 91 14 20 0.6450785 
744 45 14 18 0.62761194 
812 150 17 21 0.6241041 
271 2 14 15 0.61538666 
703 53 13 17 0.60966706 
23 4 13 13 0.5773455 
768 362 18 19 0.5581122 
2 172 12 16 0.55441344 
97 157 18 19 0.5355906 
875 62 16 20 0.5059811 
869 218 19 22 0.5011108 
775 383 21 25 0.4984092 
949 492 37 58 0.48989612 
587 27 12 17 0.45678747 
720 85 12 14 0.42595613 
70 165 16 19 0.38162404 
677 16 14 18 0.3622158 
152 10 13 17 0.33413637 
818 128 13 17 0.33203715 
623 61 11 14 0.30630445 
747 76 13 15 0.29775125 
0 507 29 55 0.28355116 
908 58 15 18 0.28075272 
306 140 14 18 0.26769415 
181 7 12 15 0.26730284 
914 198 24 29 0.26501748 
918 339 16 19 0.260699 
956 354 19 21 0.25230315 
183 61 14 17 0.2396515 
247 103 12 15 0.23517309 
841 60 17 23 0.23401263 
371 137 14 17 0.23065487 
724 445 25 34 0.2193661 
798 0 15 18 0.20329066 
676 99 14 18 0.2018662 
239 101 13 16 0.19586436 
1013 141 11 19 0.1794252 
227 12 14 16 0.17636463 
988 490 29 64 0.17237018 
746 102 17 21 0.16769572 
923 439 29 36 0.1640902 
137 11 13 16 0.1576651 
590 0 13 13 0.1524094 
837 165 12 15 0.1476618 
637 32 13 16 0.14496611 
870 66 15 18 0.14443596 
746 148 15 18 0.14284784 
339 54 14 20 0.142612 
881 344 17 21 0.1424332 
916 435 25 34 0.14216702 
111 26 14 17 0.13884868 
358 124 13 16 0.13370493 
871 114 13 15 0.13303865 
123 203 12 14 0.12271714 
683 100 14 18 0.11954455 
946 189 14 17 0.11891877 
649 117 11 13 0.118660726 
194 0 14 12 0.107793234 
777 138 14 18 0.10271525 
133 89 16 18 0.09563138 
403 117 14 20 0.09374203 
379 76 13 16 0.093152225 
1012 153 11 20 0.093027785 
800 184 17 19 0.08997912 
599 465 22 31 0.08682943 
717 246 15 19 0.08606879 
204 68 13 18 0.08488611 
952 0 16 15 0.08455762 
684 11 14 18 0.08311235 
674 42 14 18 0.083097614 
930 34 14 18 0.08301681 
911 170 13 16 0.080750324 
774 397 23 29 0.080291644 
310 101 13 16 0.07578491 
789 113 15 18 0.07327148 
753 76 14 15 0.07035648 
37 173 12 15 0.069204204 
250 119 15 19 0.06859032 
116 21 13 18 0.06833056 
246 9 12 15 0.06828832 
907 364 25 31 0.06817204 
690 9 14 19 0.06742364 
1007 138 14 19 0.06525335 
224 183 18 19 0.06471187 
231 0 12 11 0.06418381 
582 31 15 20 0.06112615 
882 178 17 20 0.059968702 
200 131 13 16 0.059243288 
113 46 12 15 0.05888306 
962 354 22 27 0.05762191 
1 564 23 53 0.057187516 
781 6 17 19 0.05405769 
310 120 14 17 0.053288516 
938 364 22 33 0.050300557 
834 191 18 21 0.048891384 
813 329 21 26 0.047885843 
240 91 14 16 0.046049524 
391 73 13 17 0.04540357 
872 347 21 26 0.04516076 
867 130 12 16 0.04371868 
236 12 13 15 0.043524608 
141 278 13 16 0.043231938 
111 65 15 18 0.042478163 
367 83 17 20 0.04074328 
396 176 12 14 0.03950876 
967 18 17 20 0.03730788 
140 255 11 16 0.03708287 
810 324 16 21 0.036707822 
91 12 17 18 0.035776846 
228 5 14 15 0.034407277 
305 105 12 15 0.034213133 
726 126 13 16 0.03330222 
638 20 12 15 0.033165913 
289 12 15 17 0.03284671 
771 370 21 25 0.03199988 
830 223 17 21 0.03198263 
796 380 16 19 0.03172675 
200 106 13 15 0.031564485 
749 472 50 65 0.031433985 
580 41 16 19 0.03116051 
189 3 13 15 0.030899119 
912 338 14 18 0.030733794 
866 206 16 18 0.029052196 
989 2 13 13 0.02902513 
349 52 14 19 0.028685946 
334 199 15 20 0.027885461 
239 201 12 17 0.027813142 
915 356 21 22 0.027710332 
366 43 15 17 0.027555143 
939 179 16 22 0.027147237 
710 81 12 16 0.026894452 
279 204 13 14 0.026883524 
98 41 15 19 0.026241846 
182 53 14 17 0.025991201 
881 334 17 20 0.025741039 
974 131 12 16 0.025648307 
269 121 14 17 0.025610808 
612 79 13 17 0.02535772 
648 55 12 14 0.02455701 
910 428 22 31 0.024502007 
366 131 15 19 0.024168454 
781 190 16 19 0.024007991 
722 1 14 15 0.023998817 
691 31 16 18 0.023487581 
951 121 12 16 0.023322709 
943 166 11 13 0.023097327 
624 77 14 18 0.023055103 
806 363 14 16 0.022957832 
862 222 17 21 0.022884283 
934 177 13 18 0.022852862 
868 123 13 17 0.022834938 
21 182 14 18 0.022606356 
202 193 14 19 0.022415867 
1006 435 18 34 0.021854028 
214 62 12 16 0.02182027 
345 162 16 18 0.021471005 
756 3 14 17 0.021018812 
303 235 19 22 0.02091981 
930 371 16 24 0.02066279 
785 378 17 21 0.020589296 
71 70 13 17 0.02045503 
787 187 20 23 0.020403782 
611 434 15 19 0.020235144 
