35_Basketball_basketballgame_ball_35_82
323
285 254 48 59 0.9988166 
438 190 48 64 0.9974069 
651 406 18 24 0.9870861 
604 412 17 21 0.9847556 
704 310 21 29 0.97691274 
801 407 21 29 0.97653097 
771 408 21 26 0.9731426 
142 230 13 16 0.96337634 
112 371 14 19 0.96171254 
10 287 15 19 0.9553395 
647 320 15 19 0.94878507 
77 206 12 15 0.94531 
44 94 11 14 0.93150514 
207 262 11 13 0.92040664 
171 271 12 15 0.9168051 
113 211 14 17 0.91642 
634 377 13 17 0.9143019 
564 412 17 22 0.912184 
208 294 13 17 0.9080984 
30 117 12 14 0.8898196 
294 195 13 16 0.88820136 
185 250 11 14 0.87561333 
192 157 13 16 0.8753673 
47 176 13 16 0.8665014 
515 188 12 15 0.8648894 
756 274 13 18 0.86165607 
173 228 12 14 0.85924196 
343 222 12 14 0.8579458 
259 142 13 15 0.8554293 
29 207 13 16 0.848323 
251 169 13 15 0.84632874 
439 156 10 13 0.8417107 
47 221 13 15 0.84122235 
646 215 13 16 0.83658284 
437 135 12 15 0.8347034 
555 184 12 16 0.82806975 
106 297 14 19 0.8222168 
152 107 11 14 0.821333 
742 325 15 19 0.8161148 
161 43 12 15 0.8148807 
495 118 11 15 0.79374945 
654 251 12 16 0.7922227 
240 241 12 14 0.7854594 
267 4 12 16 0.78411394 
803 274 12 16 0.7789418 
608 217 12 15 0.77811116 
101 230 13 16 0.77751076 
618 399 13 15 0.769491 
396 210 13 16 0.7690209 
39 159 12 15 0.76697266 
33 373 15 19 0.7664833 
43 261 12 15 0.7576661 
732 305 13 16 0.75401956 
192 120 13 17 0.7519733 
196 186 11 14 0.75079733 
100 33 12 15 0.75002366 
64 108 12 14 0.74614966 
13 61 12 14 0.74082756 
166 100 12 14 0.73966837 
252 228 10 13 0.72780806 
537 37 10 12 0.71715355 
131 71 11 15 0.71458733 
86 95 11 14 0.70938796 
784 29 10 12 0.69665724 
400 155 13 15 0.6876085 
154 304 13 17 0.67138314 
53 368 13 17 0.6593343 
412 194 11 14 0.6565393 
104 151 11 13 0.6511764 
78 403 10 13 0.6340885 
55 44 13 14 0.6102605 
140 266 13 17 0.60141015 
87 177 13 16 0.5947131 
467 115 11 13 0.5833196 
697 138 12 15 0.58033836 
517 173 14 17 0.5691029 
380 5 10 13 0.55293304 
27 23 12 14 0.55153936 
707 255 12 15 0.53346324 
123 106 12 13 0.5017803 
638 236 12 15 0.48933387 
655 386 16 18 0.48567638 
682 192 14 17 0.4811464 
764 222 12 14 0.4792566 
209 404 16 17 0.47384357 
109 125 11 14 0.46319136 
197 51 12 16 0.44891056 
497 95 11 15 0.4449814 
786 387 15 18 0.44431868 
184 3 10 12 0.44364902 
153 202 13 16 0.43633124 
841 109 11 13 0.43606055 
726 212 13 17 0.43295485 
743 271 10 13 0.42603296 
800 97 12 15 0.42554903 
50 74 12 15 0.41649893 
570 171 13 16 0.41117826 
425 124 12 13 0.40982422 
220 148 12 15 0.40942436 
405 120 11 14 0.40871418 
392 138 12 15 0.4036925 
396 103 10 12 0.39818546 
572 123 10 13 0.39673007 
89 316 13 16 0.3882657 
756 119 10 14 0.3815428 
12 193 12 15 0.35470235 
558 397 12 16 0.35107744 
604 126 11 12 0.3480767 
141 43 12 13 0.34527943 
798 210 13 15 0.33999777 
605 191 13 15 0.3373152 
780 113 12 15 0.33266684 
613 173 12 15 0.33174175 
144 161 16 18 0.3249923 
600 145 13 15 0.31575722 
36 325 13 15 0.31497225 
88 73 13 16 0.31050363 
594 229 11 13 0.3063518 
248 190 11 13 0.30319092 
789 392 17 21 0.29591873 
674 150 13 16 0.29411912 
4 79 12 15 0.29337364 
829 280 11 12 0.2886971 
630 38 13 14 0.28565505 
590 16 10 12 0.28077397 
421 221 12 15 0.28030482 
89 135 12 14 0.27321112 
102 334 13 17 0.27272364 
384 419 17 20 0.26809472 
225 67 12 15 0.2595309 
92 210 13 17 0.25895017 
26 74 14 15 0.2564117 
684 230 13 15 0.24536224 
770 136 13 17 0.24378376 
237 84 11 14 0.23834226 
746 153 15 20 0.23803808 
793 399 20 28 0.23632613 
35 140 14 17 0.22681592 
201 92 12 15 0.21490365 
631 148 12 15 0.21350968 
752 39 9 12 0.21053994 
223 23 12 15 0.20621797 
685 100 11 13 0.20481545 
0 139 8 15 0.20168093 
582 407 13 16 0.19797118 
688 218 13 15 0.18791649 
51 376 13 19 0.18783702 
734 142 11 14 0.17798528 
206 87 12 15 0.17063378 
551 128 9 11 0.17028649 
777 280 11 13 0.17000873 
411 368 16 21 0.15691867 
535 127 9 11 0.1558072 
203 140 12 14 0.15437083 
231 288 13 17 0.15182424 
672 293 13 17 0.14761083 
106 77 13 16 0.14426336 
7 131 11 15 0.13712935 
661 139 13 15 0.13617934 
237 117 14 17 0.124876484 
680 324 12 15 0.12447982 
60 23 9 12 0.116265155 
31 289 14 17 0.11070435 
675 394 14 17 0.10980271 
736 117 11 13 0.10715494 
749 84 12 15 0.10001047 
785 333 13 16 0.0980857 
114 165 12 14 0.0969223 
63 135 12 14 0.09641972 
235 107 14 17 0.09626151 
725 98 12 15 0.095309466 
638 309 11 14 0.09263015 
145 268 13 17 0.09109271 
156 166 14 16 0.09098252 
684 116 12 14 0.089904115 
813 236 11 14 0.0895418 
14 389 12 15 0.088770755 
44 25 11 13 0.087970905 
633 124 10 12 0.087599 
271 238 11 14 0.086343125 
0 186 11 16 0.08478417 
4 174 13 16 0.08320371 
0 382 9 14 0.08220666 
191 301 13 14 0.080421425 
744 78 12 15 0.08009597 
724 195 13 15 0.07953894 
98 39 14 18 0.077481925 
719 102 11 13 0.076377675 
366 21 8 11 0.07617735 
380 405 17 20 0.071239 
259 212 12 14 0.070635684 
147 339 14 19 0.07005308 
5 189 13 15 0.06959471 
206 322 12 13 0.068629205 
786 248 12 13 0.06784945 
357 440 13 18 0.06466181 
779 359 12 16 0.06387234 
196 69 11 15 0.06382645 
67 139 12 15 0.06300745 
200 98 12 15 0.06152846 
135 101 12 14 0.058195867 
636 365 13 17 0.057893556 
777 232 11 12 0.057866164 
243 54 12 15 0.0574294 
264 70 11 14 0.05681901 
119 140 11 13 0.0560104 
255 274 10 13 0.05583088 
0 440 6 12 0.05573291 
144 332 13 17 0.05570659 
208 37 13 15 0.05336164 
227 181 12 14 0.053298235 
12 134 10 13 0.052366205 
228 391 15 20 0.052167393 
606 311 12 13 0.051837053 
991 4 30 68 0.051539652 
188 1 11 13 0.05110079 
204 5 11 15 0.050445102 
228 98 15 18 0.04977629 
175 290 10 12 0.049729016 
45 3 11 13 0.049550664 
195 308 11 13 0.04916896 
222 93 14 18 0.0470829 
718 123 14 16 0.046930186 
269 166 11 13 0.046247534 
180 155 12 14 0.045533232 
111 0 9 8 0.04533358 
75 306 11 16 0.045256533 
68 113 13 16 0.04472739 
563 405 15 20 0.044457383 
238 36 12 14 0.044163372 
158 335 12 14 0.04176891 
597 291 8 10 0.04176035 
638 197 13 15 0.040589526 
205 279 11 13 0.04053848 
612 189 13 16 0.040469855 
636 154 11 14 0.040281758 
604 243 12 13 0.0402559 
102 118 11 14 0.040148318 
612 299 12 14 0.039772913 
63 381 10 15 0.039141566 
60 5 10 12 0.039128494 
158 102 12 16 0.039116666 
629 142 13 16 0.0378679 
83 205 12 16 0.037229907 
489 117 12 15 0.036390804 
68 338 14 20 0.03605789 
398 198 11 14 0.035773057 
275 178 12 15 0.035261344 
79 12 10 14 0.035097346 
529 127 10 13 0.034000687 
243 123 14 17 0.033833705 
148 383 14 15 0.033677272 
736 85 11 13 0.033403132 
668 269 14 16 0.03330094 
684 109 13 15 0.032839485 
542 126 10 12 0.032661714 
620 126 10 11 0.03260045 
246 130 13 14 0.03258619 
68 162 13 16 0.0321422 
519 87 14 16 0.031442262 
615 125 10 13 0.031316414 
686 140 11 14 0.030808665 
-1 110 9 13 0.030790614 
595 36 11 15 0.029619236 
438 128 12 14 0.029530158 
228 273 12 14 0.029453402 
595 235 13 15 0.029357918 
5 163 13 15 0.02912949 
810 148 10 13 0.028059125 
749 270 14 17 0.027826533 
145 6 11 14 0.027800959 
44 272 15 18 0.027649116 
64 169 11 15 0.027446877 
767 109 10 13 0.027428389 
621 231 12 14 0.02736585 
671 323 12 16 0.027057432 
403 102 10 13 0.02702693 
646 175 11 14 0.026651299 
753 148 13 16 0.026607923 
22 402 12 17 0.02643664 
719 211 13 17 0.026401117 
199 421 12 16 0.026362794 
174 336 11 14 0.02624959 
416 118 9 13 0.025975809 
106 337 14 18 0.025553538 
600 132 11 14 0.025004249 
264 280 9 12 0.024583776 
8 115 12 15 0.024525426 
635 120 11 12 0.02439461 
690 116 13 14 0.024393829 
638 213 12 14 0.024138905 
35 187 12 15 0.023970269 
220 164 12 15 0.02390944 
232 149 12 13 0.023567567 
0 222 9 13 0.023509765 
880 7 10 11 0.023422431 
2 126 9 13 0.022986555 
788 327 13 15 0.022968642 
755 38 10 11 0.022871993 
513 181 12 16 0.022861594 
1 13 9 14 0.022827309 
532 150 11 13 0.022769403 
75 160 13 16 0.02245634 
270 173 11 14 0.022346938 
493 159 10 13 0.022104308 
630 214 13 16 0.022010002 
54 123 11 13 0.022002617 
228 380 11 15 0.021967784 
114 188 15 16 0.021933272 
99 210 13 16 0.021864323 
181 336 11 14 0.021837274 
629 133 12 13 0.021793239 
552 413 13 17 0.021765541 
568 176 11 16 0.021722155 
205 147 11 14 0.021432504 
488 99 11 14 0.021366812 
742 393 14 22 0.02131879 
108 154 12 16 0.021318763 
666 142 12 15 0.021155179 
570 407 19 24 0.021147352 
7 226 11 14 0.021038422 
229 365 11 13 0.02089995 
431 196 9 12 0.020713191 
