35_Basketball_basketballgame_ball_35_287
464
950 422 11 14 0.9708409 
768 386 13 17 0.950452 
258 436 10 13 0.9425112 
793 360 9 11 0.941857 
311 437 10 13 0.9310432 
870 363 10 12 0.91566986 
304 412 9 11 0.9123762 
200 398 9 12 0.9035619 
648 448 11 14 0.89294237 
423 357 11 18 0.8812344 
812 419 10 13 0.86429477 
685 443 10 13 0.8528426 
694 416 9 10 0.84867 
836 360 12 18 0.8397088 
1000 424 8 11 0.8328676 
238 431 11 13 0.82824206 
184 440 9 11 0.8203057 
216 446 11 13 0.81273204 
54 366 10 13 0.8036663 
373 389 10 13 0.8023186 
662 413 9 11 0.7890498 
1006 381 8 10 0.7856191 
803 452 10 13 0.76443607 
821 369 11 16 0.761134 
296 428 10 13 0.739413 
671 399 11 13 0.7021528 
701 401 8 10 0.6976687 
396 359 9 11 0.6843513 
686 385 9 11 0.68267876 
971 451 11 13 0.66790944 
994 406 9 12 0.66654557 
714 357 8 10 0.6637559 
725 401 9 11 0.63276017 
609 409 11 14 0.6207554 
927 375 9 11 0.6070497 
985 327 8 11 0.6043517 
244 401 10 12 0.59280926 
897 377 9 11 0.57110107 
891 447 11 14 0.5698567 
798 427 9 11 0.5311098 
785 396 11 14 0.517311 
933 403 9 11 0.49927053 
941 294 8 9 0.48376396 
272 426 12 13 0.46546978 
1002 365 8 10 0.45979488 
762 367 8 11 0.44360167 
59 383 11 15 0.43616596 
207 461 8 11 0.43123373 
764 371 9 11 0.43098003 
802 335 9 11 0.4031138 
73 391 11 14 0.39700973 
634 408 10 12 0.37788337 
775 357 9 11 0.3744131 
929 366 9 10 0.3531067 
736 387 9 11 0.3446292 
965 332 8 10 0.34290934 
156 412 8 11 0.338066 
631 427 10 12 0.330224 
661 377 9 10 0.32468924 
922 349 8 11 0.32309172 
953 382 8 10 0.29896572 
981 403 9 11 0.28387272 
893 390 10 11 0.27878302 
446 360 8 11 0.2740086 
952 396 8 11 0.27093583 
27 331 10 12 0.26941392 
20 351 9 12 0.26556447 
980 383 9 11 0.25357902 
383 368 8 10 0.25344712 
725 414 9 13 0.24783778 
685 336 7 10 0.22055717 
871 349 9 9 0.21156842 
709 384 9 10 0.20783086 
785 307 12 14 0.19973996 
56 312 10 12 0.18094306 
945 351 8 11 0.17472796 
830 303 8 9 0.17349474 
375 385 9 12 0.17345029 
67 372 10 12 0.17263965 
978 400 9 11 0.17155682 
845 341 8 10 0.1713798 
939 313 8 10 0.1700371 
793 348 9 10 0.16987285 
854 334 8 9 0.16390991 
722 385 9 10 0.16158287 
65 367 9 12 0.1606806 
745 373 10 11 0.15979393 
27 310 11 14 0.15914704 
786 294 8 9 0.15410514 
703 344 9 10 0.15337662 
948 356 8 11 0.15143792 
893 358 8 10 0.14995037 
919 311 8 10 0.14656587 
343 368 7 9 0.14108945 
914 367 8 10 0.14039297 
67 303 7 9 0.13913094 
702 350 8 10 0.13793486 
432 398 8 10 0.1378179 
676 373 10 10 0.13480315 
589 374 10 15 0.12894396 
918 318 8 11 0.12554851 
70 319 8 10 0.12477826 
705 383 8 11 0.12388458 
85 310 8 10 0.120854676 
919 325 8 10 0.11958963 
167 431 10 12 0.11581703 
799 342 9 11 0.11497825 
940 317 8 10 0.11336724 
19 418 12 16 0.112906106 
874 305 8 10 0.1112079 
427 361 11 15 0.110572055 
919 392 9 11 0.10965981 
784 373 9 11 0.10905977 
282 303 8 10 0.1065149 
629 453 10 12 0.10625375 
985 415 9 10 0.10214802 
585 324 8 11 0.10148287 
985 332 10 11 0.10055937 
384 373 8 10 0.100429386 
0 320 9 14 0.099834844 
701 220 9 11 0.09834794 
32 430 10 14 0.09822491 
774 289 7 9 0.09798501 
758 361 9 10 0.097940385 
895 321 9 11 0.09782238 
672 447 8 11 0.0971758 
809 304 8 9 0.096425764 
725 238 8 11 0.09468841 
245 430 9 12 0.094464295 
63 317 9 12 0.09112097 
989 374 9 9 0.09032434 
971 295 7 9 0.08939877 
993 398 10 11 0.0873063 
649 317 9 12 0.087118335 
610 329 7 9 0.08693973 
936 391 8 10 0.08534772 
872 293 7 8 0.08412383 
610 295 6 8 0.08292403 
901 436 10 13 0.08265938 
946 368 8 10 0.082453005 
794 424 9 12 0.080770254 
640 291 8 10 0.079809316 
200 462 9 12 0.07928936 
649 404 9 11 0.07896201 
895 341 8 10 0.078881145 
384 350 7 8 0.0783979 
750 411 11 16 0.07699556 
1004 421 9 11 0.0766846 
721 389 9 10 0.07578473 
877 307 8 10 0.07528431 
617 318 7 9 0.074823365 
481 294 7 9 0.07463899 
819 367 10 12 0.07458042 
890 213 9 10 0.07371572 
894 304 6 9 0.07317758 
71 325 10 12 0.073144354 
820 404 10 12 0.07173574 
917 365 8 10 0.07133044 
937 334 8 9 0.07118006 
635 429 10 12 0.071171924 
1006 416 9 10 0.07103958 
783 327 11 12 0.06990643 
624 327 7 9 0.06966839 
610 437 9 11 0.06961902 
690 414 9 12 0.06937713 
745 349 8 9 0.068385474 
575 311 7 9 0.06775867 
921 334 8 10 0.06768471 
933 231 9 12 0.06729596 
362 357 6 8 0.06676026 
733 435 11 13 0.06624701 
637 439 9 10 0.06602773 
589 344 8 10 0.06595978 
951 334 8 9 0.065583296 
721 369 8 10 0.065431304 
749 331 8 10 0.063152276 
85 316 9 11 0.06305265 
758 231 8 11 0.063046746 
358 390 7 10 0.06295835 
187 443 10 12 0.06250821 
775 352 8 10 0.06222238 
981 429 8 11 0.061244473 
847 337 8 9 0.06121778 
968 359 8 9 0.060037084 
649 309 8 11 0.060016483 
315 435 11 14 0.059815925 
568 297 6 8 0.058596943 
986 349 8 10 0.058409967 
210 445 10 12 0.057739466 
366 345 8 9 0.057516627 
944 373 8 9 0.057190664 
760 327 8 10 0.05618153 
663 408 9 11 0.05590178 
999 413 9 12 0.055744175 
65 325 9 12 0.055690214 
441 364 8 11 0.055497214 
930 360 8 10 0.055429067 
433 303 7 8 0.055358324 
199 468 10 11 0.05531045 
998 476 8 10 0.05465281 
744 318 8 9 0.05365955 
967 374 8 10 0.05323735 
905 392 8 11 0.05276827 
783 344 8 10 0.05202256 
912 309 9 10 0.051804416 
69 379 11 14 0.051713772 
661 432 9 11 0.051558916 
888 319 8 10 0.051486697 
342 389 8 10 0.051266897 
943 333 8 10 0.051212355 
561 302 7 9 0.051094174 
758 389 10 13 0.050872404 
632 449 10 12 0.05057142 
888 353 8 10 0.050512396 
654 400 9 10 0.05046932 
958 318 8 9 0.050403602 
994 424 9 11 0.05025215 
461 302 7 9 0.05001653 
982 229 9 11 0.04993628 
190 412 9 12 0.049593467 
887 366 8 10 0.04951451 
671 429 9 11 0.048948176 
686 250 7 9 0.048438407 
311 302 7 9 0.04840788 
76 326 10 13 0.04840684 
993 393 8 9 0.04825708 
787 401 12 15 0.047835246 
86 306 7 9 0.047373496 
982 423 9 11 0.047212366 
591 294 6 8 0.04705809 
305 435 11 15 0.04700335 
741 243 9 11 0.046599932 
800 381 9 11 0.046419688 
777 345 8 9 0.046253055 
478 326 9 13 0.046118587 
76 331 11 14 0.04603632 
477 190 8 10 0.04509224 
278 321 8 9 0.04507282 
878 351 7 10 0.044586323 
921 375 8 10 0.044543423 
854 301 7 9 0.043946728 
914 304 7 9 0.043680534 
632 296 7 8 0.04343687 
1009 406 9 10 0.0426422 
665 447 8 11 0.041717548 
354 390 7 10 0.04125599 
724 231 9 11 0.041232023 
917 303 8 9 0.04115253 
799 376 9 10 0.041071024 
991 410 10 12 0.041030142 
975 376 9 10 0.040046204 
694 237 8 9 0.03999477 
929 320 7 10 0.03982567 
782 357 8 11 0.0397088 
710 413 8 11 0.039656006 
317 357 8 10 0.039302096 
989 349 9 10 0.039300524 
744 359 9 10 0.038926184 
432 328 7 9 0.038538463 
1015 399 7 11 0.03850978 
1008 431 8 10 0.038447235 
326 311 7 8 0.038199343 
3 418 14 18 0.037971582 
760 237 8 10 0.037618406 
929 199 7 9 0.03749517 
741 389 9 11 0.03744379 
1015 423 8 10 0.037098166 
644 183 8 10 0.03690232 
827 368 13 18 0.036894497 
337 375 8 9 0.03684866 
196 491 16 16 0.03677614 
675 403 11 13 0.036660857 
195 428 11 14 0.036550954 
570 312 8 10 0.036538657 
943 392 9 11 0.03616235 
654 406 9 10 0.035939664 
670 166 9 10 0.035908267 
406 386 14 17 0.03590262 
994 473 9 11 0.03586704 
886 374 8 11 0.03579845 
309 271 7 9 0.03576555 
943 328 8 9 0.03575311 
368 367 8 9 0.03570375 
349 312 9 11 0.035633463 
420 379 11 15 0.0356122 
768 303 8 9 0.035370715 
366 350 8 9 0.03528181 
976 389 8 10 0.03527641 
29 411 12 16 0.035167374 
681 341 8 9 0.035141096 
881 376 8 10 0.0350044 
751 360 9 10 0.034988806 
614 329 7 9 0.034821127 
769 356 9 11 0.034668915 
687 313 8 10 0.034339584 
968 367 8 10 0.034338247 
1014 406 8 10 0.03426786 
322 311 7 9 0.03425263 
29 350 9 12 0.034238547 
2 290 13 18 0.034217965 
260 321 6 8 0.03420019 
1009 400 9 9 0.03414822 
630 301 7 9 0.03400283 
177 438 9 11 0.033785403 
462 191 7 10 0.03374969 
23 376 10 13 0.03363949 
943 346 8 9 0.033467177 
958 293 8 8 0.033464883 
681 388 9 11 0.033445463 
422 326 7 9 0.033254176 
727 343 7 8 0.03319823 
967 383 8 10 0.03310357 
570 318 7 10 0.03306154 
351 294 7 9 0.033033628 
80 317 9 11 0.033015423 
751 390 11 13 0.032909073 
927 391 9 10 0.032901704 
864 334 8 9 0.032774266 
688 375 8 10 0.032430932 
193 462 10 12 0.032361355 
969 246 9 12 0.032229688 
8 425 19 26 0.03219846 
621 318 8 10 0.031993676 
789 374 9 11 0.031873446 
703 248 7 9 0.031670596 
718 354 8 9 0.031462863 
912 390 8 11 0.031409066 
770 352 7 9 0.031407833 
711 389 9 10 0.031352494 
600 349 7 9 0.03126239 
710 342 8 10 0.03105981 
673 562 24 31 0.03093511 
937 350 8 9 0.030906418 
60 359 11 13 0.030867323 
189 479 13 16 0.03081563 
205 466 11 14 0.03078213 
360 411 9 11 0.030722676 
222 464 9 11 0.03036487 
466 209 7 10 0.030238083 
978 326 7 10 0.030212685 
432 335 7 10 0.030073062 
1014 431 8 10 0.029995905 
950 375 9 10 0.029580502 
712 399 9 11 0.029549489 
855 343 8 10 0.029469367 
328 364 9 11 0.029422523 
29 305 11 14 0.029303938 
913 206 8 10 0.029281678 
657 436 8 10 0.029135626 
929 446 9 12 0.02886592 
725 387 9 11 0.028865544 
912 373 8 10 0.028653825 
926 335 7 10 0.028619988 
895 309 8 9 0.028501607 
882 254 7 9 0.028308792 
746 311 7 9 0.028281307 
610 319 7 9 0.028264472 
861 207 7 9 0.028257268 
749 345 8 10 0.028084002 
28 418 13 18 0.028065449 
665 399 9 10 0.027904775 
889 326 8 9 0.0278582 
958 408 9 10 0.027846908 
213 461 10 13 0.027618738 
337 350 7 9 0.02754396 
291 429 10 13 0.027532758 
955 422 10 13 0.02728037 
399 390 11 15 0.02718803 
28 375 9 12 0.027035968 
951 328 8 10 0.0270237 
881 334 7 9 0.027000317 
557 310 8 10 0.026980743 
479 303 8 11 0.02694324 
889 311 7 9 0.026839236 
977 208 9 10 0.026746593 
413 378 14 19 0.02671112 
613 332 7 10 0.026698085 
357 374 7 10 0.026684875 
14 380 11 13 0.026329609 
653 317 9 13 0.026055112 
615 225 6 8 0.026016671 
956 398 8 10 0.025669456 
294 449 11 14 0.025654746 
933 375 8 10 0.025620997 
969 319 7 9 0.025535831 
648 305 8 10 0.025493847 
785 380 9 12 0.02545748 
977 312 8 9 0.025378775 
765 417 11 15 0.025324872 
977 424 9 11 0.025239505 
439 328 7 9 0.025218878 
418 326 7 9 0.025134277 
343 359 7 8 0.02510373 
954 200 8 9 0.025083011 
985 375 9 10 0.025067333 
679 415 8 10 0.025059083 
896 353 7 10 0.024886124 
752 306 7 8 0.024848314 
902 231 8 11 0.024598062 
418 361 12 17 0.024522271 
701 415 9 12 0.024313195 
866 359 9 12 0.024216203 
376 351 8 9 0.02416325 
975 318 8 10 0.0241225 
189 454 10 11 0.023862612 
783 232 8 10 0.0236872 
273 277 8 9 0.023590256 
351 358 7 8 0.023577828 
610 302 6 9 0.023512209 
61 310 9 11 0.023474677 
638 445 9 12 0.02346539 
776 246 8 9 0.023412824 
725 174 7 9 0.023178646 
944 408 9 11 0.023103874 
261 432 10 13 0.022968346 
672 439 8 10 0.022887524 
951 415 10 12 0.022887483 
286 413 10 13 0.022865606 
647 290 7 8 0.022823056 
739 239 8 11 0.022755476 
928 311 7 9 0.022738885 
1016 391 7 10 0.022685908 
698 351 8 10 0.022599211 
919 358 8 11 0.022401901 
413 448 9 11 0.022353664 
599 302 7 9 0.022317508 
574 318 7 9 0.02230216 
591 290 6 8 0.022089653 
922 381 7 10 0.022068983 
425 342 7 9 0.022055516 
784 349 8 9 0.022052515 
377 360 8 9 0.022024242 
658 380 9 10 0.021891924 
441 297 7 8 0.021881154 
866 343 8 10 0.021848002 
846 396 12 16 0.021817043 
589 325 8 10 0.0218071 
830 180 8 10 0.021786323 
718 325 8 9 0.02173327 
842 229 9 10 0.02171671 
0 338 9 16 0.02169083 
984 444 10 12 0.02160803 
358 384 8 10 0.021473832 
353 383 8 9 0.021383898 
889 335 8 9 0.021346165 
1015 415 8 11 0.02117681 
2 316 12 17 0.021153485 
698 248 7 9 0.021080676 
914 325 8 10 0.021078514 
854 330 7 8 0.021049203 
345 316 8 10 0.020846572 
947 223 8 11 0.020826163 
937 328 8 9 0.020743128 
204 477 14 16 0.02073749 
783 422 10 13 0.020652035 
392 363 9 12 0.020621909 
775 373 9 11 0.020534972 
312 326 7 9 0.020519687 
363 353 7 8 0.020498361 
698 343 9 11 0.020385867 
375 318 7 8 0.020152917 
775 366 10 11 0.02009663 
985 438 9 11 0.020028569 
895 366 8 9 0.020010805 
