35_Basketball_basketballgame_ball_35_389
138
506 228 37 56 0.98689693 
221 611 10 13 0.9628043 
624 587 16 24 0.93331385 
17 612 10 13 0.9268024 
86 620 9 12 0.7935649 
28 596 9 12 0.7877587 
501 584 11 14 0.75330436 
153 623 10 13 0.7105726 
322 613 10 15 0.70933294 
61 581 9 11 0.6976699 
157 590 8 10 0.68239313 
566 619 13 15 0.6527561 
134 587 9 12 0.6212444 
255 626 12 12 0.5496297 
547 613 10 12 0.4334114 
568 592 11 13 0.31371173 
313 596 9 11 0.29734728 
343 564 8 11 0.29687184 
914 405 8 12 0.24420413 
302 559 8 10 0.23682757 
683 622 11 13 0.23361552 
868 588 12 16 0.21210949 
414 553 9 11 0.1713546 
89 582 9 12 0.15271726 
520 579 11 14 0.15127613 
679 596 11 14 0.13077869 
737 620 10 12 0.123329215 
454 541 9 11 0.117601246 
468 582 10 12 0.11594356 
25 629 9 10 0.1127814 
413 612 10 13 0.11086442 
704 629 10 10 0.10851619 
930 401 7 10 0.10562867 
982 399 8 10 0.10534188 
541 590 10 13 0.09623648 
544 628 11 11 0.094118595 
511 629 10 10 0.0866106 
904 433 10 12 0.079406224 
376 590 8 11 0.077673525 
633 583 17 26 0.07726951 
183 595 8 11 0.077189244 
757 621 10 12 0.07467592 
907 589 12 14 0.07078844 
111 571 8 11 0.07028431 
571 572 11 12 0.06826791 
1014 398 8 11 0.06714666 
311 573 9 11 0.06707255 
348 606 9 11 0.05936008 
584 629 10 10 0.05903108 
137 568 8 10 0.05623161 
883 627 13 13 0.055615857 
740 550 10 13 0.055240728 
413 567 10 13 0.052483425 
730 604 9 10 0.052142266 
440 573 10 12 0.050124355 
1010 398 8 10 0.04814409 
487 590 9 11 0.04789822 
60 603 10 12 0.047492888 
461 565 8 12 0.046446286 
885 601 11 15 0.04512075 
439 542 10 13 0.04488874 
774 406 7 10 0.044837125 
13 598 9 11 0.044314187 
29 628 11 11 0.043205198 
497 585 10 14 0.040744267 
54 568 7 10 0.040460173 
438 550 11 13 0.040395487 
321 566 9 11 0.039439015 
933 404 8 10 0.03891358 
488 570 10 13 0.038496632 
515 541 10 14 0.038216602 
519 587 10 13 0.037181433 
152 604 10 12 0.037016317 
385 523 8 10 0.03661959 
967 400 7 8 0.035669014 
15 583 9 12 0.03506884 
676 579 9 12 0.03407281 
589 574 10 13 0.033611152 
476 560 10 11 0.033331014 
543 565 10 13 0.032799967 
191 583 9 12 0.0325532 
209 529 8 10 0.03243371 
448 541 9 12 0.03231897 
445 581 10 14 0.032174703 
285 590 9 11 0.031819243 
201 512 7 10 0.031534523 
262 599 9 12 0.03138661 
799 412 8 10 0.030740282 
237 554 9 14 0.03061495 
287 536 8 11 0.030536823 
908 435 9 12 0.030264398 
413 536 9 12 0.030079126 
389 602 12 15 0.02976501 
643 583 15 21 0.029295329 
524 565 10 12 0.029206125 
14 590 9 10 0.029146446 
336 262 26 32 0.029054103 
205 572 8 11 0.028505329 
662 591 11 14 0.028483748 
294 574 9 11 0.02823278 
917 455 9 11 0.028170906 
701 595 11 15 0.028065206 
286 629 11 11 0.027931992 
251 509 10 13 0.027696056 
389 583 10 12 0.027337564 
649 406 7 9 0.02687765 
724 620 10 12 0.02639603 
393 541 8 11 0.026314043 
110 551 8 10 0.026076436 
966 383 9 11 0.025746476 
49 568 8 10 0.025072549 
559 597 11 13 0.024827467 
97 566 7 10 0.024197824 
191 589 9 12 0.024040595 
287 606 8 12 0.023918223 
111 557 8 10 0.023656955 
142 573 8 9 0.023579929 
781 604 10 12 0.023456955 
906 406 8 11 0.023440981 
515 524 10 12 0.023348758 
767 405 9 11 0.02318026 
0 608 8 12 0.02298602 
721 616 9 12 0.02290111 
700 571 10 13 0.022787193 
440 579 11 15 0.022768797 
445 557 9 11 0.022490785 
425 517 10 14 0.022086104 
872 439 12 14 0.021806842 
891 596 11 15 0.021754712 
409 536 9 11 0.021564543 
350 624 11 13 0.021322314 
897 435 12 13 0.021241957 
958 414 8 10 0.020817626 
222 560 8 10 0.020782527 
285 613 10 12 0.020640476 
520 597 9 11 0.02047149 
757 600 9 11 0.02028883 
639 408 7 9 0.020100685 
