35_Basketball_Basketball_35_664
42
44 324 10 13 0.83646667 
8 447 11 13 0.8137885 
22 317 11 13 0.6978008 
51 341 13 17 0.36173993 
647 280 19 21 0.31971237 
133 336 8 11 0.27586353 
92 336 12 20 0.19973849 
885 377 8 9 0.16296749 
159 340 10 14 0.16036673 
142 348 9 12 0.14494699 
193 351 8 10 0.13323104 
46 421 9 12 0.1320837 
165 341 10 13 0.10994702 
117 351 9 11 0.074388534 
746 194 18 17 0.066917464 
175 340 9 13 0.0651245 
3 469 12 15 0.06079927 
137 348 10 13 0.05676135 
158 335 10 13 0.054669242 
125 311 8 10 0.052832622 
778 254 15 19 0.05219784 
745 188 14 16 0.047433265 
98 308 7 10 0.044494595 
1 335 9 14 0.042302586 
749 247 18 21 0.038823817 
672 273 21 25 0.03872654 
152 340 9 14 0.03816574 
153 333 8 13 0.03582873 
46 329 12 16 0.035264533 
84 342 16 19 0.032772504 
919 381 7 9 0.03243642 
166 334 10 13 0.030143918 
792 307 10 13 0.02805109 
1 305 10 21 0.026951278 
887 391 7 10 0.025727287 
15 302 9 11 0.02569035 
798 307 9 13 0.025464011 
176 335 9 13 0.021617338 
176 327 8 11 0.021193227 
92 327 12 18 0.021035805 
692 348 16 18 0.020732524 
920 377 7 8 0.020351116 
