35_Basketball_Basketball_35_327
31
790 170 31 39 0.9984894 
737 156 24 31 0.99799526 
969 184 29 35 0.9978263 
83 164 28 34 0.99764365 
829 147 27 35 0.9976101 
540 154 27 35 0.99702924 
664 153 27 32 0.99660337 
409 229 53 79 0.9963865 
25 176 24 32 0.99635786 
763 147 29 35 0.9957378 
915 142 39 52 0.9951931 
384 175 24 29 0.9950799 
465 179 23 30 0.99431384 
981 159 25 27 0.9893378 
249 169 21 26 0.98402333 
185 181 20 26 0.9814788 
491 178 19 23 0.98045474 
598 162 20 27 0.9780447 
324 184 18 24 0.975754 
435 162 21 27 0.972193 
636 171 20 26 0.9591208 
566 162 15 23 0.72255015 
509 193 18 19 0.39647272 
876 348 16 22 0.08843461 
269 146 13 14 0.063030794 
417 162 14 18 0.03214773 
274 142 11 13 0.03174387 
1012 176 11 18 0.029274806 
1013 142 11 20 0.02739561 
623 229 20 27 0.024656393 
266 143 11 13 0.021992918 
