35_Basketball_basketballgame_ball_35_446
60
469 328 110 155 0.9991078 
790 937 22 27 0.6307333 
868 846 27 35 0.5762723 
254 801 20 27 0.5455824 
763 828 16 20 0.5446683 
317 811 21 24 0.5440341 
822 994 24 28 0.5407112 
763 741 16 19 0.5091813 
861 778 17 22 0.5067848 
926 759 20 29 0.46195862 
233 848 20 26 0.46183476 
882 809 21 27 0.3929453 
714 952 23 29 0.3542046 
832 740 18 23 0.33014715 
693 898 23 26 0.30488607 
860 897 26 32 0.27372286 
809 811 22 29 0.2608328 
806 867 17 19 0.2525071 
885 950 21 27 0.23617847 
725 989 27 32 0.2143936 
730 872 19 22 0.20007001 
339 847 26 36 0.16462712 
301 860 26 32 0.14368315 
722 822 14 19 0.14084789 
714 847 17 20 0.13566335 
689 865 18 22 0.12706624 
780 780 14 18 0.09317849 
717 775 15 21 0.07852367 
880 849 27 34 0.06780587 
287 806 21 26 0.059905417 
664 845 18 22 0.05882662 
697 730 17 20 0.05850076 
834 863 24 30 0.05830138 
110 570 32 35 0.05816327 
644 911 19 24 0.057387248 
756 895 21 27 0.056341477 
344 764 24 32 0.055474915 
277 769 23 28 0.054567967 
905 768 17 23 0.04876296 
741 738 15 16 0.042333215 
796 892 26 31 0.040980265 
234 731 21 27 0.039650876 
905 985 18 22 0.038603514 
779 907 18 21 0.03796258 
918 763 20 28 0.036411714 
816 778 26 30 0.036271762 
338 774 25 31 0.035724137 
694 1025 26 35 0.035414547 
874 816 23 28 0.03362633 
866 649 22 30 0.033402395 
275 789 18 23 0.031400654 
361 847 23 31 0.031283014 
891 852 26 33 0.03101921 
636 812 17 22 0.02786782 
230 771 24 30 0.023433743 
243 769 23 28 0.023186035 
928 917 19 24 0.021805445 
718 856 23 29 0.020557305 
812 788 24 30 0.020377472 
344 742 12 16 0.02005453 
