35_Basketball_basketballgame_ball_35_64
100
295 238 59 83 0.99984 
126 289 56 75 0.9997495 
474 223 61 81 0.9996904 
32 240 56 73 0.99960417 
591 210 65 92 0.9987903 
692 217 71 94 0.9986285 
906 168 59 96 0.9982002 
657 105 32 42 0.9967218 
239 246 32 42 0.9957795 
440 110 30 40 0.9954425 
100 201 42 52 0.99532026 
0 242 30 41 0.99468815 
492 161 32 36 0.9939819 
805 183 39 50 0.9932603 
591 78 29 34 0.9930721 
342 154 27 32 0.99293137 
952 182 67 113 0.9918143 
149 140 26 33 0.9907973 
95 128 24 33 0.99046296 
272 126 27 33 0.9899014 
465 63 25 31 0.98867255 
535 17 24 32 0.9873262 
871 59 24 33 0.9871321 
192 218 29 34 0.9857503 
279 222 30 40 0.98356724 
390 67 23 30 0.9832894 
526 92 25 34 0.9820188 
565 201 32 43 0.9810765 
141 108 23 30 0.9809404 
234 192 30 36 0.9758506 
399 148 24 33 0.9661579 
0 292 38 65 0.964271 
414 13 24 29 0.96014214 
415 112 25 35 0.9377186 
728 94 31 36 0.93576896 
243 163 28 33 0.91885364 
34 155 24 26 0.91792005 
208 10 18 23 0.90416247 
170 250 31 36 0.88998914 
298 93 23 27 0.88807 
90 42 19 24 0.88174415 
377 168 20 26 0.87612 
55 193 21 28 0.87402093 
76 212 26 35 0.86163855 
269 7 18 22 0.8523421 
626 5 21 27 0.8487889 
449 5 25 29 0.83827007 
337 0 20 18 0.8358647 
25 77 20 25 0.82691765 
49 44 16 21 0.81606144 
158 5 18 23 0.81384104 
241 67 24 28 0.81039226 
293 0 16 19 0.7910209 
213 103 27 32 0.74645656 
454 44 20 29 0.73559153 
180 76 25 28 0.7015872 
65 0 17 14 0.531857 
441 206 17 21 0.33233276 
492 6 21 26 0.28986922 
675 248 33 52 0.23239219 
459 309 30 35 0.13515288 
689 59 27 34 0.13270524 
578 203 48 68 0.12802923 
217 90 23 31 0.118733145 
190 165 29 37 0.11195995 
689 194 40 50 0.10995285 
263 105 23 31 0.09872586 
748 72 46 51 0.0767403 
9 93 16 22 0.07499273 
200 53 22 26 0.064441815 
4 219 25 34 0.061159678 
352 210 25 31 0.052419875 
397 0 19 13 0.05172515 
290 33 21 27 0.049100127 
30 137 27 30 0.0489142 
554 429 34 32 0.048712865 
81 206 40 49 0.0477302 
436 279 15 16 0.045407332 
2 101 22 33 0.043155428 
681 203 50 77 0.038288753 
378 74 23 29 0.03612347 
922 186 66 95 0.034680184 
532 1 17 18 0.03369744 
358 170 25 31 0.031174492 
279 263 31 49 0.030959042 
728 112 30 38 0.030902203 
208 58 21 27 0.030203355 
275 4 21 26 0.028034545 
406 4 27 25 0.02792935 
60 141 15 19 0.02707405 
959 0 14 10 0.02608874 
144 122 26 35 0.025584346 
138 73 16 19 0.024961993 
639 9 18 20 0.024675107 
436 5 27 30 0.0229269 
263 4 16 21 0.022192057 
407 128 27 34 0.021901056 
250 236 37 52 0.021464113 
371 77 19 24 0.021387907 
85 178 18 19 0.020539815 
