35_Basketball_playingbasketball_35_674
59
371 147 62 81 0.9988681 
184 139 45 56 0.9980361 
152 65 34 43 0.99456125 
289 117 30 37 0.99296266 
89 7 32 38 0.9920534 
16 234 34 43 0.991987 
172 16 31 37 0.9919504 
598 274 33 44 0.9887455 
859 260 32 37 0.988063 
636 41 44 76 0.98571044 
214 74 26 35 0.9852255 
267 84 29 39 0.9782332 
0 88 24 50 0.9738559 
407 19 28 34 0.9704532 
562 102 29 37 0.9615914 
980 25 39 84 0.9584794 
646 261 36 44 0.9533145 
999 247 23 28 0.9522089 
876 170 24 28 0.9451878 
356 90 27 35 0.9408131 
900 81 23 26 0.93537945 
507 32 22 28 0.9017655 
602 25 22 31 0.89423007 
451 47 26 32 0.8818176 
950 249 23 28 0.8791387 
350 9 25 34 0.8715596 
451 18 25 31 0.84615654 
742 47 24 30 0.83836573 
479 107 23 27 0.8062418 
803 52 22 31 0.794777 
552 35 24 31 0.7610641 
820 158 24 33 0.6555973 
979 124 22 26 0.6227035 
785 87 26 33 0.60524726 
582 71 27 33 0.5786052 
487 147 30 35 0.57301664 
270 4 28 35 0.4670801 
931 84 17 25 0.41529498 
842 134 23 29 0.40570986 
622 67 23 38 0.38305572 
911 286 18 29 0.29151016 
800 118 25 30 0.2413958 
166 -1 25 22 0.14458647 
974 175 21 26 0.07344838 
631 54 28 51 0.070257284 
529 44 19 25 0.06514851 
516 38 23 28 0.06417381 
454 198 46 54 0.050632305 
448 21 35 48 0.045213047 
829 145 26 35 0.042257283 
280 87 27 34 0.03517105 
875 151 26 32 0.031919315 
458 55 27 33 0.028363353 
251 29 18 23 0.027888848 
965 296 23 31 0.027447114 
578 57 29 33 0.02361053 
882 144 21 23 0.023259353 
571 64 27 34 0.022245213 
592 64 28 36 0.021188296 
