35_Basketball_basketballgame_ball_35_998
89
912 281 46 62 0.9977131 
680 63 52 70 0.9961337 
340 95 51 78 0.99414176 
353 315 38 58 0.9938061 
63 281 34 39 0.9935493 
42 391 40 50 0.9926649 
0 310 24 42 0.9897105 
36 201 33 47 0.98392326 
817 314 42 56 0.978784 
318 409 33 46 0.96998614 
123 286 32 47 0.96954197 
514 49 26 34 0.92780894 
909 201 35 43 0.8513076 
868 302 29 44 0.8263107 
446 141 30 40 0.74799937 
431 45 27 35 0.744253 
835 216 33 43 0.722235 
587 52 24 33 0.69379437 
827 94 30 41 0.661092 
93 71 21 26 0.5881327 
933 12 25 33 0.55927324 
463 105 25 33 0.5511541 
649 99 27 33 0.5388856 
112 114 25 29 0.52725744 
397 112 31 39 0.5165773 
596 16 25 32 0.5153064 
572 148 28 33 0.50160605 
61 140 28 32 0.49614865 
406 11 25 31 0.4314691 
495 20 23 29 0.42943347 
448 0 26 26 0.3976578 
393 179 31 41 0.38760832 
683 12 25 33 0.3605106 
570 132 29 34 0.32978272 
176 118 22 28 0.2762009 
648 33 26 33 0.25649226 
994 57 27 34 0.25469768 
476 229 25 33 0.25038296 
337 24 19 23 0.21870029 
362 95 47 70 0.21093306 
271 87 28 36 0.18305908 
247 49 26 36 0.15252297 
7 211 22 31 0.14485207 
27 65 20 23 0.13503918 
322 0 20 18 0.10950795 
268 155 29 36 0.089426085 
515 0 18 16 0.065721855 
89 17 18 22 0.062636174 
138 188 25 31 0.06094812 
157 31 26 33 0.057109978 
872 83 26 33 0.053692587 
769 312 24 31 0.05184464 
934 84 25 33 0.050485287 
22 206 31 38 0.048572082 
0 250 15 31 0.044791743 
270 22 28 32 0.043679416 
314 53 23 30 0.043018267 
160 5 25 31 0.04293508 
227 124 22 27 0.04251994 
173 129 25 33 0.04132052 
773 52 32 42 0.03732806 
519 36 28 36 0.036065716 
892 288 38 58 0.035318546 
138 156 22 29 0.03510207 
523 20 24 29 0.03462456 
323 5 28 35 0.03453199 
983 205 29 36 0.034349766 
391 95 35 42 0.0326813 
884 41 20 23 0.030606871 
477 73 26 29 0.028241342 
161 19 28 35 0.026430389 
483 16 24 29 0.025835633 
504 38 29 35 0.025696551 
832 296 43 62 0.02561445 
583 33 38 48 0.024974506 
383 4 47 52 0.024951736 
309 43 24 29 0.024928562 
1003 205 18 32 0.024782164 
706 0 19 13 0.02469681 
136 173 25 35 0.024067543 
783 308 12 18 0.022826018 
808 152 35 44 0.022488244 
508 16 31 34 0.022293482 
968 0 17 12 0.02192224 
411 5 19 22 0.021886313 
458 86 37 45 0.021606157 
121 365 22 22 0.021212053 
999 319 25 51 0.020768093 
23 104 19 22 0.0200052 
