35_Basketball_Basketball_35_209
267
418 108 34 42 0.9974049 
501 136 33 44 0.996176 
899 184 17 22 0.9867219 
978 223 14 17 0.88142693 
829 256 16 19 0.8610954 
742 267 11 14 0.7403369 
613 235 10 12 0.7279056 
172 191 21 27 0.64039725 
151 230 8 10 0.6371437 
714 265 7 9 0.58886343 
966 219 9 12 0.5559713 
134 230 8 10 0.5346188 
888 161 8 10 0.336199 
18 231 8 10 0.33284423 
127 78 8 10 0.30415612 
664 263 7 10 0.27394006 
51 245 7 10 0.2647187 
805 182 10 11 0.25341395 
137 65 8 10 0.25207624 
713 237 7 10 0.22545904 
86 265 8 10 0.20023309 
145 254 8 10 0.20007573 
78 230 7 9 0.19090357 
196 225 15 21 0.18645237 
178 230 8 11 0.18221724 
951 202 10 13 0.16391753 
88 207 8 10 0.16289546 
752 205 8 9 0.15361528 
177 277 8 10 0.14782056 
951 190 8 11 0.14713868 
109 209 8 9 0.13485798 
32 263 9 10 0.13261484 
926 180 8 10 0.13127406 
838 195 11 14 0.12071437 
1 240 7 11 0.116332725 
942 203 11 13 0.1161108 
320 248 6 8 0.11132168 
1014 230 8 15 0.108116314 
152 226 7 9 0.10746089 
254 200 7 10 0.102460295 
288 216 7 9 0.10085687 
926 192 9 11 0.09920174 
868 167 8 11 0.09739308 
153 69 8 9 0.095344506 
3 47 8 11 0.09280603 
175 21 9 10 0.08990474 
657 127 8 9 0.08525812 
918 168 9 9 0.08505354 
311 200 7 9 0.08388283 
337 209 8 10 0.08340964 
1000 166 7 9 0.081915215 
50 221 7 8 0.08149273 
886 193 10 14 0.07994463 
384 89 9 10 0.079571314 
929 158 7 9 0.07873157 
721 232 7 10 0.074687496 
13 261 9 11 0.073876746 
183 248 8 10 0.07291893 
135 206 7 9 0.07274254 
841 224 11 13 0.07132818 
32 230 8 10 0.07079047 
1008 168 7 9 0.0707857 
878 187 10 13 0.070548296 
753 121 8 9 0.06939914 
870 243 13 16 0.066806115 
632 237 8 9 0.06602199 
704 111 6 9 0.06592056 
360 193 8 9 0.06579274 
1 221 7 11 0.06382318 
160 217 9 10 0.06323766 
146 80 7 9 0.06301373 
761 174 7 8 0.06293283 
88 238 6 8 0.06285429 
191 57 8 10 0.062135503 
26 54 7 9 0.06050011 
342 213 7 9 0.060228292 
120 231 7 9 0.059647072 
950 182 8 11 0.059005916 
874 150 8 10 0.058262527 
962 219 8 12 0.056843843 
919 173 8 11 0.05629576 
945 159 7 10 0.056227505 
913 161 7 9 0.05621442 
113 254 7 8 0.055003405 
114 268 7 10 0.054696504 
151 264 7 10 0.053506155 
265 224 7 9 0.05182777 
47 46 8 9 0.05097894 
649 204 7 9 0.050860055 
953 177 7 9 0.050675597 
128 248 8 10 0.050089546 
17 236 9 11 0.05006496 
747 253 12 14 0.048853077 
297 200 7 8 0.047950007 
702 257 7 9 0.04785297 
68 293 9 11 0.047412347 
127 199 7 9 0.0473505 
753 126 8 9 0.046808966 
154 49 8 10 0.04591709 
121 199 7 8 0.044984914 
21 183 7 9 0.04487793 
735 246 7 10 0.04480077 
966 160 8 10 0.044741645 
935 199 10 12 0.044126984 
736 118 7 9 0.044004727 
162 239 7 9 0.04387024 
920 191 10 13 0.043443974 
897 149 7 8 0.043194514 
65 263 8 12 0.043163802 
952 143 7 8 0.043093834 
145 192 8 9 0.04195256 
278 199 7 8 0.041785482 
141 277 8 9 0.041519694 
893 165 8 10 0.040338367 
169 55 8 10 0.03947756 
379 65 7 9 0.03945644 
165 216 8 11 0.03915917 
149 197 9 10 0.03906615 
144 208 8 9 0.038955085 
177 225 9 11 0.038645197 
330 201 8 9 0.03855493 
969 151 7 9 0.038438313 
128 254 7 9 0.038136553 
872 159 8 10 0.0379115 
151 37 8 10 0.03772935 
90 48 8 9 0.037545547 
609 264 9 12 0.037033536 
821 158 8 9 0.03659454 
880 159 8 11 0.03653656 
159 278 7 9 0.036428943 
583 128 8 10 0.036357045 
639 207 7 9 0.03621086 
110 239 6 9 0.036133252 
589 127 9 11 0.036022596 
151 32 8 10 0.035449207 
169 194 14 18 0.035322186 
933 143 8 9 0.03512649 
142 215 8 9 0.035115186 
678 105 7 8 0.034737762 
958 262 11 15 0.034691293 
274 198 7 9 0.034022387 
129 272 7 9 0.03393411 
105 53 9 11 0.03378731 
957 205 8 11 0.03365611 
726 232 8 11 0.033536192 
168 239 7 9 0.033325676 
679 108 7 10 0.032931216 
200 63 8 9 0.032912288 
639 144 10 12 0.03285664 
982 144 8 8 0.032550417 
807 177 9 10 0.03249305 
215 64 8 9 0.03244913 
1008 220 11 15 0.032412104 
985 167 7 9 0.032040343 
198 56 8 10 0.03197287 
997 219 11 13 0.031914983 
991 167 8 9 0.031854432 
33 199 7 9 0.031810664 
254 221 7 9 0.03175476 
774 144 7 10 0.03170605 
1014 213 8 13 0.03166172 
725 296 10 12 0.03164627 
169 233 7 8 0.03153827 
295 57 7 9 0.031534266 
312 223 7 9 0.03134662 
728 248 8 9 0.03118714 
168 38 8 10 0.031148883 
94 207 7 9 0.031045008 
753 214 8 10 0.031025032 
814 196 11 13 0.031010225 
151 269 8 9 0.030907031 
329 63 7 9 0.030816892 
239 38 11 12 0.030626457 
182 77 9 11 0.030256152 
943 175 8 11 0.03016449 
506 110 10 12 0.030022074 
264 230 7 10 0.02995625 
57 65 8 10 0.029715188 
190 12 8 11 0.029466014 
844 250 13 15 0.029275227 
902 146 7 8 0.029202776 
144 249 8 10 0.029134005 
175 236 8 10 0.029003892 
135 236 8 10 0.028502254 
215 69 8 10 0.02839172 
118 265 7 10 0.02837501 
181 224 11 14 0.028332729 
158 12 8 10 0.0282331 
868 171 10 12 0.028179491 
928 152 7 9 0.028173659 
814 176 8 10 0.027955694 
71 49 8 9 0.027921129 
216 189 13 14 0.02788924 
183 30 8 10 0.02777611 
634 223 7 9 0.02777233 
159 79 8 9 0.027749931 
944 165 8 9 0.027697641 
263 205 6 9 0.02767655 
33 269 10 13 0.027516073 
6 238 7 10 0.0272455 
359 213 7 9 0.02718042 
123 71 7 8 0.026746301 
494 116 9 12 0.026697805 
61 64 8 11 0.026404599 
168 272 8 9 0.026251627 
990 158 8 10 0.026193028 
192 234 12 17 0.026182747 
928 120 7 9 0.026036143 
685 213 7 9 0.025982318 
256 203 8 10 0.025805676 
224 55 9 10 0.025773073 
678 238 7 9 0.025509708 
338 264 7 9 0.025416793 
921 134 7 9 0.02524807 
728 134 8 9 0.02524591 
975 166 8 9 0.025236474 
38 231 8 9 0.025128348 
120 254 8 9 0.025116395 
890 135 7 9 0.02498043 
111 212 7 9 0.024783766 
127 216 7 9 0.024643522 
709 144 8 9 0.024573727 
919 158 8 9 0.024524942 
130 206 7 9 0.024200808 
111 248 7 10 0.02403641 
104 264 7 9 0.023691786 
673 120 8 10 0.023552531 
49 191 7 9 0.023523364 
176 48 8 10 0.023451274 
167 247 7 8 0.022915954 
551 125 8 10 0.022915808 
272 40 7 8 0.0228875 
653 225 7 10 0.022792464 
185 60 8 10 0.022661516 
580 133 9 11 0.02264158 
838 200 14 18 0.022576682 
950 159 8 10 0.022492122 
988 219 12 14 0.02246145 
875 247 14 19 0.02244575 
722 254 8 10 0.022235507 
135 201 7 8 0.022220582 
107 240 6 8 0.02211035 
814 243 11 16 0.021974638 
145 197 8 9 0.021893015 
704 191 6 9 0.021732872 
349 62 9 9 0.021416394 
768 126 7 9 0.021310674 
40 240 7 9 0.021305928 
228 0 11 11 0.021201974 
8 246 7 9 0.02118712 
892 160 8 11 0.021169234 
204 186 11 13 0.021153081 
142 294 7 10 0.021140208 
146 38 8 9 0.021079024 
121 55 8 10 0.021016017 
183 236 9 12 0.020956602 
48 232 7 9 0.02088658 
149 206 9 10 0.020790262 
126 73 8 10 0.020739263 
186 13 8 10 0.020691099 
637 239 8 9 0.020669634 
262 32 8 10 0.020596422 
712 247 7 8 0.02058204 
174 54 8 10 0.020498255 
554 97 8 10 0.020496417 
963 243 12 14 0.020026943 
138 216 7 8 0.020026494 
