35_Basketball_basketballgame_ball_35_858
46
775 499 84 68 0.99782264 
569 228 69 96 0.9938313 
306 601 16 19 0.3294647 
404 470 13 16 0.32267153 
177 511 15 19 0.26809028 
307 569 12 16 0.24474926 
59 654 17 21 0.2333335 
8 642 19 23 0.2302184 
343 513 14 17 0.21822947 
121 632 16 19 0.2062832 
165 447 12 13 0.1988305 
129 661 19 22 0.17411739 
253 423 9 12 0.16095869 
179 631 18 22 0.1542053 
464 484 10 12 0.15375079 
289 470 16 20 0.13925992 
432 477 10 12 0.119013935 
41 597 15 20 0.10352125 
259 567 13 17 0.090943836 
385 620 11 14 0.08972961 
376 454 11 12 0.08947251 
213 454 10 12 0.08695055 
38 633 19 19 0.078506514 
380 468 13 17 0.06692832 
115 552 12 14 0.06451346 
67 567 18 20 0.061328523 
181 661 17 18 0.06120681 
67 537 15 18 0.061080985 
256 445 13 15 0.0476663 
293 426 10 13 0.04705067 
245 659 15 18 0.044545285 
489 500 11 13 0.04121053 
161 657 19 22 0.037905257 
62 563 17 18 0.03698319 
378 461 14 17 0.03618922 
110 671 16 16 0.035441574 
346 453 13 15 0.024905218 
106 610 19 20 0.024878845 
279 475 16 16 0.023615979 
20 675 13 13 0.022342276 
291 445 13 15 0.022260683 
91 577 22 32 0.022179 
82 673 18 15 0.021485709 
21 428 10 13 0.021185987 
318 664 18 20 0.020788612 
32 443 10 12 0.020055622 
