35_Basketball_playingbasketball_35_127
22
595 184 50 63 0.9993461 
491 112 38 45 0.997658 
637 31 32 43 0.9974057 
318 55 29 38 0.9968681 
531 165 36 48 0.9954384 
886 64 27 33 0.9933583 
90 18 18 23 0.9803326 
851 5 26 27 0.9768032 
15 65 15 19 0.9622338 
759 11 21 26 0.9297522 
167 2 20 20 0.9186264 
1005 115 18 32 0.9053344 
399 1 24 23 0.7081317 
421 81 17 20 0.63025504 
127 2 14 15 0.1881779 
404 70 14 20 0.06252493 
369 12 21 28 0.040162645 
402 11 20 22 0.038155973 
413 74 18 24 0.036807414 
829 20 12 17 0.028793504 
389 1 23 21 0.028238881 
107 1 18 17 0.021409016 
