35_Basketball_Basketball_35_737
19
847 13 87 117 0.99965215 
54 29 67 94 0.99829084 
768 18 87 111 0.99796677 
229 311 27 37 0.9965119 
648 235 53 90 0.9959714 
694 252 62 76 0.98912233 
958 431 17 25 0.95919496 
202 336 27 29 0.95807296 
394 97 9 11 0.6384109 
383 264 10 12 0.23316504 
388 263 9 12 0.13932995 
365 276 10 12 0.12530917 
368 271 9 11 0.08759259 
375 267 9 12 0.06784533 
940 467 19 20 0.055100158 
211 324 26 36 0.02408567 
520 64 7 9 0.02289923 
664 245 70 88 0.022305023 
504 63 8 9 0.020926192 
