35_Basketball_basketballgame_ball_35_565
480
786 470 25 38 0.99625236 
800 427 22 29 0.9895839 
701 386 23 29 0.98921484 
531 447 18 25 0.98731625 
881 353 21 28 0.9872016 
866 432 23 30 0.98655057 
898 290 17 23 0.9846807 
964 283 17 22 0.9844743 
869 216 13 18 0.98198146 
579 424 17 25 0.9813426 
876 460 24 31 0.9796108 
516 433 17 22 0.9701331 
688 309 11 15 0.9683382 
940 233 13 18 0.96611303 
781 382 21 28 0.9564741 
914 252 13 17 0.9555256 
541 326 11 14 0.95442605 
827 227 12 15 0.94849205 
613 343 14 19 0.9391804 
798 333 17 21 0.93733263 
591 473 20 29 0.9237354 
802 258 13 17 0.92203903 
949 354 21 27 0.9217723 
136 450 14 18 0.91876435 
909 233 13 15 0.9128893 
552 434 14 19 0.90530246 
222 447 15 23 0.9038414 
791 315 16 21 0.9033165 
632 270 10 12 0.89989936 
857 252 14 17 0.89885294 
604 428 17 24 0.89532894 
443 414 13 17 0.8951388 
847 179 10 13 0.8879699 
638 224 9 11 0.8866902 
828 384 17 23 0.8865218 
720 290 12 16 0.88186455 
841 277 12 16 0.8791735 
879 172 9 12 0.8775314 
649 348 11 16 0.86444974 
731 308 13 20 0.8609496 
926 390 19 25 0.8541483 
316 423 12 15 0.8521503 
763 250 12 15 0.8410701 
256 457 18 22 0.8257666 
403 416 12 14 0.8143953 
815 276 16 20 0.79615086 
659 308 12 14 0.79533243 
914 160 13 17 0.7937438 
708 313 12 16 0.79209894 
277 459 16 24 0.7821307 
717 249 12 15 0.778646 
568 311 10 13 0.77790594 
672 262 11 12 0.76741546 
196 430 9 13 0.75576967 
500 368 12 16 0.7451801 
703 247 11 15 0.74176365 
425 453 11 13 0.70848495 
662 291 11 14 0.70834374 
784 186 10 13 0.70454395 
171 458 15 17 0.7031253 
778 263 13 15 0.684179 
890 249 12 16 0.6803732 
701 486 25 23 0.6728868 
646 326 10 15 0.6689105 
521 339 10 12 0.6602227 
128 429 11 13 0.6585373 
472 380 10 13 0.65682626 
384 410 11 15 0.65183276 
1008 194 12 15 0.64913046 
955 244 13 19 0.62928253 
333 376 8 10 0.6184914 
490 398 12 16 0.6026997 
159 392 8 10 0.59765613 
14 391 7 9 0.5782329 
241 398 8 10 0.5724964 
975 266 15 18 0.56250876 
444 370 11 14 0.5541176 
978 145 12 15 0.54855835 
419 339 10 12 0.5416673 
100 444 12 15 0.5413536 
786 232 12 14 0.52562636 
878 237 12 15 0.51945174 
869 470 25 33 0.51800764 
206 413 8 10 0.5105968 
114 424 9 11 0.51050234 
455 391 9 12 0.50577635 
118 390 9 11 0.5045837 
854 196 13 15 0.503763 
661 258 9 11 0.49991655 
194 454 13 18 0.49377972 
76 402 10 13 0.4804742 
665 221 8 11 0.48013505 
616 229 10 12 0.46532163 
671 330 11 14 0.46155664 
338 358 9 11 0.42198768 
377 344 8 12 0.4195182 
702 211 9 11 0.4112416 
268 456 18 26 0.38117528 
518 357 10 14 0.3674501 
388 395 10 13 0.34967503 
681 252 10 12 0.34296605 
975 194 13 15 0.3328198 
72 399 10 14 0.28029174 
616 299 11 13 0.27774405 
295 399 9 12 0.2675254 
710 249 11 15 0.25869548 
465 345 8 10 0.25445274 
493 354 10 13 0.25416374 
686 348 13 15 0.24284627 
502 427 12 14 0.2393923 
726 227 10 13 0.23472552 
72 436 9 12 0.23374544 
407 388 9 12 0.22780246 
1004 144 11 13 0.21382584 
522 438 19 26 0.21291688 
661 276 10 12 0.20820892 
246 384 8 10 0.2066501 
750 191 9 11 0.20122111 
191 413 8 10 0.19803669 
0 418 6 10 0.18595807 
384 391 10 12 0.18489291 
501 296 8 11 0.18215926 
948 155 11 14 0.18186684 
354 404 10 15 0.18121232 
817 213 11 14 0.17391314 
401 343 8 10 0.17209265 
702 352 15 18 0.1705424 
437 343 8 11 0.16572212 
435 303 6 8 0.16158603 
866 482 20 26 0.16138893 
182 367 8 9 0.15837483 
390 309 7 9 0.1574006 
38 435 8 10 0.15592127 
755 299 12 16 0.1492051 
831 255 13 16 0.1437666 
313 350 7 9 0.14351214 
832 211 10 14 0.14051534 
589 231 9 12 0.13899389 
590 221 8 11 0.13758534 
668 222 9 12 0.13573442 
981 330 15 20 0.12562545 
362 333 8 9 0.1250668 
100 476 11 13 0.12470501 
114 391 8 11 0.12335497 
546 284 8 11 0.117150754 
972 313 13 18 0.11579667 
527 294 7 9 0.11461352 
549 280 9 11 0.11351666 
658 260 9 12 0.113020256 
725 277 11 14 0.111612886 
1012 284 12 19 0.10732395 
945 235 14 19 0.104132876 
318 367 8 10 0.10402428 
202 409 8 11 0.10399412 
183 373 7 9 0.10397673 
678 248 9 11 0.10395675 
2 451 9 13 0.10290336 
392 343 8 10 0.102501504 
227 450 16 23 0.10167735 
953 206 11 14 0.101403505 
596 343 10 13 0.09874814 
414 316 7 9 0.09863587 
751 292 13 17 0.0983407 
185 390 7 10 0.09503611 
207 381 8 8 0.094976895 
669 227 10 12 0.09403386 
482 296 8 10 0.091899976 
378 326 8 9 0.09105923 
494 328 8 11 0.088192455 
216 408 8 9 0.08778429 
575 241 9 11 0.087478004 
314 382 7 10 0.087407045 
364 368 9 10 0.08617425 
487 542 20 30 0.08483914 
388 455 12 15 0.08474855 
349 373 9 12 0.08452906 
373 309 8 9 0.08290507 
536 289 7 9 0.08216938 
278 373 8 10 0.08193598 
689 352 17 19 0.08105008 
511 284 7 10 0.080744565 
103 408 8 11 0.07979503 
699 326 11 14 0.07943431 
377 336 8 9 0.078472316 
532 254 9 10 0.078358054 
581 264 9 11 0.07791127 
718 344 11 14 0.07602978 
636 304 9 12 0.075263485 
487 366 9 12 0.07458724 
198 392 8 9 0.07453002 
235 454 15 20 0.07341757 
131 433 12 15 0.072764724 
225 377 7 8 0.07185779 
283 467 15 22 0.070794456 
593 404 16 20 0.07070664 
365 329 8 9 0.06972627 
1015 230 9 13 0.06962945 
214 344 6 8 0.06946351 
672 245 9 11 0.069055796 
685 219 9 12 0.06897858 
388 407 11 15 0.06890435 
470 359 8 10 0.06869006 
304 373 7 10 0.068383135 
295 367 8 10 0.067592084 
943 110 8 10 0.06740416 
426 324 8 10 0.067088045 
470 350 8 11 0.06681973 
859 268 14 17 0.066684686 
107 445 12 15 0.066148214 
742 213 9 11 0.065982245 
345 333 7 9 0.065900326 
98 439 10 12 0.06521778 
135 391 8 9 0.06521691 
548 370 10 13 0.06494328 
16 417 7 9 0.064432696 
358 357 8 10 0.06291391 
98 452 11 14 0.062703975 
89 405 8 11 0.062382046 
787 216 11 13 0.06221692 
992 198 11 13 0.061767157 
1012 333 12 18 0.061566375 
352 320 7 9 0.060933884 
750 287 11 14 0.059524328 
999 258 10 13 0.059516102 
446 424 13 19 0.059238505 
286 344 8 9 0.05868819 
350 327 7 10 0.05831864 
860 296 14 19 0.058303256 
506 286 7 9 0.057793 
288 398 9 12 0.057743933 
609 259 10 13 0.0563979 
924 283 14 19 0.05627974 
701 291 12 15 0.056187548 
499 343 8 10 0.05601352 
88 391 8 9 0.055856314 
451 429 13 17 0.054876614 
576 328 9 12 0.05459461 
407 292 7 9 0.05436727 
453 410 12 15 0.05413838 
461 311 8 10 0.053723644 
249 412 9 11 0.0529845 
822 391 20 21 0.05282211 
616 280 10 11 0.052207112 
556 181 9 11 0.051789943 
393 485 10 11 0.051619783 
168 375 6 8 0.05118898 
120 386 7 9 0.05102474 
470 450 14 17 0.05085882 
202 377 7 9 0.05076786 
518 282 8 9 0.050517693 
55 415 9 11 0.050437976 
113 396 8 10 0.050114643 
176 455 19 22 0.04954111 
55 400 8 9 0.049420364 
362 374 8 11 0.04920511 
191 392 8 9 0.04865988 
567 296 8 10 0.048553824 
407 373 8 10 0.048100777 
693 489 19 21 0.04786609 
552 241 7 9 0.047664028 
255 373 7 10 0.047184482 
313 368 8 10 0.04716289 
664 227 11 13 0.0464852 
917 282 13 18 0.046277523 
498 310 7 10 0.046165533 
244 335 8 10 0.046105582 
740 231 9 13 0.04535186 
582 326 10 13 0.045315217 
568 301 9 11 0.04504463 
94 393 7 9 0.04473743 
784 220 11 14 0.044674072 
143 374 6 8 0.04463528 
579 245 9 11 0.044504836 
449 357 10 11 0.044459157 
57 422 9 12 0.044074137 
255 368 8 9 0.043702558 
105 390 8 10 0.043180034 
299 398 9 12 0.042984046 
511 309 7 9 0.042352594 
215 430 9 12 0.042054478 
203 484 16 20 0.041878983 
14 422 8 10 0.04179104 
274 368 8 10 0.041707657 
378 321 7 10 0.040551126 
143 391 8 10 0.040245146 
917 219 12 14 0.039883103 
286 350 8 10 0.039795257 
520 285 7 10 0.039744433 
341 363 10 12 0.039490405 
790 301 12 17 0.039388567 
688 276 11 13 0.038879104 
425 311 7 8 0.038861047 
65 406 8 11 0.03869961 
246 342 8 11 0.03868798 
826 276 13 17 0.038602587 
960 245 14 17 0.03831575 
351 351 8 10 0.03779512 
354 357 8 10 0.03772921 
328 464 14 17 0.037387438 
424 407 9 11 0.03695955 
346 329 7 9 0.036926135 
935 404 24 24 0.036829483 
606 332 11 13 0.036761865 
428 319 8 10 0.036444504 
567 341 9 11 0.036350366 
685 492 15 18 0.036010705 
681 348 10 15 0.035944384 
129 384 7 9 0.035620037 
1013 261 10 14 0.03560077 
304 368 7 10 0.035599723 
193 357 7 9 0.035546366 
941 358 18 22 0.0353494 
691 345 13 15 0.035096854 
936 196 12 17 0.035084486 
449 321 6 9 0.035042204 
594 398 15 17 0.034993637 
389 277 8 9 0.03491876 
450 390 10 13 0.034687456 
242 342 7 10 0.03461791 
493 260 7 9 0.034595788 
1006 261 10 13 0.034154803 
168 390 7 10 0.034145888 
950 293 13 18 0.0340684 
118 395 9 10 0.034052845 
190 447 11 16 0.03402511 
351 263 7 10 0.033618517 
735 229 10 14 0.033601224 
502 310 8 10 0.03343893 
752 218 10 14 0.033416543 
54 405 9 10 0.033386894 
226 398 7 9 0.03335227 
175 389 8 10 0.033261474 
591 217 9 11 0.0330466 
671 255 11 13 0.03218927 
466 358 8 10 0.032152817 
780 345 15 18 0.032088578 
322 333 8 9 0.031813316 
987 327 15 20 0.031737123 
464 319 8 9 0.03166011 
272 397 8 11 0.031473733 
735 312 15 19 0.031410422 
583 237 9 11 0.031084953 
448 289 6 8 0.031044532 
560 357 9 12 0.030909738 
254 344 8 9 0.030884417 
198 359 7 9 0.030509727 
214 382 7 9 0.030472038 
65 439 8 11 0.030220525 
50 405 7 10 0.030107632 
423 297 7 7 0.030010149 
222 422 9 10 0.029866701 
834 374 15 19 0.029784072 
1007 288 12 18 0.029672153 
306 467 13 16 0.029534012 
597 416 14 22 0.029370872 
958 224 11 14 0.029354917 
171 436 11 13 0.0292778 
244 458 13 19 0.028777136 
772 239 10 13 0.028773962 
249 374 7 10 0.028750796 
960 150 12 15 0.028744489 
154 392 8 9 0.02871875 
296 373 7 10 0.028716546 
495 281 7 9 0.028425982 
71 443 10 12 0.028301222 
675 265 12 14 0.028280104 
274 373 8 10 0.028241014 
1015 222 9 14 0.028160645 
738 213 8 11 0.02814833 
1013 200 11 16 0.028136933 
453 352 9 11 0.028099664 
656 270 10 11 0.027955124 
327 329 7 9 0.027851123 
64 399 8 10 0.027732598 
538 480 20 27 0.027628683 
172 430 9 12 0.027527781 
750 185 8 10 0.027522415 
998 197 11 15 0.02747493 
681 220 9 13 0.027412763 
522 294 7 10 0.027106235 
170 421 9 11 0.026969142 
192 434 11 14 0.026951853 
310 449 15 21 0.02691369 
297 381 8 10 0.026830558 
456 304 6 8 0.026712667 
136 384 7 9 0.026621673 
969 266 14 17 0.026604356 
192 397 8 9 0.0263058 
299 334 7 9 0.026261624 
229 377 7 8 0.026108796 
498 302 8 10 0.026056571 
185 361 7 8 0.025886308 
517 255 8 8 0.025809824 
253 412 10 13 0.025748737 
822 220 12 17 0.02573819 
140 477 12 17 0.025635391 
848 197 12 14 0.025538951 
167 369 7 9 0.025529606 
971 271 17 21 0.02550566 
379 347 9 11 0.025489394 
319 373 8 11 0.02534687 
358 379 9 12 0.025345435 
638 330 11 15 0.025285473 
914 230 12 15 0.025242459 
31 406 7 10 0.02520123 
202 381 7 9 0.025141766 
933 122 14 18 0.025090335 
233 409 8 10 0.024719764 
850 436 15 21 0.024702491 
271 351 6 9 0.024582472 
137 374 7 8 0.024297232 
178 374 8 9 0.024276543 
70 411 9 12 0.024172077 
400 338 7 9 0.024107857 
1016 213 9 14 0.024016151 
199 397 8 9 0.024011133 
239 413 8 11 0.023918265 
454 294 6 8 0.023908984 
367 319 7 8 0.023852242 
136 398 8 10 0.023808548 
663 244 10 11 0.023793591 
910 242 13 18 0.023659235 
488 372 9 12 0.023652732 
773 443 16 16 0.0235766 
561 302 7 10 0.02347482 
543 272 8 10 0.023445724 
1012 141 10 14 0.023431703 
215 352 7 9 0.023430133 
128 390 8 10 0.023406146 
600 221 11 13 0.023372022 
621 223 9 11 0.023162192 
65 413 8 10 0.023127077 
508 428 14 19 0.023122272 
393 336 7 9 0.022707786 
514 255 7 8 0.022703536 
327 351 8 9 0.022644956 
575 341 8 11 0.022615982 
8 424 8 9 0.022548629 
94 397 8 11 0.022473503 
241 392 8 10 0.022424271 
371 305 6 9 0.022348585 
320 360 7 9 0.021876778 
208 398 7 9 0.021864433 
661 238 10 12 0.021802995 
571 314 11 14 0.021719381 
758 228 12 14 0.02164045 
111 383 8 9 0.021549838 
725 299 14 18 0.021474374 
386 306 7 9 0.021463845 
708 284 11 13 0.02143144 
336 364 10 12 0.021389458 
465 326 7 9 0.02134977 
564 349 10 11 0.021341344 
317 454 14 20 0.021331167 
312 374 7 10 0.021206267 
241 366 7 10 0.02119575 
473 304 7 8 0.021072257 
459 408 11 13 0.020977631 
411 314 7 9 0.02097459 
472 311 8 9 0.02095914 
280 358 7 8 0.020946665 
575 231 9 10 0.020662662 
497 426 11 16 0.020654446 
855 273 12 15 0.020563649 
413 383 11 13 0.020522933 
948 324 15 21 0.02044396 
419 303 6 8 0.020425605 
494 409 13 17 0.02030756 
974 333 16 22 0.020301923 
450 304 7 8 0.020297997 
518 351 11 13 0.02029289 
246 429 11 15 0.02025436 
448 326 7 8 0.020234339 
224 416 8 10 0.020147305 
537 273 7 10 0.020136144 
745 286 11 14 0.020127216 
112 377 7 8 0.020110663 
478 375 9 12 0.020088308 
292 441 13 17 0.020063542 
959 354 17 24 0.020040778 
