35_Basketball_playingbasketball_35_65
21
1005 416 15 19 0.9870063 
906 354 18 22 0.9850406 
619 387 19 24 0.98495525 
852 413 15 20 0.9814565 
920 377 21 27 0.97383004 
450 344 26 31 0.9707893 
744 376 16 20 0.9619876 
230 426 21 39 0.94607514 
680 231 11 12 0.9399429 
968 404 20 26 0.93850803 
801 421 15 19 0.92660266 
527 309 21 32 0.4754422 
717 414 12 16 0.41376707 
513 305 26 33 0.25886142 
466 340 23 31 0.18469413 
499 304 27 32 0.15714613 
516 231 15 22 0.11392849 
970 461 27 35 0.0603324 
522 240 19 20 0.058227934 
849 270 7 10 0.032209452 
512 229 13 19 0.024095448 
