35_Basketball_playingbasketball_35_195
48
461 392 14 18 0.97784495 
970 388 15 18 0.9672856 
112 406 10 13 0.92504185 
504 386 11 14 0.9058928 
582 381 14 21 0.88012844 
738 398 9 11 0.85509276 
206 270 21 31 0.8474027 
1011 397 12 15 0.80899817 
303 403 11 12 0.7990403 
558 399 9 13 0.78760237 
773 404 8 11 0.69379306 
433 403 8 10 0.69278437 
537 402 11 13 0.59204996 
136 415 8 11 0.55498433 
711 400 8 9 0.53576267 
52 400 11 13 0.5297843 
782 388 10 12 0.49836114 
153 404 10 11 0.42814654 
287 433 8 11 0.4213815 
249 406 10 11 0.38361982 
361 400 8 10 0.27917403 
415 409 7 9 0.16022086 
666 393 8 10 0.14559384 
247 412 10 12 0.14138865 
367 419 8 12 0.13684377 
0 423 6 11 0.13573955 
679 407 8 9 0.11370462 
365 400 8 10 0.11211764 
345 397 8 10 0.09775499 
350 397 8 10 0.084966935 
944 421 10 11 0.07914673 
406 398 8 9 0.06886705 
711 404 8 10 0.067424916 
410 408 8 10 0.06163043 
563 398 11 14 0.05484884 
669 396 8 10 0.033439547 
391 431 8 10 0.032953277 
156 401 11 13 0.032330118 
653 485 7 9 0.031391334 
305 398 12 14 0.030957242 
334 399 8 10 0.028353114 
760 399 8 10 0.027617749 
40 430 10 11 0.02725805 
617 425 7 8 0.02703638 
786 389 10 13 0.026895968 
771 402 8 10 0.025641926 
436 404 8 10 0.025566591 
784 394 10 13 0.021786608 
