35_Basketball_basketballgame_ball_35_290
230
908 137 31 41 0.99859816 
472 177 35 48 0.99386674 
640 116 34 49 0.9918093 
411 255 42 52 0.99021006 
57 202 21 26 0.9450592 
143 328 11 14 0.9232549 
9 269 10 13 0.90490884 
33 268 9 10 0.8787222 
4 315 13 17 0.856023 
152 309 9 11 0.77206403 
138 303 9 12 0.69530356 
52 284 9 11 0.6931008 
5 225 8 9 0.5983474 
768 231 12 14 0.5721308 
34 233 8 11 0.514319 
162 251 8 11 0.41689116 
6 240 9 11 0.3129215 
263 261 7 8 0.2616115 
560 192 10 12 0.24137251 
159 277 8 10 0.23498188 
103 212 7 10 0.2025964 
365 241 7 9 0.19507326 
124 285 8 10 0.19087628 
122 279 8 12 0.1879957 
183 253 8 9 0.18532538 
14 208 9 10 0.17390808 
866 337 8 10 0.16871373 
160 145 7 9 0.16585529 
422 215 8 9 0.13833302 
461 321 11 14 0.13332699 
46 326 11 15 0.11549747 
25 207 8 10 0.10578561 
834 127 8 10 0.10393707 
145 264 8 10 0.10336568 
649 290 7 9 0.10045448 
885 333 7 9 0.10039973 
145 143 7 9 0.09573634 
102 142 7 8 0.09002881 
159 231 7 10 0.089720264 
111 153 7 9 0.086116396 
370 216 8 9 0.08385078 
182 236 7 9 0.08256081 
591 191 8 10 0.08080461 
9 182 8 9 0.07864816 
435 214 7 9 0.07738398 
208 165 6 8 0.0770826 
169 287 7 9 0.07649157 
639 293 7 9 0.07370747 
270 292 9 10 0.07162272 
200 254 8 9 0.0702577 
185 269 9 10 0.0701987 
67 315 10 13 0.06986687 
449 193 8 10 0.06883936 
1 238 8 11 0.06697602 
112 230 7 10 0.06604369 
549 192 14 17 0.0652163 
13 198 8 10 0.065053925 
641 316 9 10 0.065052986 
200 262 10 12 0.06438931 
168 182 7 8 0.061810516 
221 200 8 9 0.0608456 
823 330 7 8 0.059227735 
161 296 8 9 0.059000257 
118 135 6 9 0.058081005 
37 192 8 10 0.05648283 
10 256 8 10 0.05636529 
640 272 9 11 0.056127675 
30 176 7 9 0.055106737 
624 312 7 8 0.054966163 
218 288 8 11 0.053782437 
198 223 7 8 0.05185311 
623 329 7 10 0.051476665 
618 352 8 9 0.050250668 
828 206 9 10 0.04965754 
15 82 7 8 0.049336426 
61 236 9 11 0.04869797 
255 208 6 8 0.048198882 
352 239 7 9 0.047965154 
168 118 6 8 0.047734883 
32 183 7 9 0.046807095 
2 150 8 10 0.04620213 
90 198 7 9 0.04551948 
41 301 10 13 0.045139156 
847 335 7 8 0.045115795 
144 255 8 10 0.044413928 
448 197 7 10 0.044277582 
402 207 7 10 0.043752756 
225 255 6 8 0.04373964 
362 222 6 9 0.042566657 
697 188 39 39 0.04179796 
633 289 7 9 0.041497648 
40 158 7 8 0.0414029 
182 161 7 7 0.041276306 
578 332 9 11 0.041015126 
107 183 7 10 0.040771294 
400 364 24 29 0.040732153 
173 264 9 10 0.040257815 
203 240 6 8 0.040081937 
150 241 8 10 0.04002348 
223 161 6 7 0.039959792 
288 239 7 8 0.039829254 
890 455 9 10 0.038797524 
895 446 9 11 0.038409267 
215 238 7 9 0.038272325 
54 157 8 9 0.03809844 
564 195 8 13 0.037967447 
597 208 7 9 0.037947237 
406 208 7 9 0.03759073 
345 217 7 8 0.037374895 
368 221 7 9 0.036900356 
617 318 7 9 0.03635129 
609 233 7 9 0.03624638 
112 157 7 9 0.03610864 
129 208 8 9 0.03566905 
258 261 8 9 0.03456266 
112 224 7 9 0.034125704 
143 268 8 9 0.034096766 
597 215 7 9 0.033985663 
437 208 8 10 0.033976488 
128 296 8 10 0.03377658 
160 287 7 9 0.03250637 
24 199 8 9 0.0323677 
584 233 7 9 0.0318461 
551 238 10 13 0.031794228 
624 317 6 9 0.03172925 
207 238 7 9 0.0315624 
112 237 11 14 0.031367227 
320 214 6 8 0.031133229 
217 256 6 9 0.031022381 
347 221 6 9 0.030939827 
362 244 7 9 0.030711083 
441 199 8 9 0.03021122 
98 142 7 9 0.030041147 
866 198 7 9 0.029732583 
398 190 7 9 0.029540135 
853 128 10 11 0.029286778 
409 229 8 10 0.02908316 
877 461 10 11 0.029028237 
11 206 8 11 0.028737374 
162 350 10 14 0.0284498 
39 223 8 10 0.028313039 
201 277 9 12 0.028222974 
375 222 7 9 0.028112715 
225 248 7 9 0.02809631 
473 163 12 14 0.027955411 
384 223 7 8 0.027921816 
450 214 7 9 0.027720284 
418 215 8 9 0.02771651 
137 151 7 9 0.02726429 
160 318 9 13 0.027205212 
42 17 15 21 0.027075922 
320 198 7 8 0.026984368 
52 325 11 15 0.026976727 
154 62 8 10 0.026941115 
63 187 9 11 0.026699172 
607 312 6 8 0.026625497 
303 198 7 8 0.026600713 
541 186 23 30 0.026598565 
250 209 7 8 0.026547624 
618 332 8 10 0.026378911 
113 200 7 9 0.026155401 
17 192 8 9 0.026128978 
593 303 7 10 0.026051981 
592 197 7 10 0.025857875 
831 333 7 9 0.025758058 
26 309 8 12 0.02574948 
23 153 7 9 0.025428914 
221 292 8 9 0.025352718 
161 302 8 10 0.02515165 
155 277 8 10 0.02513462 
544 189 13 16 0.025094653 
391 201 6 8 0.025087757 
122 224 7 9 0.024667991 
608 327 7 9 0.02450352 
1 166 7 10 0.024464345 
584 238 7 9 0.0244221 
208 135 7 8 0.024392936 
195 223 7 9 0.024392 
82 111 6 8 0.024366716 
87 111 6 8 0.024336869 
182 168 7 8 0.02423579 
390 252 8 11 0.02410475 
174 280 8 9 0.02405065 
256 134 6 8 0.02367203 
865 118 8 10 0.023657773 
142 307 9 11 0.023626262 
568 240 7 9 0.023581391 
125 248 8 10 0.023576802 
352 217 6 8 0.023381358 
607 336 7 8 0.023031995 
193 182 6 8 0.022989085 
49 133 6 8 0.022935582 
608 319 7 8 0.02285531 
705 200 41 38 0.022790914 
144 150 7 9 0.022756832 
536 243 20 29 0.022740433 
841 343 8 10 0.02271329 
189 263 9 11 0.022571478 
552 187 20 25 0.022363909 
386 201 7 8 0.022326034 
599 302 8 10 0.02220944 
824 333 7 8 0.022179367 
599 328 7 9 0.022160377 
785 194 6 8 0.022042628 
121 214 7 9 0.022031797 
138 168 7 10 0.022002628 
29 253 10 10 0.02173114 
599 296 7 9 0.021699956 
127 300 9 12 0.021658039 
126 224 7 9 0.021557363 
178 253 8 10 0.021530606 
145 246 8 9 0.02150638 
56 134 7 8 0.021412827 
280 200 6 8 0.021366933 
136 254 8 10 0.02135538 
166 295 8 10 0.021346273 
199 266 10 14 0.021127751 
223 166 6 9 0.021009337 
150 254 7 10 0.020845005 
385 253 8 10 0.020722711 
855 198 7 9 0.02068346 
441 159 7 9 0.020512225 
1 229 8 11 0.020456567 
23 191 7 8 0.02040495 
24 214 8 9 0.02030165 
189 269 9 12 0.020280596 
121 274 8 10 0.020181524 
25 183 7 9 0.020112112 
467 316 12 15 0.020081036 
223 206 7 9 0.020026399 
