35_Basketball_Basketball_35_457
102
606 146 38 44 0.9946907 
940 321 12 14 0.6032251 
409 337 7 9 0.46122533 
377 329 8 10 0.33619085 
51 379 7 10 0.24454242 
248 390 7 9 0.23398559 
214 404 9 11 0.21578316 
886 361 7 9 0.20606343 
153 351 6 8 0.18088973 
41 351 7 10 0.16944614 
143 336 6 8 0.13828477 
214 359 6 8 0.12654875 
168 389 7 9 0.12645039 
50 246 7 8 0.12082655 
281 376 6 8 0.114915565 
408 341 8 10 0.110269725 
206 389 7 9 0.10276843 
1 333 6 9 0.10181325 
82 309 6 8 0.10092681 
11 357 7 9 0.09868826 
954 303 7 9 0.09243865 
0 351 6 10 0.091116056 
127 370 7 9 0.09009964 
23 245 7 9 0.08977216 
158 372 7 8 0.08812626 
128 304 6 7 0.07779355 
304 365 7 9 0.07382172 
1015 310 8 14 0.06755159 
172 405 9 11 0.064904645 
152 296 7 9 0.060995854 
81 348 7 8 0.060265984 
65 181 8 9 0.05720414 
20 275 14 15 0.05608934 
378 349 8 11 0.055476457 
883 361 7 9 0.05480632 
193 369 7 9 0.053425368 
137 296 6 8 0.051977944 
19 198 7 8 0.051598243 
2 198 7 10 0.049773254 
95 378 6 8 0.048916254 
358 325 9 11 0.048095845 
40 330 6 8 0.047528163 
87 360 6 8 0.04625986 
271 361 7 9 0.045796566 
880 342 6 9 0.044179685 
71 384 7 9 0.043356635 
66 276 8 10 0.04240686 
264 279 5 7 0.041910585 
112 229 7 9 0.041749697 
398 312 6 8 0.041296486 
82 256 6 9 0.037925035 
291 329 6 7 0.037713602 
40 255 7 9 0.03685449 
2 243 8 14 0.036672708 
177 298 6 8 0.036083084 
345 342 7 9 0.03604686 
89 287 7 9 0.034998614 
40 356 7 9 0.033866122 
7 152 9 11 0.033091433 
128 384 7 10 0.033083264 
993 328 8 9 0.03147729 
384 368 6 8 0.029312326 
378 367 7 9 0.02898793 
434 335 6 8 0.028045774 
113 349 7 9 0.02776953 
403 344 6 9 0.027765175 
15 393 9 9 0.02739756 
534 383 6 8 0.027227819 
360 321 7 8 0.026977072 
313 327 7 9 0.026807021 
1007 329 8 9 0.02679676 
321 341 7 9 0.026158359 
871 444 8 9 0.025706839 
512 361 6 9 0.025453188 
176 384 7 8 0.02512941 
38 192 7 8 0.024936995 
918 317 9 10 0.023944354 
182 305 7 8 0.023834327 
112 225 7 9 0.023788087 
201 414 7 10 0.0237791 
69 273 7 9 0.023572838 
121 303 7 8 0.023514483 
136 383 6 9 0.02348441 
42 345 7 9 0.023201132 
199 374 6 8 0.023073101 
393 326 7 9 0.022917332 
903 350 6 8 0.022558924 
1000 328 7 9 0.022452705 
367 341 8 10 0.022387644 
865 352 7 9 0.02211037 
961 290 6 7 0.02207799 
167 317 6 8 0.02187494 
113 365 7 10 0.021823151 
265 392 7 9 0.021709094 
106 311 6 9 0.02166498 
257 376 7 9 0.021623572 
401 326 6 8 0.021254454 
475 385 6 8 0.021218138 
336 311 7 9 0.02109883 
399 349 7 10 0.020384092 
88 280 6 8 0.020250142 
5 240 8 12 0.02010743 
