35_Basketball_playingbasketball_35_362
84
538 406 21 24 0.96907526 
889 426 14 19 0.9598481 
46 523 10 12 0.9464111 
17 523 10 14 0.9235751 
621 372 20 24 0.91068757 
97 528 10 12 0.796344 
71 526 10 13 0.79601634 
206 487 12 14 0.6454932 
707 467 10 13 0.6129302 
169 520 9 11 0.5941288 
152 495 8 10 0.38121533 
791 495 7 8 0.34296012 
141 524 9 13 0.31942227 
496 232 19 22 0.2659653 
481 389 16 17 0.26012912 
244 526 8 9 0.24997622 
135 489 8 10 0.22958295 
70 473 8 9 0.20117564 
114 525 9 12 0.19527927 
119 488 8 10 0.18166296 
97 487 7 9 0.16813612 
147 504 8 10 0.1535388 
23 495 9 11 0.14288376 
156 495 9 10 0.13076249 
1 484 8 14 0.118612595 
182 495 8 9 0.1178741 
263 526 8 10 0.0856513 
149 509 8 10 0.07738492 
1 479 8 12 0.07593989 
159 528 8 10 0.07580774 
185 503 8 9 0.07299963 
238 513 8 10 0.07113518 
153 478 7 9 0.07102413 
44 501 9 12 0.068426766 
49 464 7 8 0.06277684 
926 440 10 13 0.05282113 
959 502 9 11 0.0506397 
186 520 9 11 0.046448868 
633 470 13 14 0.045631733 
225 527 8 10 0.045007844 
53 486 8 10 0.044895574 
90 472 7 9 0.044847354 
31 493 8 11 0.04186875 
87 549 8 11 0.04105204 
0 507 8 12 0.040197115 
72 502 8 10 0.040007982 
103 488 8 10 0.039776243 
47 479 8 10 0.038960267 
280 518 7 9 0.037103515 
919 442 11 14 0.036981598 
310 541 7 9 0.0330342 
335 544 7 9 0.03013315 
117 470 10 11 0.029974101 
1010 470 9 11 0.029904202 
90 478 8 10 0.02979684 
25 449 8 9 0.0297581 
178 494 7 10 0.029113242 
375 528 7 9 0.0290249 
24 454 8 9 0.026844462 
78 479 7 9 0.026475076 
183 509 9 10 0.026279522 
175 541 8 11 0.026039343 
321 541 8 9 0.025682267 
200 485 10 12 0.025642933 
113 471 9 10 0.025511682 
192 484 8 11 0.025039706 
53 479 8 9 0.024577443 
0 472 7 10 0.02427919 
328 543 7 9 0.023300048 
129 445 9 11 0.023253424 
130 478 7 8 0.023079192 
40 507 9 12 0.022986358 
230 527 8 10 0.022930117 
101 493 9 10 0.022713408 
997 490 11 15 0.022643453 
129 493 7 10 0.02209138 
265 522 7 9 0.021944435 
158 501 9 10 0.021906743 
111 487 9 11 0.021228757 
39 494 8 10 0.021220211 
43 477 8 10 0.021219065 
234 493 9 11 0.020600433 
234 516 8 11 0.020410392 
502 534 8 10 0.02002569 
