18_Concerts_Concerts_18_127
25
357 229 58 81 0.9987149 
529 222 57 69 0.9986953 
172 163 48 67 0.99775094 
661 166 53 79 0.9971132 
149 271 70 93 0.99700254 
443 238 46 72 0.99660945 
270 228 57 97 0.9960537 
738 187 50 73 0.99430555 
802 188 42 61 0.99354774 
845 203 30 41 0.9934094 
50 177 33 51 0.9924501 
8 193 45 63 0.99167514 
244 129 36 54 0.98834383 
913 206 37 54 0.9837347 
302 180 44 53 0.9800454 
450 181 37 51 0.96603584 
952 195 36 53 0.96594644 
571 188 33 46 0.95844775 
402 181 29 42 0.1962904 
931 197 31 52 0.05856298 
754 159 43 55 0.05259716 
620 195 29 40 0.048094667 
761 185 47 73 0.030039186 
596 329 50 68 0.027583515 
832 206 30 43 0.023008011 
