18_Concerts_Concerts_18_920
64
824 574 10 13 0.98235816 
279 505 15 21 0.9687141 
617 605 11 14 0.92692703 
756 566 12 14 0.89129657 
904 563 10 14 0.88660175 
753 625 10 14 0.8855747 
852 557 11 13 0.87943476 
982 585 12 14 0.81075835 
769 623 10 13 0.71199834 
868 575 10 12 0.70710796 
909 518 9 12 0.65505695 
930 560 9 11 0.52382666 
620 567 8 10 0.51151466 
818 528 8 10 0.3486127 
791 550 7 10 0.3395149 
849 500 12 15 0.2506093 
949 524 8 10 0.20267428 
242 635 28 46 0.19899863 
1002 517 9 11 0.18328273 
901 485 9 11 0.1638872 
910 627 13 16 0.15965916 
765 537 8 10 0.15394545 
877 665 13 18 0.1412783 
237 619 24 50 0.124964274 
801 556 9 10 0.10023628 
153 566 8 11 0.08581963 
589 562 8 9 0.08120311 
664 565 8 10 0.07773548 
761 540 10 11 0.07513677 
830 556 9 12 0.07457162 
826 558 9 11 0.06911579 
895 613 10 13 0.065499775 
1004 513 9 10 0.065235905 
917 535 9 12 0.064148314 
245 651 34 41 0.057163734 
738 639 9 12 0.055966895 
924 611 10 12 0.05146402 
757 560 12 13 0.049545612 
901 606 11 14 0.048044425 
855 590 9 12 0.04095857 
765 638 10 12 0.039958965 
895 606 11 13 0.038137656 
740 604 9 11 0.036012974 
869 524 8 11 0.03356699 
921 568 8 11 0.03350278 
943 578 11 15 0.029480347 
754 597 10 12 0.02829278 
832 552 9 11 0.027306985 
683 653 14 15 0.027047133 
868 605 9 12 0.026583914 
862 560 9 11 0.026570233 
663 573 9 10 0.025888281 
979 582 10 15 0.025774172 
658 565 8 10 0.025208343 
574 569 7 9 0.024978898 
905 492 9 12 0.024398958 
836 550 9 11 0.024200184 
587 564 8 10 0.024085699 
893 620 11 14 0.023860808 
862 543 9 12 0.023806594 
854 553 10 12 0.02282848 
925 581 10 12 0.022366153 
111 599 8 13 0.021509148 
260 659 27 36 0.020004198 
