18_Concerts_Concerts_18_504
191
520 612 39 46 0.99506986 
337 629 39 50 0.9935801 
611 471 23 29 0.97097033 
125 389 13 18 0.9506066 
776 468 20 29 0.92376983 
187 385 14 19 0.8405524 
115 580 14 21 0.82413 
798 372 14 19 0.7635461 
807 334 8 11 0.5674189 
159 557 18 31 0.56373686 
742 332 9 13 0.5462136 
991 283 11 13 0.4681769 
687 395 12 19 0.33901674 
212 404 13 17 0.32543755 
745 652 29 31 0.30549553 
792 328 9 11 0.28704235 
87 405 8 11 0.28370506 
286 411 11 17 0.2784998 
453 412 10 12 0.26561707 
151 410 10 12 0.2340381 
594 462 20 27 0.22095582 
1 416 8 12 0.21958064 
172 376 10 12 0.211636 
487 409 8 10 0.20785764 
38 576 14 26 0.20365618 
676 369 12 16 0.20303443 
974 292 8 10 0.18418981 
592 384 11 13 0.17254356 
38 407 9 11 0.16687702 
252 382 9 14 0.16492526 
326 372 9 11 0.16462784 
724 354 12 15 0.15703078 
879 286 10 12 0.14173055 
511 399 8 10 0.14166808 
219 397 14 17 0.14038518 
561 664 24 23 0.12978096 
940 278 10 12 0.12875424 
286 394 10 14 0.11452907 
628 383 10 13 0.11142612 
866 293 9 13 0.11136411 
134 361 8 10 0.10696927 
822 328 8 10 0.10284484 
849 312 9 12 0.10020898 
482 412 8 10 0.09988838 
970 271 8 11 0.09423081 
324 351 8 9 0.09061486 
723 316 11 15 0.087119006 
721 311 9 12 0.08429318 
470 393 8 10 0.08337275 
584 437 8 11 0.08235929 
893 280 8 10 0.08207233 
677 552 15 21 0.08134338 
653 364 10 12 0.07920223 
757 342 9 12 0.0787395 
150 368 8 11 0.076187335 
417 383 8 10 0.07297614 
142 411 9 11 0.07248156 
334 419 11 13 0.07051069 
506 536 17 27 0.069538504 
612 383 9 12 0.06853016 
158 353 7 10 0.06779817 
280 408 11 18 0.06752471 
776 393 12 14 0.06730332 
901 350 10 12 0.0655192 
34 406 9 11 0.065476045 
626 539 21 26 0.06415551 
199 368 8 10 0.06211798 
843 284 11 13 0.0620836 
290 418 14 17 0.061533317 
969 289 8 10 0.060705904 
332 431 10 11 0.059609734 
641 349 8 11 0.05916004 
303 351 7 9 0.05879881 
880 307 13 17 0.058353562 
526 388 9 11 0.057716485 
489 424 9 11 0.05735008 
606 471 16 22 0.054830007 
733 309 8 11 0.054359805 
636 399 11 15 0.05314262 
160 546 24 29 0.052852128 
662 460 15 20 0.051879864 
853 312 10 13 0.05126479 
726 310 10 13 0.05093041 
231 387 12 19 0.05007221 
838 398 13 15 0.048844375 
34 359 7 9 0.047145404 
184 352 8 11 0.046756804 
352 357 7 9 0.046545263 
854 341 9 11 0.046066765 
456 359 8 10 0.045962304 
337 390 7 9 0.045610763 
799 332 9 12 0.04556715 
863 324 9 13 0.045451283 
492 407 8 11 0.044559013 
684 350 10 12 0.044429727 
137 412 9 11 0.043681 
270 380 9 12 0.04367893 
821 355 9 12 0.043039475 
464 364 8 11 0.040812574 
797 344 10 11 0.04057745 
840 358 11 12 0.040236726 
936 309 10 12 0.039479155 
667 492 17 24 0.039392542 
196 658 34 25 0.039254077 
43 572 13 23 0.038943615 
285 424 10 15 0.038766284 
402 390 10 12 0.038209453 
818 351 10 12 0.038043693 
264 388 11 14 0.037892357 
366 360 7 8 0.036736228 
557 451 12 15 0.03625734 
988 327 11 13 0.03609487 
813 397 10 12 0.03594776 
570 368 8 10 0.035146747 
584 359 8 10 0.035119228 
271 376 9 11 0.03482369 
777 326 8 10 0.033961095 
2 390 7 10 0.033858944 
660 316 9 11 0.033624683 
872 348 11 15 0.03295701 
183 390 13 17 0.03255068 
489 397 8 10 0.032434173 
282 365 10 12 0.0317825 
145 368 8 10 0.031759188 
305 390 9 12 0.03155143 
84 389 9 11 0.031341016 
681 558 20 21 0.031102782 
913 279 7 9 0.03100929 
833 337 8 10 0.030045636 
984 286 10 12 0.029964142 
268 390 12 15 0.029955773 
793 321 8 9 0.02974037 
396 428 9 13 0.029196424 
747 304 7 9 0.028926445 
320 579 31 36 0.028794877 
903 270 7 9 0.028441012 
167 337 8 9 0.028233595 
519 374 7 10 0.02815782 
535 327 7 10 0.02807419 
424 399 9 12 0.02778372 
430 430 8 10 0.027671995 
591 358 9 10 0.027668184 
153 382 7 9 0.027648898 
70 477 8 10 0.027636291 
984 311 11 14 0.027360482 
533 392 10 11 0.027176902 
783 325 8 11 0.02717428 
840 334 9 10 0.027016832 
131 360 7 10 0.026682818 
198 404 12 16 0.026663221 
861 319 10 13 0.026383264 
857 303 8 12 0.026280155 
637 390 10 12 0.025936255 
46 407 8 10 0.025773296 
621 545 17 23 0.02562101 
839 351 10 11 0.025434475 
245 383 14 19 0.025263434 
679 312 7 10 0.025147779 
680 396 14 18 0.024487041 
751 309 8 11 0.024330223 
688 367 10 14 0.023896135 
489 376 7 9 0.023728425 
801 366 14 17 0.023486344 
610 387 9 12 0.023288822 
493 397 8 10 0.023235073 
78 415 9 11 0.023095729 
361 383 9 9 0.023012388 
55 382 8 8 0.022494549 
194 366 8 11 0.022444215 
64 408 8 9 0.022374917 
224 373 7 10 0.022371726 
49 383 7 8 0.022184227 
791 348 11 14 0.02206104 
813 371 12 16 0.02191983 
708 405 12 17 0.021822713 
960 286 7 11 0.021672806 
247 365 8 10 0.021644564 
489 393 8 10 0.021008302 
464 351 8 10 0.020962168 
704 294 8 11 0.020840734 
617 439 23 30 0.020767335 
192 403 12 15 0.020547263 
295 342 7 8 0.020542894 
796 357 13 15 0.020394191 
942 272 11 12 0.02027402 
677 317 8 10 0.02022817 
249 375 9 11 0.020185344 
146 373 7 10 0.020153271 
282 396 10 16 0.020135306 
193 341 7 8 0.020128863 
692 392 12 16 0.020100547 
