14_Traffic_Traffic_14_840
244
704 276 30 35 0.99838436 
608 288 30 33 0.9977502 
808 283 28 33 0.9974765 
921 271 34 35 0.9970151 
491 276 32 36 0.99697006 
92 256 28 32 0.9967722 
144 279 32 36 0.9964349 
52 254 31 34 0.9959138 
20 284 34 39 0.9955733 
278 276 32 35 0.9937494 
187 265 28 33 0.9935781 
382 294 30 35 0.9925039 
773 266 26 32 0.9896438 
214 254 22 30 0.9829805 
628 241 25 27 0.9828469 
316 254 24 28 0.98020685 
577 260 30 34 0.9706505 
669 264 25 29 0.96711093 
958 257 28 33 0.96526486 
709 239 24 25 0.9651991 
134 241 25 28 0.96213526 
52 200 14 18 0.9598076 
517 210 14 17 0.95541865 
609 240 18 20 0.95029527 
27 210 15 18 0.94748944 
575 205 14 16 0.9461799 
627 209 15 17 0.9365143 
0 196 13 19 0.93579996 
496 187 10 13 0.91999 
935 166 14 19 0.9077625 
633 190 12 15 0.9060006 
749 258 22 26 0.8948408 
890 171 14 20 0.8927842 
755 147 13 15 0.88997376 
793 215 16 18 0.8888665 
742 224 20 20 0.881077 
862 264 26 29 0.879062 
599 226 16 18 0.84806657 
660 238 24 26 0.8459177 
387 265 31 31 0.84524244 
470 243 23 26 0.83604884 
134 195 14 16 0.8120749 
614 198 12 15 0.8005877 
609 157 9 11 0.77407783 
977 187 9 12 0.7676082 
531 222 19 21 0.758554 
262 236 26 27 0.7578664 
558 236 23 27 0.7427082 
192 182 10 14 0.72767943 
862 195 11 14 0.72009915 
539 152 8 10 0.6934849 
667 188 12 14 0.6911333 
266 198 15 17 0.64277416 
708 213 15 17 0.63845897 
227 203 13 18 0.6269054 
28 187 11 13 0.58006686 
286 211 16 17 0.57771456 
694 195 12 14 0.55492395 
323 201 12 15 0.55459976 
883 237 21 25 0.5393374 
837 195 12 14 0.5148258 
409 188 9 11 0.511081 
416 231 17 20 0.50291705 
649 218 16 18 0.4963114 
465 219 16 17 0.49118206 
675 217 19 20 0.48969403 
524 155 10 12 0.47327137 
340 232 21 25 0.45456177 
613 175 10 12 0.44327092 
876 198 12 15 0.44076037 
103 168 15 18 0.4242949 
734 174 13 18 0.42113307 
534 188 12 13 0.4040877 
838 257 22 28 0.38553867 
597 155 9 11 0.38144946 
494 221 15 17 0.34851354 
630 152 8 10 0.34237412 
619 239 22 26 0.32915375 
346 149 8 10 0.31497732 
307 202 12 14 0.30006444 
815 184 11 13 0.28170252 
52 157 9 11 0.2798285 
357 205 11 14 0.26627716 
543 202 12 15 0.25509626 
587 194 12 15 0.25138715 
382 276 31 37 0.2482637 
603 233 20 23 0.24743336 
861 233 15 18 0.24232946 
165 248 16 19 0.24101546 
563 184 10 12 0.23614614 
1014 220 10 19 0.23496404 
899 173 13 17 0.22760601 
599 172 9 11 0.21618022 
389 238 22 24 0.2144421 
978 212 13 15 0.20424813 
365 206 12 15 0.19771114 
501 156 9 11 0.1927834 
456 191 9 11 0.19041689 
393 213 11 14 0.18337326 
720 197 12 14 0.17912246 
422 145 9 10 0.17786515 
916 205 16 21 0.16919959 
571 150 7 10 0.16865039 
590 203 11 15 0.16694345 
534 174 11 12 0.15695393 
801 182 11 14 0.1492858 
723 204 15 19 0.14714336 
433 158 9 11 0.14558856 
714 211 17 19 0.13868608 
702 217 17 18 0.1291584 
417 145 8 10 0.12767349 
469 153 8 11 0.118927576 
771 236 22 24 0.11479101 
370 209 14 17 0.108994566 
836 201 14 17 0.10843147 
349 208 16 16 0.10744235 
455 150 8 10 0.1064699 
526 276 15 22 0.09674081 
442 335 24 30 0.09496692 
668 224 24 26 0.09393591 
498 153 8 11 0.09368189 
217 158 10 12 0.09273519 
36 195 13 14 0.09013992 
463 204 15 16 0.08894038 
609 175 10 11 0.08797314 
223 197 14 18 0.084363006 
594 153 9 10 0.08145715 
421 158 9 11 0.08063972 
8 281 26 34 0.07877786 
572 163 11 14 0.077665076 
503 164 9 13 0.07727557 
1005 206 12 14 0.074078895 
432 208 10 12 0.074032865 
621 205 15 17 0.07391787 
310 244 24 28 0.07359532 
310 237 15 17 0.07341035 
378 196 14 17 0.07139739 
616 192 11 13 0.07103372 
902 255 16 21 0.06849097 
998 199 9 11 0.06661929 
983 236 14 15 0.0660709 
803 186 14 16 0.065288655 
805 196 14 16 0.06457551 
327 176 9 12 0.06334987 
882 211 12 15 0.06213979 
466 156 9 10 0.059099086 
989 272 23 25 0.05908633 
532 194 13 14 0.058716424 
651 203 15 15 0.05660157 
653 226 25 25 0.054551866 
197 228 16 18 0.05335986 
371 246 15 19 0.05249375 
936 203 11 14 0.05235904 
832 188 13 15 0.049675073 
564 264 18 23 0.048069745 
845 205 12 16 0.047777668 
311 186 12 13 0.04769297 
581 196 14 17 0.047684394 
837 209 14 16 0.04748037 
852 210 11 14 0.046637848 
773 184 12 16 0.04635636 
908 172 10 14 0.044835486 
510 182 10 13 0.04473822 
215 209 15 18 0.04391198 
263 259 23 30 0.042686295 
255 241 17 20 0.042314306 
55 223 14 16 0.041196413 
435 210 12 14 0.04086485 
546 197 12 14 0.040656466 
408 145 8 9 0.03926096 
317 183 10 12 0.038648862 
537 212 17 20 0.03795821 
845 250 22 27 0.03764025 
450 251 18 22 0.036939654 
834 266 19 26 0.03601189 
655 241 18 20 0.035956223 
3 286 16 25 0.034980558 
994 279 23 26 0.034175187 
122 221 15 17 0.033963908 
48 198 13 17 0.03390279 
575 145 7 9 0.03384635 
497 234 17 18 0.03275093 
662 150 8 10 0.032725584 
705 222 23 24 0.03269138 
247 196 12 15 0.032472447 
982 229 14 15 0.032336064 
607 165 10 11 0.031447902 
529 189 12 14 0.030998668 
1013 231 11 24 0.03072862 
549 190 10 13 0.03069696 
13 196 11 15 0.0305829 
463 247 20 27 0.030511398 
178 254 28 35 0.030272294 
201 231 18 20 0.030113522 
999 203 12 13 0.029965963 
854 240 17 20 0.029725526 
266 273 25 33 0.029425943 
918 166 10 14 0.029280633 
609 201 13 15 0.029245686 
516 226 15 18 0.028979579 
29 192 15 16 0.028107675 
560 151 8 10 0.027952274 
429 144 8 10 0.027871864 
376 189 12 14 0.027492166 
539 189 11 13 0.02714197 
505 347 30 41 0.02669144 
658 188 13 14 0.026631398 
424 206 11 13 0.025825033 
985 242 14 16 0.025800249 
621 189 11 13 0.025570003 
432 150 7 10 0.0255668 
346 239 22 25 0.025540624 
1003 199 12 12 0.025292244 
821 187 10 13 0.025232222 
839 219 13 14 0.024891429 
474 251 23 30 0.024735294 
528 196 11 13 0.024704868 
460 197 13 15 0.024336966 
573 191 11 11 0.024331167 
572 263 20 24 0.024265101 
568 158 10 13 0.024172278 
584 184 10 12 0.02414667 
526 163 10 13 0.024005957 
534 202 14 16 0.023911212 
263 246 27 32 0.023561789 
661 193 15 15 0.023521753 
675 205 15 15 0.023322674 
43 230 14 17 0.023244869 
670 203 13 14 0.023100387 
661 202 12 14 0.02276445 
994 197 8 11 0.022512473 
798 194 16 16 0.02249322 
396 208 10 13 0.0223348 
400 150 7 9 0.022264527 
722 213 18 20 0.022003062 
850 263 25 31 0.021346536 
561 245 24 30 0.02124386 
696 218 13 16 0.020995345 
440 180 9 13 0.0208114 
219 202 18 23 0.02059878 
1004 289 16 19 0.02052397 
454 157 9 10 0.020383777 
318 208 13 16 0.02032944 
752 212 247 322 0.020307748 
