44_Aerobics_Aerobics_44_127
19
785 252 37 54 0.98699147 
715 238 26 40 0.937267 
93 270 31 48 0.6184501 
199 285 18 30 0.32776967 
614 288 20 30 0.26667523 
247 298 13 16 0.22306593 
319 312 9 12 0.21533854 
292 312 13 18 0.17579359 
533 313 10 15 0.085424766 
663 256 29 41 0.04123849 
323 312 10 12 0.037816513 
209 290 14 20 0.0349596 
941 359 10 12 0.031319756 
618 294 24 32 0.029794246 
298 315 13 16 0.029321993 
540 306 12 17 0.02598083 
241 299 11 15 0.024930863 
703 241 28 41 0.020910745 
671 383 24 30 0.020684432 
