44_Aerobics_Aerobics_44_216
20
729 66 20 33 0.95357287 
793 80 17 19 0.88102305 
576 133 21 34 0.7851763 
838 18 17 21 0.7587604 
677 131 16 22 0.74769795 
325 340 12 13 0.7347607 
335 245 23 43 0.7048742 
79 472 14 16 0.56260693 
123 482 11 13 0.25237188 
155 382 16 31 0.2180583 
235 390 14 17 0.16898075 
571 171 15 21 0.1537339 
224 412 13 15 0.124948055 
100 502 9 12 0.12304365 
314 364 11 14 0.10892974 
512 242 11 16 0.04623317 
638 93 28 35 0.034919642 
580 143 29 30 0.028418424 
734 77 23 32 0.026045065 
764 60 12 16 0.021870691 
