44_Aerobics_Aerobics_44_194
31
462 139 11 14 0.9564096 
641 100 12 15 0.6424571 
7 480 41 33 0.49228203 
844 194 15 18 0.33146894 
673 82 15 16 0.26936913 
694 92 11 13 0.2217916 
422 152 10 12 0.12863234 
870 190 25 23 0.123564914 
368 138 13 16 0.10999681 
397 159 11 13 0.09519634 
703 76 13 14 0.08010671 
943 143 10 13 0.071346946 
369 162 11 14 0.06482664 
374 111 8 10 0.06039084 
730 84 13 15 0.055366784 
840 190 13 18 0.046248153 
672 160 9 10 0.04143874 
791 177 14 16 0.040452782 
369 109 8 10 0.035777003 
650 219 12 15 0.035633545 
838 197 15 19 0.034433566 
415 154 9 13 0.03069309 
382 133 11 14 0.03065121 
420 132 10 14 0.029712534 
406 157 10 13 0.028987968 
385 105 8 9 0.027277146 
371 144 13 16 0.023419922 
380 138 12 16 0.023067987 
370 119 8 11 0.02253242 
374 117 9 11 0.02115947 
752 213 9 10 0.020750057 
