29_Students_Schoolkids_Students_Schoolkids_29_432
21
589 0 76 60 0.99530643 
891 155 95 108 0.99411845 
793 454 58 94 0.6629025 
175 481 15 18 0.17682686 
148 481 14 20 0.06693886 
68 518 12 15 0.06521821 
204 481 15 19 0.043271285 
200 467 11 13 0.039482012 
43 547 15 19 0.038923144 
144 488 13 16 0.032699868 
134 414 11 13 0.03198027 
417 308 9 14 0.030751694 
438 311 10 12 0.02949721 
507 2 41 34 0.025941363 
139 415 12 14 0.023700925 
176 429 9 12 0.022819972 
187 484 12 16 0.022785366 
53 429 14 16 0.022419618 
2 381 9 14 0.021572512 
253 445 9 12 0.021119464 
432 311 11 13 0.020144792 
