29_Students_Schoolkids_Students_Schoolkids_29_221
37
262 228 28 41 0.9972007 
228 219 36 61 0.9955813 
523 192 14 20 0.97170264 
382 218 23 49 0.94226897 
734 190 9 12 0.9210253 
291 234 16 28 0.8897287 
442 268 25 53 0.8591764 
768 192 7 9 0.71634877 
714 193 9 11 0.67534095 
159 239 15 20 0.5799587 
814 214 7 9 0.46256462 
568 194 8 10 0.39237094 
759 217 8 10 0.38508078 
494 202 7 9 0.38377202 
783 183 7 8 0.113579564 
754 192 7 9 0.06417743 
573 196 8 10 0.06251017 
561 199 7 9 0.06125902 
31 291 13 16 0.055761777 
761 191 7 9 0.04373284 
801 166 7 8 0.04292208 
29 284 14 16 0.037688036 
244 216 29 52 0.0356302 
542 193 7 9 0.034359448 
737 216 7 9 0.028888231 
786 191 7 9 0.02690074 
779 183 6 8 0.026444687 
542 197 8 11 0.026207432 
792 218 7 8 0.025756668 
0 285 8 13 0.02413501 
502 208 8 10 0.023892766 
559 205 7 9 0.02355518 
529 195 12 17 0.023256732 
169 240 14 19 0.022062078 
833 176 7 7 0.021116303 
783 207 6 8 0.020754144 
791 198 6 9 0.020059083 
