29_Students_Schoolkids_Students_Schoolkids_29_624
36
145 147 47 60 0.99876356 
759 261 10 12 0.8264055 
559 284 17 23 0.8123368 
342 247 7 9 0.64495635 
737 245 7 10 0.5727703 
1007 261 13 16 0.3738253 
798 253 7 8 0.3697077 
285 255 6 8 0.28402063 
252 253 7 8 0.24621682 
405 251 7 9 0.22545506 
206 264 6 9 0.1440219 
671 242 7 9 0.11322958 
695 251 9 12 0.10866425 
966 246 10 15 0.10475007 
962 248 9 12 0.0858802 
686 262 7 11 0.083510086 
1005 254 13 17 0.07649815 
741 245 8 11 0.07214137 
226 295 8 10 0.07046265 
688 253 8 11 0.06425909 
39 270 9 9 0.042024236 
238 278 7 10 0.039846893 
817 248 6 9 0.037463345 
508 276 9 12 0.036868963 
809 249 8 9 0.036323063 
281 261 7 10 0.03607791 
101 263 7 9 0.0340028 
495 247 7 9 0.03280744 
58 259 9 12 0.030367773 
190 277 8 9 0.029577026 
278 297 8 10 0.026215464 
971 246 12 14 0.024132239 
510 261 9 11 0.023066927 
823 240 8 10 0.022028826 
720 248 8 10 0.02169762 
234 279 8 9 0.020082342 
