29_Students_Schoolkids_Students_Schoolkids_29_66
27
398 105 34 44 0.99577713 
449 168 35 46 0.99296993 
646 126 35 47 0.9927927 
191 89 29 45 0.9918331 
321 106 37 51 0.99129677 
15 140 23 42 0.9854968 
322 193 30 49 0.9746106 
475 128 27 42 0.94873065 
113 126 23 46 0.9259862 
284 111 24 43 0.9143575 
704 202 22 41 0.9027998 
817 174 23 37 0.89692926 
172 144 21 44 0.72811097 
0 164 17 46 0.6448293 
908 170 22 39 0.56570745 
780 143 17 32 0.3760892 
5 156 20 42 0.093016565 
535 88 18 33 0.08974714 
103 107 28 52 0.073296346 
920 170 21 35 0.066817425 
903 172 15 30 0.04583854 
628 476 11 12 0.03385853 
390 230 27 34 0.033437308 
240 122 19 22 0.0301577 
424 117 22 34 0.029693903 
821 183 32 35 0.028963687 
584 444 26 48 0.020845288 
