29_Students_Schoolkids_Students_Schoolkids_29_358
54
545 380 18 22 0.98386997 
711 370 22 28 0.9827207 
573 390 17 22 0.9789812 
269 362 17 22 0.977621 
489 381 17 22 0.97747314 
432 399 18 23 0.97667354 
624 376 20 25 0.97294044 
844 409 20 26 0.9644836 
768 390 21 26 0.94949394 
672 389 18 22 0.9429829 
498 422 18 22 0.9396195 
362 423 16 20 0.9343692 
941 422 22 25 0.927892 
339 443 18 21 0.9159415 
249 434 15 19 0.90168285 
885 398 20 25 0.78060377 
798 402 21 27 0.7521038 
310 439 15 18 0.6923004 
472 434 17 19 0.55758804 
738 424 17 23 0.54963696 
283 436 17 21 0.30090824 
534 403 17 19 0.094775595 
400 410 17 18 0.09451273 
699 367 21 27 0.09320692 
453 416 16 20 0.08844959 
326 449 13 16 0.071362175 
433 425 17 20 0.06712785 
414 420 17 20 0.06454299 
369 404 18 18 0.045064464 
894 392 21 29 0.042435426 
809 395 14 19 0.04229524 
570 370 16 18 0.041299213 
266 440 14 18 0.040974446 
866 398 19 23 0.04072975 
773 382 17 20 0.040116232 
807 407 17 22 0.03859304 
343 388 21 26 0.038519375 
257 435 15 19 0.033988938 
340 431 15 17 0.03381004 
788 394 21 28 0.03191513 
368 420 17 19 0.031588558 
194 346 17 19 0.029611357 
364 346 22 26 0.027313849 
402 417 16 19 0.026546651 
824 398 19 24 0.025103869 
566 375 14 19 0.024832077 
335 437 16 18 0.02286485 
390 421 12 17 0.022556456 
458 423 15 18 0.02235479 
580 366 12 14 0.021876939 
876 399 18 22 0.021854082 
428 421 16 20 0.021841755 
693 372 17 22 0.021603696 
364 409 19 21 0.021452699 
