29_Students_Schoolkids_Students_Schoolkids_29_316
25
633 178 111 144 0.9999529 
939 1 65 72 0.9999064 
164 155 106 126 0.9998733 
96 3 58 62 0.9995346 
708 -2 60 55 0.9994011 
291 124 76 97 0.9992293 
760 2 52 57 0.9992199 
158 21 49 60 0.9991561 
257 16 70 82 0.9990803 
502 -5 68 61 0.9990707 
407 0 46 50 0.99905485 
28 136 74 85 0.9990115 
559 1 49 60 0.99898916 
885 101 83 94 0.9984895 
552 107 85 107 0.9981515 
830 8 80 91 0.99803954 
327 22 55 64 0.9975426 
654 1 33 40 0.99456596 
204 23 43 53 0.9927651 
0 60 57 81 0.9901248 
64 1 35 35 0.98944956 
484 16 36 50 0.9141754 
371 13 31 49 0.8192577 
300 28 65 68 0.024763307 
695 0 32 34 0.024160342 
