29_Students_Schoolkids_Students_Schoolkids_29_21
41
739 194 129 178 0.999913 
459 154 107 134 0.99991095 
616 56 48 69 0.99942446 
314 91 57 77 0.9993717 
207 106 54 68 0.99934274 
150 81 52 65 0.99934083 
947 62 54 66 0.9991805 
451 58 46 58 0.99896026 
72 136 74 92 0.9967745 
767 60 51 66 0.9966725 
11 72 27 35 0.9959376 
730 37 33 45 0.995871 
580 16 27 32 0.995849 
806 20 29 36 0.9950718 
877 12 39 49 0.99503493 
113 55 40 50 0.9937436 
579 54 34 46 0.9933624 
72 61 39 51 0.99198544 
993 33 28 37 0.9892743 
404 50 25 33 0.9888269 
466 23 27 32 0.9855503 
436 34 31 42 0.98016524 
662 30 29 36 0.9790525 
926 36 39 51 0.9718086 
500 88 61 75 0.9256637 
358 76 35 45 0.89665794 
502 46 36 44 0.8771677 
737 18 27 35 0.35385576 
433 49 27 39 0.21643747 
444 55 33 47 0.11413516 
500 61 44 55 0.096661314 
386 78 23 35 0.094415985 
515 105 67 77 0.044458527 
0 103 16 34 0.04383914 
483 105 85 109 0.043293808 
479 51 41 54 0.038292076 
450 30 37 50 0.027952606 
362 95 29 44 0.027108317 
156 53 20 25 0.026602548 
436 67 26 37 0.022611484 
169 95 54 67 0.02160193 
