29_Students_Schoolkids_Students_Schoolkids_29_10
21
525 375 24 30 0.99646735 
658 366 26 32 0.9958067 
575 336 23 28 0.99411076 
482 366 21 30 0.9895264 
423 352 24 32 0.98787934 
458 293 19 23 0.98310107 
629 351 21 24 0.9793529 
465 329 20 26 0.9679134 
484 300 15 17 0.9616819 
525 317 18 22 0.9553434 
595 289 14 18 0.9370734 
557 279 14 18 0.9197038 
525 276 11 14 0.80316246 
611 321 17 23 0.6740516 
510 286 12 14 0.58292323 
605 316 16 20 0.056331575 
484 275 9 12 0.052248843 
503 297 13 16 0.050799094 
523 360 19 21 0.04314116 
52 197 39 43 0.036466554 
599 267 12 14 0.025695333 
