55_Sports_Coach_Trainer_sportcoaching_55_789
22
144 215 195 281 0.9931809
761 174 802 228 0.9879105
729 333 776 396 0.9848439
589 218 630 270 0.97894144
232 187 273 240 0.97646105
272 228 316 286 0.97499245
450 246 493 303 0.97151834
612 113 651 164 0.9685041
628 277 673 334 0.9534856
198 139 234 188 0.9527139
924 165 964 216 0.9519506
930 326 975 387 0.93977994
64 235 111 297 0.93840295
327 126 362 173 0.9281731
363 283 409 343 0.92357063
389 218 433 273 0.9045118
88 172 125 219 0.8936085
672 196 711 246 0.8887369
823 320 861 369 0.8595816
544 262 583 313 0.84985054
424 122 459 170 0.82166517
467 163 507 213 0.7704447
