47_Matador_Bullfighter_matadorbullfighting_47_443
92
901 203 16 20 0.9322585 
951 257 16 19 0.92339665 
778 227 14 19 0.8954481 
974 197 13 17 0.8789668 
316 204 14 17 0.85458815 
858 166 14 17 0.85330606 
834 267 14 16 0.79746366 
583 201 13 17 0.79363084 
350 197 15 19 0.7552177 
421 216 15 19 0.7317881 
370 213 14 17 0.6763719 
619 246 12 16 0.56755143 
195 253 19 23 0.5467823 
821 209 12 15 0.5118435 
357 222 13 17 0.42210937 
672 267 11 14 0.38672325 
761 260 11 16 0.3844077 
780 207 11 12 0.3723698 
413 197 13 17 0.3531694 
535 251 21 28 0.31422195 
296 204 12 16 0.21046785 
365 217 15 18 0.1834609 
873 255 15 19 0.17436272 
190 164 16 19 0.17400454 
821 197 14 17 0.1458279 
649 269 15 18 0.14399594 
932 193 13 17 0.14060718 
688 239 10 13 0.13584231 
988 259 17 22 0.13090724 
795 204 11 13 0.1305584 
161 344 52 69 0.1275909 
1012 229 12 19 0.11658592 
1012 202 11 20 0.11224957 
927 252 13 17 0.111937575 
940 197 11 16 0.09407723 
688 262 9 12 0.09247803 
764 223 10 13 0.08882932 
884 215 13 16 0.08479023 
676 263 11 15 0.08423999 
174 175 14 15 0.082181476 
836 205 11 14 0.08097384 
621 257 15 24 0.08051488 
862 210 14 19 0.07188103 
236 204 13 18 0.07102397 
779 252 13 16 0.06999844 
957 202 13 16 0.06610318 
751 224 9 12 0.065134816 
777 211 12 13 0.06219522 
788 227 13 16 0.062019296 
800 269 12 15 0.0573084 
760 226 10 13 0.052807357 
384 235 18 22 0.047057588 
895 210 14 16 0.042913206 
990 214 12 16 0.037279855 
756 293 9 14 0.03676495 
706 252 13 14 0.03620309 
1012 187 11 19 0.036057714 
644 260 16 21 0.035895526 
829 211 12 14 0.035119742 
403 309 18 20 0.03437997 
816 205 12 16 0.03202219 
543 255 24 29 0.0313784 
816 198 12 14 0.03131452 
995 254 21 30 0.031290304 
362 223 15 19 0.031243796 
285 188 12 15 0.028662663 
972 205 15 20 0.028507864 
331 236 15 17 0.028023489 
918 197 13 17 0.027933752 
579 250 21 26 0.02696475 
564 257 15 21 0.026632208 
687 253 12 15 0.02635847 
799 259 12 16 0.026219303 
969 308 10 12 0.025889544 
807 205 10 12 0.025843414 
288 202 12 17 0.025803449 
120 173 11 13 0.02579918 
417 203 16 19 0.02457416 
578 226 14 16 0.024426647 
444 209 15 17 0.023914894 
966 201 13 17 0.023464177 
386 226 16 19 0.023210619 
572 252 15 21 0.02295317 
704 246 11 14 0.022639753 
313 199 13 17 0.022513984 
952 199 11 15 0.02226212 
249 195 18 21 0.022164585 
941 191 11 14 0.022063427 
67 187 16 20 0.02142688 
933 245 12 16 0.02127045 
241 196 20 25 0.021246973 
685 267 10 13 0.020280397 
