47_Matador_Bullfighter_Matador_Bullfighter_47_761
33
73 32 30 37 0.99191123 
238 29 30 38 0.9915844 
472 28 28 37 0.98784024 
183 38 27 36 0.9875688 
347 40 28 35 0.9856435 
40 117 29 38 0.9809203 
887 114 26 34 0.9798616 
596 46 26 32 0.9274496 
350 115 33 41 0.9267727 
197 121 29 37 0.9187028 
558 12 27 33 0.9170145 
479 135 37 39 0.7289599 
702 42 30 35 0.33254752 
546 410 178 149 0.093708895 
827 144 27 29 0.093270354 
277 548 27 38 0.07208446 
204 17 23 28 0.067687646 
704 125 31 35 0.064972974 
608 360 116 100 0.056097694 
704 27 27 34 0.048824973 
626 364 68 61 0.048773985 
466 140 35 37 0.046540037 
692 50 30 36 0.042882856 
51 58 24 33 0.041264646 
197 27 26 34 0.035555895 
557 310 249 178 0.03536177 
254 1 28 28 0.03531439 
582 41 31 36 0.03430867 
1010 135 14 26 0.033930004 
1 114 25 33 0.028661821 
390 132 27 32 0.022989186 
765 0 30 25 0.022896245 
166 115 31 35 0.020453647 
