47_Matador_Bullfighter_matadorbullfighting_47_236
82
392 274 89 108 0.998372 
388 190 24 27 0.9817535 
715 108 22 25 0.9779327 
35 191 17 22 0.9767091 
829 129 22 25 0.97574097 
265 205 21 26 0.9628968 
602 192 18 21 0.9614802 
109 195 20 22 0.95440257 
750 46 15 20 0.9477154 
69 197 17 21 0.94519824 
351 195 19 23 0.9423525 
680 43 14 18 0.9134253 
388 139 18 21 0.9122931 
123 179 18 22 0.90961707 
157 179 19 21 0.90302247 
85 106 20 26 0.89963365 
155 137 17 20 0.89065486 
946 48 16 21 0.87491626 
435 128 16 20 0.87282115 
991 94 20 27 0.86634994 
728 183 18 23 0.8632216 
792 115 20 28 0.8527331 
278 120 17 21 0.8303795 
588 131 17 22 0.7658996 
266 68 16 21 0.76179516 
521 111 23 28 0.64142394 
53 210 18 21 0.63250524 
417 125 14 19 0.55078655 
548 204 17 21 0.51570654 
774 122 14 17 0.44439432 
255 183 13 17 0.43788242 
215 208 15 19 0.41761392 
454 187 21 26 0.39148208 
189 132 20 26 0.35565734 
516 120 18 24 0.35440674 
747 88 20 20 0.25467265 
621 176 18 22 0.22730139 
93 181 16 20 0.19406195 
702 177 15 17 0.16842414 
117 185 19 25 0.14682597 
153 125 21 26 0.13361506 
61 201 18 23 0.1111969 
187 107 13 17 0.108914904 
233 210 13 15 0.09229142 
418 134 14 20 0.088835835 
587 180 16 19 0.08468142 
216 129 22 26 0.078132994 
385 147 20 24 0.07699185 
646 166 20 25 0.07037781 
366 184 15 19 0.06874596 
200 107 12 15 0.06736094 
155 204 20 24 0.06631267 
117 149 13 17 0.06122996 
594 143 15 18 0.058377285 
430 125 15 20 0.053060606 
191 152 21 27 0.05261614 
-1 180 9 19 0.04530578 
38 180 17 20 0.042160008 
779 115 20 24 0.042098783 
636 176 15 21 0.041464664 
39 194 20 27 0.041429464 
927 85 14 19 0.04065252 
823 130 18 20 0.034027368 
961 82 15 20 0.031127246 
4 221 24 30 0.029685771 
154 189 21 24 0.029499687 
384 132 16 20 0.02858391 
483 187 22 27 0.028392497 
241 119 15 21 0.027139958 
188 127 16 21 0.024912635 
320 201 16 20 0.024885647 
325 170 13 17 0.023880335 
34 219 15 17 0.023439724 
440 136 17 19 0.023200175 
528 104 25 30 0.022696387 
908 40 18 21 0.022538627 
682 190 16 21 0.022310872 
123 154 15 16 0.022302357 
715 207 16 19 0.021887029 
486 282 15 20 0.021768527 
854 156 15 19 0.020573173 
541 107 14 18 0.020399937 
