61_Street_Battle_streetfight_61_432
109
973 369 1000 406 0.71531045
138 230 177 280 0.67399764
390 153 419 189 0.6615784
278 291 312 335 0.64333206
811 426 836 458 0.57038826
744 327 769 359 0.47300085
139 306 170 348 0.40514988
842 328 865 358 0.2661033
544 247 569 280 0.26550436
179 148 203 180 0.2604203
636 223 660 255 0.18966068
647 323 674 357 0.17434193
591 218 613 247 0.15714188
508 402 532 435 0.14976425
312 146 337 178 0.13781692
204 350 234 386 0.1361493
209 206 236 242 0.13328929
621 274 642 302 0.12376136
640 528 671 569 0.1060602
275 224 301 257 0.10139495
105 148 133 186 0.08486697
328 173 352 203 0.08062666
851 401 875 432 0.07976241
823 280 845 308 0.07574683
941 324 968 359 0.074159116
801 284 822 312 0.072060265
266 179 290 211 0.071086384
561 233 585 264 0.06995945
224 330 254 366 0.069357716
743 380 768 412 0.06729
951 360 979 397 0.06718802
917 474 953 518 0.06712238
926 383 949 413 0.06689832
877 310 897 337 0.06541323
841 351 864 380 0.06494552
714 407 741 441 0.06333611
158 152 184 183 0.06121
901 281 923 310 0.060683083
843 280 863 306 0.058508426
197 152 226 188 0.05429067
892 327 915 356 0.054181967
609 616 640 656 0.054033075
119 170 153 213 0.052275334
225 174 250 206 0.052110955
511 285 538 317 0.050100707
720 353 744 384 0.05002413
775 304 800 336 0.049972884
281 382 313 422 0.04837979
702 336 726 368 0.04753351
457 181 481 213 0.04540011
718 383 744 416 0.044613697
159 126 181 155 0.042356856
741 351 768 385 0.04219573
452 559 488 601 0.04194154
798 360 821 389 0.041776292
505 515 533 551 0.040152766
204 256 235 293 0.040135626
439 177 464 211 0.0373873
458 385 484 420 0.037373766
106 358 138 398 0.037261423
178 205 208 243 0.03676124
829 306 853 337 0.03672157
813 502 847 542 0.03468025
501 550 532 590 0.03455
515 204 537 233 0.034176864
222 95 250 132 0.03413617
956 431 980 460 0.033512417
623 206 647 239 0.033239886
462 288 492 327 0.033018343
488 289 518 330 0.032925677
378 143 440 215 0.03280528
770 380 796 412 0.032582242
727 306 752 340 0.031195488
162 382 190 417 0.031044977
770 356 794 388 0.030314146
596 280 620 310 0.0301283
971 353 1016 413 0.029765315
255 321 284 358 0.029193513
301 199 328 231 0.029043783
282 353 308 385 0.02772079
630 251 655 284 0.027480515
508 352 534 384 0.026321705
796 330 819 359 0.025884438
538 275 562 305 0.025865113
869 388 893 419 0.025671571
906 386 932 418 0.025559077
539 306 565 340 0.024956692
467 156 489 186 0.024799196
563 306 589 338 0.024184236
658 558 687 595 0.024014223
155 345 186 383 0.023949185
577 208 600 238 0.02375298
592 305 617 335 0.023677541
671 613 698 649 0.02354324
208 301 242 344 0.023061913
303 101 329 134 0.023017611
327 128 354 165 0.022460235
643 349 669 383 0.022060584
618 385 643 416 0.021840338
330 412 354 444 0.021671569
918 279 944 311 0.021399332
826 381 849 409 0.021373196
520 254 548 288 0.021260535
306 405 333 440 0.021072643
643 184 664 212 0.02106521
490 386 520 424 0.020970475
615 455 639 487 0.020668035
791 410 855 484 0.02058184
262 272 327 351 0.02054403
