61_Street_Battle_streetfight_61_395
17
464 382 576 503 0.5737264
500 194 565 276 0.45477423
270 480 300 519 0.44385973
226 403 253 438 0.09431836
354 515 389 561 0.080392696
310 379 339 417 0.054948095
493 817 549 882 0.048055273
356 430 397 491 0.039940156
503 279 591 377 0.038644336
669 380 712 444 0.03190225
693 465 735 530 0.031767104
255 556 283 595 0.03060506
634 322 671 374 0.030135995
251 402 279 438 0.02381066
458 804 584 957 0.022549812
170 374 200 414 0.021642884
657 891 771 1010 0.021641703
