61_Street_Battle_streetfight_61_211
36
111 540 154 590 0.58344126
340 452 405 544 0.48838776
758 211 855 328 0.44270796
23 505 75 569 0.3399019
181 522 234 580 0.22998312
982 603 1030 666 0.20492582
795 834 849 900 0.15495472
505 776 649 942 0.122075915
260 489 310 559 0.08056447
768 650 814 710 0.07905375
683 653 751 731 0.065418914
432 943 588 1103 0.06394698
922 567 961 620 0.06123455
727 614 785 678 0.0584383
307 521 358 586 0.056423016
142 565 184 616 0.05218225
922 649 962 700 0.049985837
888 613 929 667 0.04996657
635 847 757 981 0.045437198
34 690 83 753 0.04291555
214 903 370 1051 0.042618044
294 471 410 613 0.042488005
68 504 122 569 0.039759606
890 549 930 599 0.03443644
144 497 252 607 0.030256042
825 168 921 308 0.029838942
-1 600 37 657 0.029554
84 564 134 622 0.025019491
196 377 238 427 0.024581809
893 689 935 740 0.023729365
299 170 366 252 0.022066904
219 735 342 874 0.02186927
924 766 968 820 0.02104655
719 635 828 760 0.020654326
206 433 315 574 0.020319497
626 985 716 1083 0.020023085
