61_Street_Battle_streetfight_61_12
30
601 153 668 244 0.98578227
18 142 86 232 0.9789217
414 200 478 292 0.92279214
739 114 805 212 0.82392645
91 228 125 271 0.6681869
153 242 183 280 0.37405825
225 258 255 299 0.31851366
205 334 239 377 0.27055863
499 210 531 253 0.21592417
258 228 287 267 0.14390585
526 279 568 330 0.1293941
518 292 595 389 0.07823234
46 243 82 284 0.06885714
250 267 282 310 0.06320428
22 632 51 677 0.056480754
554 357 624 440 0.036632754
230 228 259 267 0.036543358
320 340 358 387 0.03516621
898 -2 1006 121 0.03381358
205 223 233 262 0.03239084
791 140 851 215 0.030277448
379 309 446 393 0.03001194
480 235 519 287 0.028527403
274 236 309 286 0.028161807
485 298 528 352 0.027277298
914 101 993 227 0.025986472
119 226 154 272 0.025892839
109 302 145 350 0.024991179
4 647 35 695 0.024853095
70 213 137 294 0.024366
