61_Street_Battle_streetfight_61_936
18
128 261 169 309 0.3921512
511 229 542 270 0.35517994
962 254 1000 305 0.15955925
843 272 874 312 0.15288982
839 383 864 415 0.1332235
667 321 695 355 0.06407773
65 301 105 346 0.05623029
894 245 929 289 0.03896048
964 311 1026 399 0.038669094
138 288 182 341 0.031531893
355 323 384 359 0.027561665
188 236 240 298 0.024501918
917 223 949 262 0.024146548
868 250 899 290 0.023180114
488 246 520 287 0.021973962
714 329 742 362 0.021453615
395 69 433 114 0.02104495
433 370 466 414 0.020713685
