61_Street_Battle_streetfight_61_546
23
419 143 447 179 0.3018366
19 28 57 75 0.09211147
531 144 558 179 0.07168193
232 101 260 137 0.052304246
375 357 412 402 0.047852553
43 208 68 241 0.04767067
412 227 443 267 0.04351721
107 78 132 110 0.04242572
128 177 156 211 0.04104031
759 55 801 108 0.03453217
75 104 101 138 0.031352732
531 171 559 206 0.030390289
664 99 692 135 0.029661683
585 98 618 138 0.02865338
431 197 458 232 0.027091289
429 170 457 206 0.026541967
184 146 207 176 0.0233192
435 66 473 113 0.023229094
52 101 79 135 0.02309774
686 100 715 136 0.022078339
566 197 593 230 0.02134461
375 321 408 362 0.020622872
101 121 126 151 0.020045606
