61_Street_Battle_streetfight_61_665
24
689 137 734 195 0.98144263
629 169 667 218 0.97226286
515 166 557 219 0.9561539
355 159 390 203 0.6379033
203 165 235 204 0.6367575
271 152 303 193 0.6362965
411 149 445 192 0.6100368
774 329 803 367 0.053148143
844 176 874 217 0.052968737
483 248 514 285 0.040531594
376 149 412 194 0.03738733
865 232 904 283 0.033021465
789 -1 831 40 0.03270912
988 366 1020 428 0.028683528
774 256 804 292 0.028385958
216 194 251 238 0.027873753
558 248 588 285 0.025929715
380 375 415 423 0.025103156
895 168 922 205 0.02496514
536 250 566 287 0.02297154
372 197 406 240 0.022421716
817 112 851 156 0.021243755
185 195 220 239 0.020553421
256 200 290 241 0.020414399
