61_Street_Battle_streetfight_61_162
26
41 417 95 490 0.99028826
822 108 932 259 0.8985264
638 271 676 318 0.8864905
544 260 596 325 0.55787796
686 359 726 412 0.45451155
141 578 181 632 0.3261486
780 243 816 293 0.19651127
356 402 388 442 0.12359682
495 353 528 396 0.08036924
406 227 437 273 0.061803672
94 575 131 616 0.044032365
704 402 738 445 0.03655009
384 287 420 333 0.03307582
638 432 678 488 0.030137511
404 356 428 388 0.029048273
792 23 1024 338 0.027183112
143 537 176 581 0.024713418
607 225 636 261 0.024629554
616 252 648 295 0.023387635
666 332 699 375 0.02284896
2 421 40 476 0.022173883
51 583 90 626 0.021898124
481 273 513 315 0.02173712
437 278 469 321 0.021536624
252 352 278 385 0.02059993
460 251 500 296 0.020476686
