61_Street_Battle_streetfight_61_276
61
526 36 551 68 0.89526683
390 32 416 66 0.8577381
311 23 339 60 0.8471195
345 59 368 88 0.75897473
772 42 800 78 0.7338357
583 34 607 66 0.72315884
254 47 281 81 0.68174404
635 37 659 69 0.6607419
201 61 224 90 0.6313144
807 18 835 55 0.6153536
938 21 974 64 0.5985851
651 32 681 71 0.56884307
61 119 87 153 0.5005535
148 57 174 91 0.34361076
478 41 500 69 0.30564174
126 45 148 73 0.29530862
15 49 39 80 0.26470682
169 44 193 74 0.16939792
49 69 71 98 0.16333653
458 42 480 69 0.1534447
402 126 427 159 0.100532025
437 57 462 86 0.08579765
782 18 817 63 0.08061173
472 168 496 199 0.07391692
413 84 437 116 0.07048858
283 172 301 196 0.056110747
262 208 285 236 0.049054727
452 83 478 114 0.045154866
734 38 767 78 0.045137122
416 170 441 201 0.044185776
504 42 526 72 0.040420055
479 2 506 32 0.03982495
375 189 395 215 0.03530056
521 309 545 337 0.03519359
432 78 461 113 0.03396318
435 18 459 49 0.03296875
154 14 177 41 0.032362785
279 194 299 218 0.032041814
545 82 571 115 0.030089483
564 123 588 155 0.029987104
476 84 501 116 0.02888028
523 40 560 84 0.028665518
172 19 195 47 0.028024867
287 18 316 55 0.027892958
494 83 521 117 0.027624216
392 175 412 202 0.027363203
860 45 896 91 0.026991593
347 0 376 32 0.026704237
383 211 410 245 0.02624971
607 23 629 54 0.026019093
37 37 63 71 0.025387146
323 45 376 105 0.023375668
372 21 397 55 0.02322303
396 106 420 137 0.023049051
588 175 610 201 0.022906557
712 107 734 134 0.022845432
309 194 328 217 0.021998879
85 57 108 87 0.02198104
370 105 395 136 0.021379579
111 83 135 114 0.020988587
410 0 439 30 0.020244312
