52_Photographers_photographertakingphoto_52_578
36
754 178 810 251 0.9805115
68 147 142 236 0.9676995
809 158 860 222 0.9305029
954 165 1013 240 0.9234046
349 132 413 216 0.91261536
286 184 342 256 0.81297004
506 256 551 312 0.776549
570 155 615 217 0.69668365
179 239 223 294 0.39408052
617 186 655 238 0.24581558
98 254 141 306 0.19444072
349 243 392 290 0.14276607
190 181 234 238 0.14213172
783 112 822 160 0.076634146
577 293 609 334 0.07552749
864 74 906 130 0.0701466
167 149 209 204 0.05606248
538 163 576 216 0.05531713
680 192 724 245 0.045669116
530 226 570 281 0.044618495
533 333 574 385 0.044549655
845 244 884 289 0.042352892
222 210 259 261 0.04222369
961 258 1009 332 0.039751846
225 30 268 85 0.039108437
0 240 30 283 0.038805533
963 38 1019 114 0.037399884
475 316 515 365 0.036095172
861 301 907 362 0.03328223
116 108 158 160 0.031985737
397 239 431 286 0.030985506
327 299 369 346 0.027110208
868 227 903 271 0.025013283
149 211 190 265 0.021600343
-1 332 39 412 0.021213925
916 369 955 428 0.020333825
