52_Photographers_taketouristphotos_52_288
50
847 204 877 241 0.7339127
984 69 1015 113 0.46378234
701 296 738 343 0.41923028
881 27 910 63 0.36956203
766 5 804 46 0.3125172
698 52 743 108 0.19125403
827 443 863 487 0.14312376
752 171 792 226 0.13850135
258 203 291 245 0.13200954
601 12 651 62 0.12723126
875 397 917 452 0.12598675
830 395 861 436 0.124372475
876 63 913 111 0.12320159
556 140 625 225 0.096636176
850 246 884 293 0.09047605
981 241 1016 289 0.07543214
976 122 1010 167 0.070653215
862 454 900 499 0.070572786
795 240 830 289 0.066094324
969 328 1002 373 0.06482053
803 3 848 50 0.06293104
697 351 734 397 0.06198447
644 285 689 352 0.053101763
914 114 951 160 0.0524098
706 104 745 153 0.047247197
942 98 973 139 0.043140274
866 287 905 336 0.041863758
792 432 829 479 0.03666326
380 -4 471 76 0.03449488
949 248 983 292 0.03361051
826 189 875 249 0.03119686
612 -1 697 84 0.030423908
969 54 1025 132 0.029635947
837 43 871 86 0.02907828
735 10 774 57 0.028798092
949 190 982 234 0.028245242
783 166 826 220 0.02725712
947 39 981 83 0.027175454
705 3 746 43 0.027104553
56 198 86 234 0.026686165
816 261 855 307 0.023401955
888 168 933 218 0.022899969
760 447 799 498 0.022231039
485 3 524 41 0.02200331
988 154 1026 210 0.021823227
917 16 951 58 0.021491975
818 385 882 468 0.021245066
861 11 921 84 0.021172937
473 94 616 282 0.021076472
889 227 923 271 0.02070629
