52_Photographers_photographertakingphoto_52_219
78
764 220 808 277 0.97777265
184 274 231 334 0.94892144
303 340 349 404 0.9332572
662 283 702 334 0.9223363
564 353 604 406 0.9062214
710 418 745 462 0.85799074
422 397 456 441 0.57547253
839 229 877 280 0.43173558
373 387 412 438 0.37171784
716 266 745 306 0.23793595
587 292 622 333 0.15980333
3 263 42 319 0.13619146
91 206 126 253 0.13120784
664 216 692 252 0.12747131
326 272 354 311 0.10210575
895 323 924 360 0.09921648
942 325 974 364 0.09627433
485 455 511 488 0.08968215
167 195 204 248 0.087031186
969 270 1002 309 0.08473477
252 273 299 337 0.078022614
708 223 741 267 0.06854252
916 269 944 304 0.06782002
817 166 846 204 0.06689331
385 329 411 365 0.06655052
618 227 648 264 0.06181183
514 426 546 468 0.06178923
987 509 1014 547 0.05936695
427 302 456 340 0.05883293
917 309 947 347 0.056120045
362 295 394 338 0.0495566
462 459 495 497 0.04939988
565 278 595 317 0.048038132
150 175 183 219 0.04475063
78 245 138 326 0.04341824
301 249 334 295 0.043312754
990 170 1019 214 0.041595828
340 218 369 258 0.04121624
947 251 979 292 0.041139305
686 200 718 242 0.03926093
403 322 435 364 0.037286367
688 249 727 300 0.035700515
281 193 312 234 0.035268832
636 469 672 514 0.034272764
134 451 171 498 0.03383481
875 294 907 335 0.032963604
536 274 564 311 0.03239436
73 146 104 187 0.031074433
299 296 340 352 0.031007307
127 153 156 191 0.030915836
72 510 108 555 0.02953141
100 144 128 182 0.0288455
972 304 1003 342 0.02825037
755 502 788 543 0.028148202
791 167 823 208 0.027660897
451 393 488 441 0.027519843
893 276 925 316 0.027197689
537 322 567 362 0.026975738
352 348 388 395 0.02688391
509 470 541 509 0.026219245
353 251 386 293 0.025539769
736 203 764 240 0.025074292
524 399 556 440 0.02484008
643 202 670 237 0.02422929
283 222 317 266 0.024184182
342 145 371 185 0.024063786
919 520 953 562 0.024059664
988 91 1019 140 0.024036998
609 375 640 417 0.023940649
631 434 665 478 0.022600122
509 557 550 604 0.02240184
857 199 895 250 0.02179502
257 341 300 395 0.021153362
841 173 870 211 0.021085162
513 278 540 312 0.020984348
655 505 687 547 0.020831645
347 418 385 467 0.02078302
988 218 1016 258 0.020392658
