52_Photographers_photographertakingphoto_52_695
21
595 153 761 348 0.98225856
144 192 208 270 0.5600128
100 38 157 113 0.45978215
269 323 372 434 0.2919328
889 151 955 233 0.19557513
39 130 84 190 0.1506046
259 147 304 204 0.11290134
353 89 403 154 0.072934054
814 270 921 409 0.06329157
953 202 1000 268 0.05487727
199 191 256 279 0.04948839
388 -6 472 79 0.046893384
322 135 379 205 0.046360098
52 170 107 249 0.03928418
464 206 533 300 0.03265338
989 178 1024 230 0.02823094
271 200 347 286 0.025627924
225 141 268 201 0.024141176
177 150 224 211 0.023994114
844 170 902 244 0.023773843
832 178 936 308 0.020060409
