52_Photographers_taketouristphotos_52_281
57
413 660 448 705 0.7264938
578 660 615 705 0.16044682
153 611 183 647 0.15781043
457 710 484 746 0.09741114
763 557 791 594 0.09072718
452 192 584 345 0.06783064
658 603 690 643 0.067734666
441 741 467 774 0.047234774
850 662 875 693 0.046873227
333 654 362 692 0.043764085
706 684 747 732 0.04366391
123 667 149 700 0.04304072
501 651 543 705 0.042822544
871 641 902 681 0.04135881
695 607 726 646 0.040959693
848 635 872 666 0.0408283
76 653 107 693 0.04009668
174 686 198 717 0.037404425
584 695 621 742 0.03733438
775 612 802 647 0.036394075
494 764 539 816 0.03620424
658 651 691 694 0.034391295
155 689 181 720 0.034082416
103 659 131 696 0.0335553
461 635 491 676 0.033258405
822 610 850 646 0.032880425
379 630 408 669 0.032873522
356 636 385 675 0.032720964
662 758 691 797 0.032413047
736 653 771 699 0.03134156
389 658 416 695 0.031122338
634 781 664 820 0.03007964
254 713 279 743 0.029643046
765 657 801 705 0.029578608
407 764 432 796 0.02934136
428 584 456 618 0.029277172
436 465 466 505 0.028319677
205 641 231 672 0.02770378
609 600 645 645 0.026948545
310 655 339 692 0.026246376
170 632 197 666 0.025757482
889 645 928 692 0.025752373
73 606 102 644 0.025092548
894 739 929 783 0.02495539
689 774 726 819 0.024395134
641 734 670 772 0.02387963
553 605 583 642 0.023860246
846 685 874 720 0.023022922
849 586 873 619 0.022994734
531 629 565 672 0.022263836
307 712 331 742 0.022008268
741 725 781 774 0.021793904
134 586 166 625 0.021428294
758 780 802 840 0.021159012
279 653 305 687 0.020974206
258 642 286 676 0.020651214
701 728 751 781 0.020465564
