52_Photographers_photographertakingphoto_52_263
39
630 261 659 299 0.5364908
694 253 719 283 0.34897232
671 350 708 396 0.20501368
404 297 432 331 0.13035426
348 296 373 329 0.10340128
765 286 790 317 0.10267359
130 303 155 336 0.102145255
74 326 98 355 0.09967144
686 390 717 431 0.08579285
28 370 56 408 0.084453344
156 324 184 359 0.074653216
748 397 815 487 0.06977825
71 407 97 442 0.06176181
30 280 52 311 0.058486577
795 286 828 327 0.056751948
782 348 827 402 0.055000354
424 268 455 307 0.036489204
391 526 424 572 0.035496026
583 355 609 390 0.035088006
50 457 75 490 0.03319982
331 331 362 368 0.03296089
813 396 851 447 0.030769348
837 380 872 427 0.02975953
739 357 772 399 0.028768146
672 250 701 291 0.02806814
242 358 269 394 0.027110862
765 322 799 363 0.02666056
430 220 468 265 0.026381984
271 218 306 263 0.025866935
633 295 664 336 0.025322119
402 319 433 359 0.024181435
612 250 674 323 0.023234375
229 195 257 233 0.02280981
465 275 497 313 0.02262922
557 218 589 258 0.022338402
383 278 453 361 0.02173839
32 436 59 470 0.021162981
76 257 103 293 0.021049675
107 324 133 359 0.020905873
