52_Photographers_taketouristphotos_52_487
25
634 152 683 216 0.6236742
945 379 997 442 0.33269787
509 96 571 175 0.14712904
651 266 700 322 0.14688425
874 292 909 340 0.12496551
960 213 993 256 0.117834516
0 332 32 386 0.11131511
571 95 616 165 0.06963475
826 326 866 373 0.049917575
795 473 848 534 0.04720641
359 324 390 363 0.046896968
931 607 967 658 0.04105818
942 235 997 306 0.033794742
784 658 866 753 0.03223292
550 52 594 110 0.0321605
386 127 450 232 0.030364634
915 410 1000 519 0.030199824
466 128 561 231 0.029980734
916 330 949 375 0.029825494
389 -1 442 56 0.026377091
860 423 905 486 0.025984194
615 399 654 451 0.022458792
986 377 1018 428 0.0219291
510 535 541 575 0.020457812
918 532 998 640 0.020362973
