4_Dancing_Dancing_4_489
60
173 237 52 67 0.99978346 
779 238 46 57 0.9995559 
602 211 46 61 0.9991523 
276 240 44 61 0.9988343 
347 83 33 44 0.998613 
400 125 42 55 0.9984511 
669 100 43 56 0.9982237 
908 46 36 43 0.99809974 
806 21 35 43 0.99797815 
758 42 32 38 0.9977302 
616 78 38 49 0.9976761 
187 77 41 56 0.9975879 
707 283 40 51 0.9975236 
396 239 45 56 0.9974368 
887 102 35 44 0.9973109 
531 60 39 52 0.9971589 
296 67 40 49 0.99704534 
128 116 42 54 0.99694926 
421 58 39 52 0.9966299 
913 136 41 50 0.9965269 
254 134 40 52 0.99640805 
750 106 42 53 0.99621296 
687 30 41 48 0.99534154 
484 104 39 52 0.9949426 
539 232 43 53 0.9937722 
830 108 41 50 0.99369353 
938 11 18 22 0.98798466 
872 24 17 20 0.98447233 
900 0 17 22 0.9821181 
982 20 16 19 0.9798584 
50 20 15 19 0.97586864 
164 22 15 18 0.97299224 
61 34 16 21 0.97010225 
107 24 18 20 0.9589647 
24 17 16 22 0.9568517 
850 2 16 18 0.94737256 
82 24 16 18 0.72228414 
152 12 12 15 0.6023556 
92 38 13 17 0.5023598 
92 -1 15 12 0.31343427 
2 -1 12 12 0.27829605 
68 56 10 13 0.19821535 
142 0 14 10 0.1852068 
86 31 15 19 0.17547958 
69 1 14 14 0.13943775 
47 2 14 14 0.089594945 
57 19 15 18 0.08458991 
21 0 11 10 0.0601082 
38 0 12 10 0.052121438 
15 2 13 15 0.049265135 
65 0 12 11 0.04638213 
25 53 13 17 0.044017643 
952 37 11 17 0.042732432 
99 31 18 22 0.029832706 
97 42 17 23 0.029536275 
62 14 13 16 0.029523179 
109 45 14 19 0.02888211 
176 57 15 20 0.026378378 
144 294 20 31 0.023530304 
7 103 9 12 0.020462891 
