4_Dancing_Dancing_4_57
25
582 201 47 63 0.9939511 
562 139 31 49 0.961791 
845 160 24 36 0.9186259 
733 157 21 32 0.8605187 
886 163 20 30 0.6722979 
771 167 18 23 0.6658344 
946 197 20 29 0.44892842 
968 127 22 30 0.35962397 
815 164 19 28 0.19649482 
829 263 31 36 0.10621582 
1011 121 13 24 0.09947226 
931 168 22 30 0.094176136 
1004 179 19 34 0.063951716 
718 273 23 26 0.05654694 
858 163 26 34 0.05260501 
988 142 15 20 0.043085985 
779 189 21 31 0.041431088 
942 129 20 28 0.036148217 
915 168 23 33 0.033777613 
976 83 22 33 0.031128485 
978 135 22 28 0.02712978 
903 165 24 34 0.026839074 
950 126 22 29 0.026524853 
863 137 15 19 0.02485534 
838 278 32 31 0.024851521 
