4_Dancing_Dancing_4_84
28
852 108 39 47 0.9977902 
342 156 43 51 0.99734205 
700 161 43 53 0.99726367 
478 138 38 44 0.9965669 
134 179 43 50 0.9933617 
536 198 33 52 0.9904879 
272 136 20 22 0.9871048 
732 69 23 25 0.9813835 
222 73 17 21 0.97786784 
149 78 18 23 0.9756538 
54 73 17 20 0.97001845 
765 129 23 26 0.95368093 
790 65 21 24 0.95070183 
605 83 19 23 0.9400354 
452 140 18 22 0.9292292 
82 148 19 23 0.58755535 
675 0 18 14 0.49104026 
945 214 15 21 0.2200522 
699 138 25 30 0.12754504 
714 0 19 16 0.10081729 
731 3 16 15 0.059157267 
432 133 9 12 0.053238742 
690 17 16 15 0.03752425 
87 107 10 12 0.035281748 
723 136 23 24 0.033127937 
413 134 13 20 0.026148694 
578 182 29 35 0.021634718 
710 136 24 26 0.020982517 
