4_Dancing_Dancing_4_156
21
905 21 59 65 0.9978257 
460 123 53 68 0.98702115 
527 49 63 97 0.98128533 
157 10 38 52 0.97678316 
669 4 38 60 0.96104896 
222 9 36 44 0.50818014 
759 3 28 34 0.25164077 
303 7 40 62 0.109361745 
599 0 56 46 0.10562318 
280 11 25 34 0.100500815 
875 220 61 81 0.081698805 
880 0 27 29 0.07949487 
237 16 33 42 0.05542626 
306 0 17 20 0.052538082 
96 -1 35 63 0.045702927 
296 23 30 49 0.03247934 
743 4 38 45 0.03179791 
505 234 40 56 0.031064397 
305 2 27 39 0.030007005 
196 46 40 55 0.0225108 
781 119 40 48 0.021727376 
