4_Dancing_Dancing_4_715
55
412 107 40 65 0.9985831 
660 125 41 57 0.9970866 
624 452 33 40 0.9968957 
487 468 36 47 0.99668294 
417 442 31 36 0.99638003 
75 455 38 46 0.99333185 
293 463 34 41 0.97650355 
149 455 28 35 0.95789725 
114 338 13 17 0.67824465 
276 230 10 13 0.4364437 
156 286 11 14 0.22393878 
196 348 10 12 0.213479 
74 336 14 19 0.15138742 
235 288 11 13 0.13078618 
277 267 12 16 0.123668216 
193 390 15 20 0.092787154 
34 339 13 16 0.08766634 
195 403 12 16 0.08233223 
229 347 9 14 0.07713462 
171 350 16 20 0.07642681 
196 290 12 13 0.074332155 
141 389 16 20 0.07164617 
152 334 12 16 0.05627855 
944 660 15 18 0.049093563 
314 159 8 12 0.045031663 
141 389 27 36 0.04335161 
675 450 24 30 0.040905185 
236 215 9 12 0.03726638 
276 216 10 12 0.03458173 
763 624 11 13 0.034118704 
195 214 10 12 0.03367398 
235 277 10 12 0.03334526 
280 258 18 21 0.033039223 
329 311 14 15 0.03293034 
276 245 12 14 0.03200948 
294 236 11 15 0.031432357 
119 286 11 14 0.030569693 
236 229 10 13 0.030281844 
276 273 15 19 0.029231261 
195 335 12 15 0.02903708 
276 250 15 20 0.027497277 
275 179 11 13 0.026700607 
152 363 13 15 0.025982633 
156 219 11 16 0.02562333 
116 395 11 15 0.02493405 
255 448 30 41 0.024448575 
113 425 16 19 0.022761798 
74 303 13 16 0.022614483 
196 228 10 12 0.022503745 
72 398 17 22 0.021873532 
156 276 11 14 0.021580005 
194 365 13 15 0.021324491 
75 338 22 27 0.020983145 
30 390 19 30 0.020659145 
193 410 12 16 0.02009199 
