29_Students_Schoolkids_Students_Schoolkids_29_494
87
352 236 404 300 0.88637954
288 323 350 396 0.7163152
795 129 823 164 0.5870294
721 136 746 169 0.45153338
539 153 564 185 0.39180768
665 145 693 180 0.27745736
379 172 412 212 0.27098817
855 124 877 153 0.24800174
865 146 891 178 0.23982364
580 302 621 352 0.22598219
554 227 591 271 0.22539145
519 153 544 185 0.18256202
902 126 923 153 0.18073316
709 275 735 306 0.16741578
439 158 464 190 0.14041264
460 156 484 187 0.13929348
283 30 323 79 0.13254373
188 232 242 302 0.13012256
812 143 840 178 0.12301779
482 150 508 182 0.11854683
558 165 587 201 0.11539372
73 136 145 239 0.107296154
481 254 519 300 0.09650924
258 292 295 341 0.09461726
691 253 721 287 0.08851303
190 372 235 438 0.08733271
174 644 230 706 0.08608728
357 158 386 193 0.083244346
864 277 889 308 0.082140595
776 125 802 158 0.080671616
608 272 636 308 0.07612671
476 490 519 544 0.07400999
767 329 798 371 0.07270914
621 128 643 156 0.06458624
643 147 671 182 0.0594424
582 250 610 286 0.057984285
383 283 420 331 0.057368267
244 135 289 192 0.05703171
900 282 926 313 0.055616155
687 126 713 161 0.052627772
284 563 322 611 0.05145948
453 191 491 236 0.04599514
896 145 920 175 0.045049544
667 252 696 289 0.044662062
862 170 889 203 0.041738447
817 289 846 323 0.04166806
634 254 668 295 0.040869888
585 149 614 185 0.040097546
848 198 875 232 0.03853687
395 190 429 236 0.03809072
299 676 335 716 0.037401337
634 169 670 212 0.036863938
527 305 559 343 0.036097366
707 297 742 338 0.035514243
498 365 550 423 0.034036525
408 156 435 191 0.034012225
744 252 771 287 0.032924697
851 225 880 261 0.030245008
516 191 546 230 0.029691191
141 245 192 307 0.02937086
918 145 943 176 0.02884909
437 222 469 264 0.027149817
922 175 946 206 0.026463239
505 322 545 367 0.026437119
738 200 767 236 0.02641539
615 195 645 234 0.026081419
537 273 568 311 0.025761444
508 226 541 269 0.025106067
765 174 793 208 0.02456282
871 77 899 109 0.024454564
816 106 841 139 0.02389569
631 223 666 265 0.02381488
683 168 715 206 0.023586897
20 188 113 290 0.023393668
868 107 893 139 0.023071647
380 681 414 717 0.023010697
845 294 873 326 0.022587959
131 658 165 705 0.022399697
559 267 595 308 0.022228194
274 60 318 114 0.021529425
553 472 585 511 0.021263676
760 272 787 307 0.02093659
466 129 492 161 0.020640898
161 283 205 345 0.020561678
892 256 919 288 0.020306041
821 166 849 201 0.020230556
741 170 770 206 0.020120233
