29_Students_Schoolkids_Students_Schoolkids_29_374
21
440 445 487 498 0.18951929
406 252 471 333 0.18430135
711 123 740 159 0.06878989
472 190 530 272 0.0666509
391 123 417 155 0.052416842
460 49 487 83 0.04897982
714 94 744 132 0.04739886
428 154 464 197 0.039962605
481 121 512 161 0.03759507
737 121 768 159 0.03355658
791 162 827 208 0.030696552
383 215 422 268 0.029680148
679 172 707 209 0.029621258
357 363 398 418 0.028935457
484 4 510 32 0.026925324
405 99 434 135 0.025020542
671 196 699 232 0.023113173
714 1 749 36 0.022241147
482 46 508 79 0.02183202
49 23 78 59 0.021171156
657 313 702 370 0.020845577
