29_Students_Schoolkids_Students_Schoolkids_29_251
52
261 464 331 549 0.98935586
316 328 372 401 0.98162246
404 112 450 169 0.97371984
217 261 277 334 0.9720395
379 268 428 329 0.97042155
748 492 816 579 0.96135247
221 193 259 242 0.9611857
501 218 568 302 0.9503539
739 298 807 384 0.9498383
905 200 963 271 0.9383761
484 472 543 549 0.93444407
53 559 122 643 0.93371886
47 307 106 381 0.9237481
514 135 560 191 0.9130453
107 197 168 277 0.884596
633 170 692 245 0.8702839
659 264 724 346 0.8686179
379 470 446 553 0.86710286
535 358 601 438 0.758865
899 91 952 157 0.647303
372 185 427 250 0.42612264
538 536 582 590 0.3896963
254 352 307 417 0.16406263
807 266 849 326 0.1308611
847 138 883 186 0.1016187
394 364 447 426 0.100775905
484 429 531 486 0.09094929
-2 366 54 449 0.08566463
860 18 890 56 0.08544353
970 321 1014 380 0.06982648
861 91 892 133 0.068513416
837 69 870 112 0.06798047
452 177 504 239 0.06710245
443 267 489 331 0.06274926
854 308 897 365 0.061135355
933 473 1023 595 0.044630744
628 304 671 367 0.042330235
990 248 1027 308 0.040671773
815 42 855 87 0.037276007
858 673 902 734 0.032473274
888 154 930 206 0.031157114
127 624 171 679 0.027308302
8 260 60 323 0.024672518
864 213 903 262 0.024637505
45 239 90 293 0.02445945
812 81 848 127 0.024381347
632 599 670 650 0.02394779
950 405 1016 476 0.02272662
377 138 426 196 0.022536473
583 474 627 530 0.021340135
828 71 892 152 0.021292033
806 2 847 41 0.020580659
