29_Students_Schoolkids_Students_Schoolkids_29_477
43
433 100 482 161 0.83233637
737 82 774 129 0.60431206
840 146 880 198 0.60028565
872 216 904 259 0.4073011
515 116 555 165 0.381358
711 152 749 197 0.3671679
876 300 939 386 0.2854832
565 246 605 296 0.22120893
713 73 749 121 0.12386899
615 207 655 256 0.1175047
744 33 781 78 0.11160359
529 161 564 204 0.09035388
62 51 97 97 0.08688208
964 370 1025 480 0.084744506
477 97 513 144 0.08144817
894 32 929 76 0.07739865
870 19 905 61 0.069451146
783 5 829 55 0.06250049
840 92 874 131 0.06184549
961 1 1025 94 0.057281874
565 115 593 153 0.050409894
5 121 34 162 0.0468035
609 249 644 295 0.04618228
588 154 614 188 0.045257386
719 41 752 84 0.039154302
909 10 957 63 0.03722276
866 380 907 438 0.03700922
786 88 821 129 0.034270156
859 203 921 282 0.033362687
707 368 742 419 0.03182938
561 149 591 190 0.028715469
514 10 551 57 0.02726591
457 51 494 97 0.02631879
911 74 950 120 0.026282743
630 241 674 299 0.024605647
611 177 644 218 0.024589118
862 68 894 108 0.024323573
586 13 624 60 0.024300167
515 308 543 343 0.022566544
823 124 861 170 0.022470687
845 1 880 38 0.022206705
607 119 636 156 0.021025654
927 241 1012 355 0.020046702
