29_Students_Schoolkids_Students_Schoolkids_29_66
121
399 103 430 144 0.8401569
658 123 685 159 0.7319172
332 115 360 151 0.65715575
491 124 515 155 0.6343742
453 175 479 209 0.5625456
311 198 341 236 0.56251824
760 149 784 183 0.5201126
29 230 57 266 0.49548742
198 92 230 132 0.385289
101 126 128 162 0.35488912
21 143 50 178 0.32674065
918 171 945 203 0.30769256
284 118 311 154 0.25987703
174 151 204 187 0.21343689
307 118 334 155 0.18352804
822 172 848 204 0.1726925
249 283 273 315 0.16206105
537 93 563 126 0.14366136
384 233 411 267 0.11378727
462 124 488 158 0.109807715
867 199 894 231 0.109017044
231 141 265 182 0.09922908
229 24 261 65 0.09601026
835 153 863 190 0.0951159
182 114 216 156 0.09476789
1 152 29 191 0.087285176
405 231 431 263 0.08260764
334 297 363 333 0.08244315
125 425 152 459 0.08160455
517 11 558 61 0.07901182
436 252 461 283 0.075403795
2 320 27 357 0.07302987
255 332 282 366 0.072818905
691 196 717 230 0.07118768
205 23 234 61 0.07084972
436 228 458 256 0.07070803
939 165 968 201 0.07061505
233 298 261 333 0.06749686
390 281 417 313 0.065846205
304 380 330 411 0.06572116
249 40 280 80 0.06243901
357 45 389 84 0.061540037
561 268 588 304 0.060213722
556 97 584 133 0.057287063
205 306 235 341 0.057005506
510 98 536 131 0.056440763
333 15 363 52 0.056387823
588 6 622 46 0.055340275
126 298 154 332 0.05326242
607 305 632 337 0.05284954
667 301 690 329 0.051111586
350 278 378 311 0.050988514
77 106 106 143 0.050860435
356 18 388 56 0.049003564
149 301 174 331 0.047799084
789 129 817 164 0.047055878
279 352 310 390 0.04690295
637 229 660 259 0.046870146
124 170 155 207 0.045949012
260 98 290 138 0.045252968
361 250 391 286 0.04374532
223 74 252 111 0.043483578
67 427 94 460 0.042837653
232 325 256 358 0.041906565
479 274 507 307 0.041469872
180 77 206 111 0.040898316
542 277 567 309 0.04071596
441 151 471 191 0.04024285
307 68 336 105 0.03989826
642 199 666 230 0.039723013
588 46 620 84 0.039319225
462 43 490 79 0.03849369
145 201 171 233 0.0383062
406 201 432 233 0.0381012
535 115 569 154 0.037848417
231 382 258 415 0.03706168
406 170 436 206 0.036593273
386 404 410 433 0.036473986
286 198 319 238 0.03498229
869 173 898 209 0.034865096
665 197 691 229 0.03448152
227 406 254 439 0.034463782
714 199 741 234 0.034051616
430 95 460 136 0.033662308
973 172 999 203 0.033328142
278 44 312 86 0.033094637
13 301 47 343 0.032730285
892 156 920 193 0.03245509
635 17 666 55 0.03197281
442 197 468 229 0.03196309
324 404 348 435 0.0313783
587 358 614 391 0.0311526
328 256 357 291 0.031150194
355 202 385 238 0.030951621
407 25 436 61 0.030780822
432 24 461 60 0.030636251
618 122 645 158 0.030401599
43 126 72 164 0.030263212
588 102 616 136 0.030249635
457 256 484 288 0.029707694
283 300 312 335 0.0287717
307 299 333 334 0.028677644
205 429 238 466 0.02810784
663 20 689 53 0.027352642
300 3 334 40 0.027156055
22 270 53 309 0.026861997
632 209 782 358 0.026568288
253 194 284 232 0.026497576
195 142 228 182 0.025904568
298 142 330 181 0.02589282
48 43 78 81 0.025177637
150 121 179 161 0.024978014
253 69 283 109 0.024660084
328 73 359 109 0.024302132
485 18 519 60 0.023896052
129 223 157 258 0.02359624
561 15 592 55 0.023526723
328 323 359 362 0.023417026
44 279 74 317 0.023000415
151 325 179 361 0.022744816
202 79 378 244 0.02269374
