29_Students_Schoolkids_Students_Schoolkids_29_221
31
222 222 264 280 0.8723606
438 275 474 324 0.4456981
373 221 403 262 0.36807528
296 239 328 280 0.3495571
274 226 308 272 0.26018348
475 357 505 396 0.24231018
457 244 496 301 0.131402
508 225 534 259 0.06209014
52 300 79 334 0.054780837
562 430 586 461 0.048466373
504 320 534 360 0.04821133
26 297 53 329 0.043191046
184 242 223 290 0.040522493
74 370 109 413 0.040498823
354 296 389 342 0.03684934
408 250 448 300 0.03429101
326 239 360 283 0.033563092
459 395 493 443 0.030923767
777 242 809 284 0.029540258
542 181 566 211 0.028889088
152 247 183 285 0.028542988
70 318 97 354 0.027132064
481 296 516 342 0.02622158
80 248 108 283 0.026025103
19 325 50 362 0.025393551
100 303 128 341 0.024950627
556 251 586 288 0.024696656
487 223 518 268 0.02336708
561 179 585 209 0.022496182
51 357 83 401 0.021081489
18 355 47 390 0.020292478
