29_Students_Schoolkids_Students_Schoolkids_29_489
43
626 137 711 246 0.99805355
441 235 555 375 0.9970752
824 58 880 127 0.9738349
14 182 79 287 0.87197775
279 6 329 68 0.77858907
109 10 163 79 0.7770101
512 5 566 62 0.7097636
980 62 1015 111 0.33217168
735 81 782 141 0.2888399
943 118 989 183 0.28390104
258 47 306 107 0.24195184
580 1 625 49 0.18590705
395 54 444 116 0.14144054
199 154 271 238 0.13877863
317 1 367 65 0.13428709
359 185 429 267 0.09436897
703 70 750 132 0.07333547
123 202 169 268 0.060793437
327 64 377 127 0.059325848
377 103 428 168 0.042811144
780 166 835 242 0.04095224
119 135 164 201 0.038350884
226 471 402 667 0.034262456
150 120 191 178 0.030920774
985 134 1023 191 0.03047512
837 17 885 74 0.03008995
890 -6 928 35 0.029402882
155 42 217 119 0.028795876
792 69 831 122 0.02867245
889 223 931 283 0.028576901
138 237 198 325 0.028471077
973 267 1028 351 0.028193302
315 263 397 375 0.026862524
62 116 117 177 0.0254457
144 141 206 236 0.025371753
594 31 657 106 0.024857523
353 4 425 89 0.024681885
293 360 395 475 0.02395986
75 142 155 244 0.023443779
228 64 265 113 0.023085676
68 7 128 71 0.021251783
541 231 620 335 0.021171661
235 86 317 190 0.020568902
