29_Students_Schoolkids_Students_Schoolkids_29_21
62
470 160 566 281 0.9838874
742 200 873 368 0.9752051
208 102 258 171 0.9640365
315 95 369 164 0.9316898
81 147 148 232 0.83979666
882 15 921 60 0.8392554
624 55 666 109 0.83386195
457 51 501 109 0.57695454
950 64 997 129 0.5028357
122 54 156 96 0.35041517
738 29 769 67 0.31270847
7 532 59 604 0.24952634
584 12 616 51 0.19563891
612 119 642 160 0.18523993
775 73 819 130 0.17178491
667 21 698 57 0.14741471
161 79 203 136 0.14552237
10 59 46 109 0.12776425
52 108 92 166 0.11830273
222 266 271 327 0.1108704
510 72 548 119 0.09153921
373 65 411 118 0.08362786
808 11 848 55 0.078924865
992 27 1018 66 0.06828578
909 18 950 64 0.06812878
211 46 246 92 0.06774575
444 378 562 525 0.061570533
457 18 492 61 0.057565816
522 107 572 164 0.05461264
73 57 109 102 0.05279654
404 74 440 121 0.05104348
297 159 338 214 0.050065428
250 156 297 214 0.046317223
590 55 623 99 0.043703374
607 0 641 35 0.039003264
431 1 467 37 0.03397985
351 209 418 297 0.03395861
711 66 753 120 0.033213176
481 1 515 39 0.029674217
680 38 714 84 0.029617634
126 94 197 182 0.02961253
11 98 63 165 0.02943716
953 424 1029 577 0.028910238
276 114 319 171 0.02879461
431 189 472 246 0.02844089
213 200 273 276 0.028143737
755 18 793 63 0.027733762
641 143 677 192 0.026205152
627 134 702 232 0.025322923
984 56 1024 122 0.024387883
251 4 294 55 0.023092102
892 91 928 139 0.023082837
581 136 615 180 0.023058858
685 1 723 41 0.02285315
339 39 417 131 0.022549093
217 2 259 50 0.022097982
653 76 693 130 0.021578157
673 157 755 268 0.021487579
400 -3 441 37 0.02147264
584 203 661 306 0.020710377
253 217 336 308 0.020428618
638 20 676 64 0.020172248
