29_Students_Schoolkids_Students_Schoolkids_29_130
53
108 266 150 316 0.7479852
380 153 422 208 0.53993005
240 238 276 281 0.43286875
528 244 558 283 0.38474628
601 400 643 455 0.27092165
558 502 595 548 0.2545592
326 454 369 512 0.22529624
101 300 148 358 0.1987649
392 121 431 172 0.16678625
323 543 358 588 0.13222589
672 502 709 554 0.12423829
73 390 118 447 0.11409655
303 220 334 258 0.094888695
602 427 667 514 0.08226628
464 377 496 420 0.07339019
153 196 190 244 0.070013836
348 554 387 599 0.06738408
226 266 267 315 0.059782818
898 474 927 513 0.05883141
551 347 588 396 0.05504963
-1 253 29 303 0.054112982
484 226 510 262 0.042744666
14 272 51 328 0.04230183
354 246 390 290 0.041821484
-3 329 23 373 0.040962905
253 159 287 204 0.040736876
374 357 408 401 0.040700305
457 183 490 226 0.040469956
864 169 948 284 0.040098637
125 227 157 267 0.039618313
367 457 406 509 0.038508464
529 325 569 376 0.03427896
276 240 313 289 0.034105916
331 218 360 256 0.033678018
40 226 73 265 0.032904897
182 465 215 508 0.032689843
666 153 694 190 0.030245677
378 219 412 261 0.029938173
424 166 461 215 0.029728245
188 400 224 449 0.028977783
511 466 543 508 0.027805045
411 495 448 545 0.027010191
21 68 60 112 0.02647616
44 174 75 214 0.025217997
562 440 597 487 0.024832213
376 427 407 468 0.023214905
465 293 499 337 0.02320506
510 196 543 240 0.022589806
524 476 571 531 0.021571578
860 559 893 602 0.02107401
456 427 489 472 0.021031054
201 222 232 259 0.020560604
353 429 387 477 0.020331018
