29_Students_Schoolkids_Students_Schoolkids_29_161
23
842 75 935 194 0.99891603
523 150 594 244 0.9886691
586 163 691 310 0.8094604
449 243 485 285 0.22408846
333 195 363 235 0.094413
900 -3 979 75 0.08627766
972 89 1023 164 0.06702222
481 197 512 238 0.066815205
233 258 267 299 0.057200745
500 274 538 326 0.048626613
184 193 210 227 0.045164995
408 250 437 289 0.042349346
301 255 331 294 0.039689817
376 220 406 263 0.03559217
276 263 313 305 0.03543626
801 29 856 93 0.033105746
741 61 775 104 0.02949214
331 246 364 292 0.02822997
179 229 208 267 0.026504926
981 -2 1023 57 0.0264866
384 248 417 290 0.02540464
339 326 369 362 0.023181899
760 43 832 133 0.020283392
