54_Rescue_rescuepeople_54_135
48
872 485 62 71 0.99728096 
504 3 50 64 0.9948161 
871 212 24 41 0.97720236 
53 558 54 56 0.9702497 
329 48 35 46 0.96404094 
942 219 22 36 0.94128597 
951 463 42 61 0.77443945 
153 179 22 30 0.69558454 
997 235 24 33 0.4903947 
164 226 24 30 0.25235054 
152 279 31 37 0.2194413 
733 413 34 47 0.17634429 
297 343 35 44 0.10920974 
124 373 32 50 0.10344065 
917 428 45 57 0.10126655 
685 206 39 45 0.09062143 
82 105 7 9 0.090084314 
932 445 46 63 0.089351974 
957 370 46 56 0.08377125 
428 365 36 39 0.07997196 
93 229 22 31 0.07661027 
713 419 46 60 0.053731613 
0 262 12 23 0.047779046 
526 351 10 12 0.046067294 
923 398 27 36 0.04581361 
687 127 8 10 0.044119347 
263 170 15 23 0.04070982 
74 233 24 28 0.040696565 
928 389 46 62 0.040524088 
864 199 26 42 0.0396165 
702 45 7 10 0.03885 
285 140 14 16 0.03563205 
32 338 35 36 0.03002451 
410 18 46 57 0.030001836 
85 104 7 10 0.028946605 
673 504 40 59 0.028876299 
70 225 19 31 0.025747195 
149 188 19 26 0.024203246 
282 349 38 44 0.024147766 
0 263 26 32 0.023962388 
643 30 9 10 0.02298231 
789 593 61 50 0.0224049 
157 175 15 22 0.021861356 
468 321 43 59 0.021806048 
444 317 44 58 0.021164205 
172 164 14 20 0.020939842 
77 262 26 30 0.020513833 
986 372 33 47 0.020485101 
