54_Rescue_rescuepeople_54_431
164
819 377 31 34 0.9965947 
781 520 35 39 0.9964275 
570 460 30 42 0.9961635 
521 514 36 45 0.9960044 
675 397 26 32 0.9954726 
754 453 35 38 0.99415946 
69 310 97 99 0.9921726 
871 421 38 42 0.99165756 
741 403 24 28 0.9912862 
368 395 35 46 0.9904489 
663 357 23 27 0.99021506 
467 324 26 33 0.98922974 
624 550 38 49 0.98867655 
533 380 22 29 0.9885195 
887 513 39 43 0.9776177 
419 231 22 28 0.97370064 
653 272 16 22 0.97083426 
483 212 22 26 0.97006476 
552 187 19 22 0.9568029 
686 292 14 19 0.95617276 
90 222 38 52 0.9477419 
300 281 17 19 0.94645983 
693 316 19 23 0.93203413 
662 450 28 33 0.93023086 
601 284 15 21 0.92816556 
775 328 21 26 0.9274428 
598 358 19 25 0.91933125 
572 318 18 22 0.90393364 
607 315 19 24 0.90108776 
306 352 23 25 0.8894291 
270 320 22 26 0.84853333 
380 257 18 22 0.83913654 
294 197 13 15 0.8037333 
751 294 18 21 0.761603 
211 287 16 21 0.6235782 
278 187 12 15 0.6164078 
616 298 16 20 0.6109632 
395 515 30 38 0.6087324 
617 392 24 26 0.4968848 
510 169 14 20 0.48580867 
326 186 10 13 0.46546078 
379 206 15 18 0.43147781 
317 197 14 16 0.40215474 
470 183 9 11 0.39458638 
617 175 10 12 0.3824709 
146 280 16 21 0.3541195 
731 450 17 22 0.26121342 
495 327 15 19 0.21504372 
568 427 22 29 0.20413631 
244 293 17 20 0.18106407 
389 188 13 17 0.15895158 
251 183 12 15 0.15659569 
379 544 29 35 0.13731287 
185 219 10 12 0.1363031 
171 276 15 16 0.13014421 
231 262 12 14 0.12866427 
763 329 21 25 0.12316193 
349 189 15 17 0.11958151 
754 331 17 21 0.11089471 
638 180 11 11 0.108285785 
237 316 18 20 0.10362523 
189 216 10 12 0.10236441 
383 526 31 39 0.09939023 
248 187 11 14 0.09658356 
320 189 12 15 0.09615162 
632 272 12 16 0.09372937 
332 207 15 19 0.08790828 
736 353 19 23 0.083869696 
288 350 23 28 0.081048414 
716 395 16 17 0.08084257 
404 204 12 16 0.08014961 
477 182 9 11 0.076109305 
287 195 12 15 0.07191147 
300 220 14 18 0.0712114 
323 203 15 18 0.07097799 
725 382 18 21 0.07062125 
634 221 10 12 0.06742947 
645 268 13 17 0.0644126 
301 313 16 18 0.06382269 
650 231 7 9 0.06338298 
22 393 37 39 0.06050796 
205 276 14 18 0.05748207 
341 156 10 12 0.05326248 
180 248 12 16 0.05298999 
208 247 11 13 0.05214055 
240 197 10 12 0.05151365 
279 350 20 26 0.050364707 
686 252 12 14 0.04934119 
212 250 11 13 0.048500746 
620 219 9 12 0.04778308 
612 304 17 24 0.04544499 
686 238 8 9 0.045215763 
413 204 13 16 0.045201577 
267 290 14 17 0.044909615 
679 245 9 11 0.042752773 
603 235 12 15 0.04191315 
447 200 9 12 0.041832555 
715 314 14 18 0.040929515 
637 228 9 12 0.040525313 
295 275 15 19 0.03740247 
150 260 14 17 0.03628121 
337 395 26 32 0.035934683 
429 198 9 12 0.035705674 
381 198 15 19 0.035526704 
292 268 15 18 0.034749836 
651 260 14 15 0.034746956 
597 189 11 15 0.033037275 
321 305 16 19 0.032619767 
606 187 11 14 0.032476086 
176 304 17 22 0.03208418 
674 223 7 10 0.031950004 
645 261 14 16 0.031585746 
228 313 21 25 0.031477325 
653 253 10 12 0.031238182 
100 205 16 19 0.03101867 
321 183 12 13 0.030888014 
542 171 11 15 0.030881777 
655 230 7 9 0.030159263 
769 167 7 9 0.029981652 
695 176 8 9 0.029847786 
629 367 18 21 0.028587813 
680 522 24 31 0.02856603 
712 189 7 9 0.028222878 
256 238 12 14 0.02800273 
143 271 13 16 0.027999578 
493 181 10 12 0.027880765 
622 257 14 17 0.027792608 
148 267 14 17 0.027524516 
221 251 11 13 0.026921265 
295 312 14 18 0.026774373 
639 206 9 11 0.026287396 
464 188 9 12 0.026193053 
735 384 22 25 0.025798786 
710 185 8 9 0.025679188 
709 317 14 17 0.025401242 
633 216 8 10 0.025180187 
652 246 12 13 0.025137452 
637 216 9 10 0.025036128 
285 184 12 15 0.024538124 
166 279 15 18 0.024297746 
420 203 13 18 0.024278332 
715 473 13 17 0.024016729 
599 182 9 13 0.024007624 
224 221 11 13 0.02374405 
665 237 8 10 0.023408167 
155 267 13 16 0.023343375 
154 277 14 18 0.02283196 
238 304 20 24 0.022647504 
232 230 10 13 0.022526646 
667 435 27 36 0.022398565 
686 260 12 13 0.022132436 
195 327 21 23 0.022096127 
718 310 14 17 0.021821324 
696 309 17 20 0.021690952 
261 285 13 18 0.021660717 
394 196 15 16 0.021421947 
214 229 8 10 0.021395527 
658 224 7 10 0.021324776 
173 292 17 19 0.020828389 
677 222 8 10 0.020569423 
725 181 8 10 0.02031403 
216 293 18 20 0.020203117 
243 238 12 14 0.020136718 
585 321 15 21 0.020123107 
