54_Rescue_rescuepeople_54_159
74
886 27 32 38 0.99491006 
774 102 21 27 0.953621 
635 115 19 23 0.949882 
800 100 25 30 0.946493 
348 115 23 30 0.9450076 
629 175 29 37 0.9257693 
713 85 23 27 0.92155874 
690 111 25 29 0.88934916 
808 38 19 22 0.8707446 
755 133 25 31 0.86691415 
792 79 21 26 0.8427229 
780 32 19 24 0.8215909 
589 96 21 25 0.70286524 
298 206 20 24 0.6941982 
754 53 22 27 0.67184496 
421 230 17 20 0.5952156 
809 60 21 27 0.5466856 
517 177 21 29 0.5292719 
484 426 29 34 0.4962942 
798 72 22 27 0.36683244 
454 483 46 58 0.3286045 
741 96 20 26 0.20370325 
678 112 27 31 0.13454825 
856 55 16 21 0.13253285 
743 138 28 36 0.122474134 
864 35 14 19 0.1000779 
572 84 12 16 0.09926256 
846 15 21 27 0.093144186 
357 396 25 32 0.06727495 
619 170 27 35 0.055172585 
756 103 16 20 0.05358286 
730 18 16 19 0.05123298 
853 20 22 31 0.049483974 
236 171 26 38 0.0473504 
238 31 30 37 0.045687128 
708 15 17 22 0.04530807 
553 173 16 22 0.043881904 
482 244 15 20 0.04136568 
766 55 19 24 0.03942637 
581 92 14 19 0.036829278 
397 314 21 28 0.03625183 
446 479 32 47 0.036232024 
789 31 20 28 0.035808865 
406 235 23 29 0.035483338 
659 117 15 20 0.034678712 
745 51 22 27 0.034067973 
541 194 16 20 0.03327129 
652 127 18 23 0.03301504 
703 113 18 23 0.033001 
432 229 14 17 0.032146983 
764 103 18 21 0.03148499 
644 113 21 26 0.031270504 
509 284 15 20 0.031236673 
388 244 14 19 0.030224342 
669 115 21 27 0.028316237 
803 15 18 19 0.027322426 
780 64 17 20 0.027288219 
95 5 12 13 0.026885228 
539 314 16 21 0.026442394 
683 95 25 29 0.02584661 
415 228 16 20 0.025718085 
484 491 50 56 0.025388619 
349 275 21 29 0.025358757 
827 79 19 24 0.024735989 
544 180 22 27 0.024585914 
102 79 13 16 0.02403887 
546 199 16 19 0.023657992 
583 96 17 22 0.022593487 
209 299 16 16 0.022105975 
875 29 23 32 0.021880182 
480 239 11 13 0.021289147 
799 86 20 24 0.021229941 
691 41 17 19 0.020913685 
777 136 23 30 0.02083658 
