23_Shoppers_Shoppers_23_243
28
572 421 23 31 0.959359 
45 393 16 18 0.9059058 
103 405 15 18 0.76898956 
288 467 11 14 0.48334083 
185 437 9 10 0.37717208 
305 454 9 12 0.26486346 
249 462 9 11 0.13933948 
229 433 8 10 0.09727041 
214 440 7 9 0.072213456 
222 451 9 12 0.06821821 
451 495 10 13 0.061340854 
304 439 8 11 0.054383606 
159 438 10 13 0.049958363 
800 480 10 12 0.04027871 
340 462 10 12 0.035478484 
198 438 9 10 0.032202646 
311 510 8 10 0.030919729 
536 450 12 12 0.02827724 
304 472 9 11 0.02547882 
245 431 10 11 0.024823423 
400 526 17 21 0.02406431 
209 440 8 9 0.023617994 
518 529 13 18 0.02352368 
254 457 9 11 0.0230207 
189 434 10 11 0.021409346 
233 448 10 13 0.021288568 
303 477 8 10 0.020510891 
216 446 9 11 0.02002986 
