23_Shoppers_Shoppers_23_43
43
357 233 60 76 0.99894553 
167 233 56 69 0.9987206 
571 147 45 61 0.99729425 
159 396 60 83 0.99680436 
65 147 36 45 0.9954857 
940 121 27 33 0.9879665 
926 204 46 58 0.98684883 
791 134 32 44 0.9568206 
712 338 49 53 0.9280411 
602 120 33 50 0.9253997 
70 206 40 69 0.89781374 
868 150 30 39 0.8278498 
23 146 24 33 0.77485114 
431 391 41 60 0.5178889 
742 180 11 15 0.3473716 
972 117 21 28 0.3075863 
387 136 21 43 0.2874822 
209 151 25 47 0.15019992 
104 157 21 31 0.14507318 
550 136 21 30 0.13821256 
804 140 30 41 0.12730134 
531 132 16 22 0.08843914 
822 140 38 44 0.070551805 
459 113 32 35 0.06683956 
586 137 39 50 0.066303544 
221 154 23 39 0.0646271 
1012 124 11 16 0.06183838 
540 134 19 27 0.058350164 
884 143 23 31 0.053235855 
234 150 17 24 0.04269879 
746 186 12 16 0.04198312 
966 89 25 29 0.03922779 
967 100 26 33 0.033428915 
682 228 22 29 0.03128387 
763 178 12 16 0.030651188 
516 457 39 63 0.030346991 
412 411 56 85 0.026182098 
840 145 40 47 0.025802536 
945 92 17 19 0.02565418 
836 200 39 45 0.025524974 
599 214 29 40 0.023020608 
977 91 15 19 0.022538384 
867 146 21 25 0.020102682 
