23_Shoppers_Shoppers_23_461
18
650 187 19 22 0.9829381 
742 146 20 27 0.9484908 
688 140 20 25 0.91871464 
603 171 15 22 0.82299453 
333 34 70 154 0.25754014 
769 83 12 14 0.2400543 
550 186 14 18 0.17908733 
533 188 15 19 0.13309814 
918 140 15 20 0.11789737 
527 186 14 19 0.069900475 
623 203 14 17 0.06379528 
701 194 15 17 0.04246906 
816 175 12 16 0.027559416 
518 184 14 19 0.027103834 
499 197 13 14 0.025129784 
597 179 17 21 0.023223681 
448 187 9 12 0.022314733 
921 135 24 29 0.020993143 
