23_Shoppers_Shoppers_23_450
77
662 354 17 21 0.9598482 
248 433 17 23 0.94921726 
784 591 22 29 0.89776725 
853 633 19 27 0.80753547 
431 680 19 27 0.75545985 
613 769 17 16 0.60927933 
882 444 14 20 0.3816139 
579 619 14 17 0.3665743 
892 444 15 19 0.22188272 
685 300 10 12 0.22183359 
579 778 17 18 0.21148297 
345 262 8 11 0.17912792 
540 686 18 20 0.14702056 
740 613 16 23 0.13059369 
356 108 13 15 0.11571794 
339 103 11 12 0.10329479 
687 246 8 10 0.100510195 
714 318 8 10 0.10046893 
730 312 8 11 0.09726632 
576 686 15 16 0.096101575 
596 578 11 12 0.095655866 
578 574 12 14 0.09466538 
726 264 8 10 0.08491474 
581 640 19 21 0.08380526 
446 261 9 12 0.073039584 
459 623 15 15 0.06808294 
495 687 13 15 0.062302243 
702 246 8 11 0.060488127 
517 583 16 19 0.059604567 
330 116 9 12 0.05396281 
750 312 8 10 0.05392429 
573 612 17 20 0.052900914 
577 623 21 25 0.052830003 
563 578 11 13 0.051864516 
540 621 16 17 0.05089501 
759 296 8 10 0.049689125 
729 285 7 9 0.049090907 
752 249 8 10 0.048985645 
328 100 9 12 0.04845021 
613 631 21 26 0.04702947 
687 264 7 10 0.046466995 
612 577 12 13 0.043160554 
578 564 12 15 0.041781276 
760 311 8 10 0.04075385 
625 285 10 12 0.040613607 
15 279 7 9 0.04001168 
713 287 8 10 0.036832154 
752 295 8 9 0.035817735 
278 102 7 9 0.03568582 
565 781 13 15 0.03550852 
759 325 8 9 0.03441729 
275 102 6 9 0.033920005 
368 137 15 18 0.032680437 
533 692 16 17 0.032166146 
753 318 8 9 0.03208175 
442 261 8 11 0.031386722 
679 246 8 9 0.029684406 
607 244 8 9 0.02831872 
53 277 9 10 0.02814404 
785 310 8 10 0.0274591 
441 334 10 12 0.027279485 
757 320 9 11 0.027242439 
563 215 7 10 0.025295835 
613 620 19 20 0.025168685 
612 685 17 18 0.024487684 
787 583 16 19 0.024198659 
687 279 8 11 0.024169164 
271 129 8 9 0.023128996 
262 103 8 9 0.022352608 
571 270 9 12 0.022207377 
15 231 7 9 0.022005415 
550 204 9 11 0.021860432 
678 241 8 10 0.021854127 
687 578 22 30 0.021531954 
335 107 11 14 0.02149362 
34 217 7 9 0.021301718 
593 447 9 12 0.021127826 
