27_Spa_Spa_27_768
118
338 263 49 80 0.99944645 
193 333 52 81 0.99940276 
737 316 53 83 0.9980932 
565 248 56 76 0.9978623 
967 309 9 10 0.5062512 
839 346 8 9 0.49034208 
52 452 8 10 0.28761625 
31 460 8 10 0.28118008 
784 282 8 10 0.16082174 
76 422 9 10 0.15966445 
66 409 9 10 0.14957626 
806 273 8 9 0.1476446 
894 396 8 10 0.14018287 
16 454 9 10 0.12606846 
52 431 10 11 0.1224017 
17 423 10 12 0.1114847 
744 280 8 10 0.10930934 
933 357 7 9 0.10568282 
757 281 7 9 0.10416589 
930 322 6 8 0.10405847 
49 449 9 11 0.10349906 
81 437 9 10 0.099539325 
880 278 8 9 0.09249333 
736 269 8 9 0.089910574 
926 289 8 10 0.088854566 
911 285 8 10 0.08694932 
721 285 8 10 0.08342872 
688 301 8 11 0.07547012 
842 305 8 10 0.073585965 
964 329 8 11 0.07268526 
905 339 8 10 0.07187544 
760 294 8 9 0.071572535 
982 309 8 10 0.06685105 
922 293 8 10 0.062111374 
896 351 8 10 0.061459303 
926 337 8 9 0.05719071 
718 304 8 11 0.054595463 
927 310 7 9 0.052384473 
865 278 8 9 0.050470382 
839 270 9 10 0.050301567 
814 286 7 8 0.049378444 
45 439 9 11 0.048665795 
904 321 7 9 0.048605554 
902 309 7 9 0.04734537 
914 281 7 9 0.04674668 
898 324 7 9 0.04565192 
38 426 9 10 0.044527777 
878 367 7 10 0.04445798 
696 311 8 10 0.044018995 
910 353 7 9 0.041763283 
770 284 7 9 0.041583203 
896 382 7 9 0.041242298 
944 365 8 10 0.041098844 
895 295 7 9 0.041024137 
32 432 8 10 0.040072076 
29 389 8 10 0.039800685 
112 378 9 9 0.038864147 
0 436 9 13 0.03843862 
982 389 8 9 0.038312837 
11 392 8 10 0.03729142 
55 435 9 10 0.036752664 
853 301 9 10 0.036628153 
111 392 8 10 0.036194794 
840 366 7 11 0.036171433 
30 436 8 10 0.035572655 
945 382 10 11 0.034460228 
902 370 8 9 0.033554953 
79 374 9 10 0.03351524 
913 374 8 9 0.03351029 
949 407 9 11 0.033194948 
873 289 7 9 0.032810923 
744 285 8 10 0.03263307 
752 271 7 9 0.032324385 
726 312 8 10 0.032083124 
897 358 7 9 0.03159955 
898 368 6 9 0.031158784 
57 464 8 10 0.030838178 
922 321 7 9 0.029875234 
45 412 9 10 0.029872753 
697 273 7 9 0.029151019 
808 276 8 10 0.028567577 
743 261 7 8 0.027526222 
910 319 7 10 0.027481342 
719 308 9 11 0.027442424 
117 380 9 9 0.027397927 
934 321 7 9 0.027254738 
853 273 7 9 0.027245732 
711 272 7 9 0.02712639 
870 270 8 9 0.026847508 
109 408 9 10 0.026361179 
912 310 7 8 0.026271045 
904 356 8 10 0.026129859 
79 407 9 10 0.024830103 
918 278 7 9 0.024792707 
880 287 9 12 0.024743052 
866 271 7 9 0.024451213 
25 438 8 9 0.024212534 
975 294 8 10 0.024071738 
902 384 8 9 0.024004405 
943 303 8 10 0.023707686 
917 374 9 11 0.023683332 
912 384 9 11 0.023305276 
935 369 8 10 0.023105452 
33 423 8 10 0.022747407 
921 289 8 10 0.022695452 
40 445 10 11 0.022573182 
742 272 8 9 0.022560384 
776 294 8 10 0.022489794 
899 310 7 8 0.022382012 
930 375 9 10 0.022319894 
46 464 8 11 0.022316119 
890 396 7 10 0.02215008 
988 404 9 10 0.021457346 
921 310 8 9 0.02038522 
906 353 7 9 0.020315573 
1002 324 9 11 0.02031407 
875 310 8 10 0.020128915 
679 270 7 9 0.020123728 
