40_Gymnastics_Gymnastics_40_521
23
247 108 304 187 0.9848683
318 423 375 498 0.9746319
489 320 553 404 0.95970285
639 78 701 161 0.9343352
367 333 407 389 0.15735485
251 0 294 48 0.12493548
665 445 706 499 0.04884129
630 424 667 470 0.048695646
100 479 136 523 0.041319888
976 84 1014 143 0.039867397
300 13 342 59 0.036783446
102 24 131 59 0.034537192
294 572 348 633 0.032747712
285 478 323 527 0.031413984
354 371 397 426 0.031202177
782 451 817 498 0.027306996
451 425 502 488 0.02558401
197 427 230 473 0.02512737
242 369 279 418 0.024622394
-1 18 26 58 0.022239259
979 -2 1023 57 0.021688554
946 308 985 352 0.02110817
207 18 235 54 0.020216517
