40_Gymnastics_Gymnastics_40_566
23
461 160 524 238 0.9778817
151 122 180 160 0.060862333
600 23 650 84 0.05673357
165 317 204 365 0.055137195
718 330 750 368 0.04948629
786 298 819 341 0.045189105
50 175 82 214 0.044682387
30 127 60 165 0.0416977
813 303 841 342 0.040386982
538 252 575 303 0.03687794
764 208 802 256 0.032642197
645 321 681 364 0.030340303
401 246 441 298 0.029680189
253 148 285 191 0.028149698
99 299 126 335 0.02768876
690 202 723 248 0.026866356
72 231 100 267 0.026248941
224 252 254 288 0.024769861
737 115 769 159 0.024173075
728 192 772 243 0.023414752
585 254 619 300 0.022295443
400 481 439 530 0.02185492
81 92 111 130 0.020041255
