40_Gymnastics_Gymnastics_40_420
24
400 325 483 434 0.99109125
475 389 559 501 0.9904497
747 460 850 589 0.9843663
588 409 687 536 0.9326179
159 175 234 270 0.9184324
310 201 385 296 0.90917236
234 187 303 279 0.48858044
14 601 141 782 0.12652865
571 80 648 172 0.1217332
388 252 464 348 0.11008546
123 397 184 480 0.06763211
375 744 560 966 0.062610164
139 331 194 409 0.048205312
780 691 910 883 0.03751212
418 134 474 206 0.0350081
889 390 999 512 0.034221992
-4 520 60 621 0.03415012
102 302 164 376 0.03065964
171 99 245 191 0.026929066
99 509 165 589 0.026266348
181 494 236 569 0.025865924
27 349 120 462 0.024534006
643 173 700 244 0.022020448
336 403 390 479 0.021020453
