40_Gymnastics_Gymnastics_40_48
27
146 451 177 491 0.094945736
152 306 181 344 0.08329367
30 432 66 476 0.081571095
991 180 1022 229 0.08116945
631 249 671 298 0.073939815
417 76 462 130 0.0665977
175 301 203 338 0.06143079
203 362 229 393 0.054726053
802 180 829 215 0.051476594
484 94 518 140 0.048203323
65 473 105 511 0.046583667
253 303 277 337 0.045523763
208 249 234 283 0.039326996
256 331 281 365 0.036884923
158 254 184 288 0.035022296
525 95 565 142 0.03178788
638 203 671 243 0.02998412
203 277 229 309 0.029697662
3 434 29 472 0.02507414
645 169 679 209 0.024209108
129 302 160 345 0.023524612
184 403 210 436 0.022883123
554 15 635 105 0.022330316
260 380 284 410 0.022309305
123 347 155 389 0.021990476
345 161 433 257 0.021056488
234 286 263 321 0.020976454
