40_Gymnastics_Gymnastics_40_492
80
650 124 692 178 0.83229923
560 133 601 185 0.8128711
360 152 401 204 0.62196416
472 160 504 201 0.44960704
491 55 517 88 0.2007282
382 69 406 100 0.1600164
543 46 570 81 0.15026692
432 48 458 82 0.113386914
405 105 431 138 0.10617147
310 303 338 342 0.09671475
587 91 616 127 0.08979121
412 25 436 54 0.087207034
560 217 589 254 0.08209103
483 226 511 259 0.07715086
383 94 411 129 0.07702289
358 230 387 265 0.07612845
461 229 488 264 0.07565835
257 13 280 42 0.07530181
459 100 484 132 0.07209986
463 74 486 102 0.06657449
361 300 387 333 0.064592786
537 71 562 103 0.06433329
510 65 536 98 0.0639634
410 51 435 84 0.059870295
536 332 560 360 0.059750948
436 283 462 317 0.054562688
382 304 405 334 0.051828027
309 6 334 33 0.050171055
506 220 532 252 0.0501089
487 201 514 233 0.050060406
480 101 508 137 0.04937174
438 119 463 152 0.048248176
409 299 434 331 0.046716847
210 21 234 50 0.04658824
332 3 357 31 0.0455043
380 330 401 356 0.04528884
656 249 687 289 0.04528753
414 228 438 258 0.045182873
482 278 509 311 0.041994568
477 247 506 283 0.041964468
541 94 566 126 0.04192539
362 94 386 125 0.040261734
561 100 588 133 0.03857388
561 73 589 108 0.03807028
455 334 483 369 0.037579615
322 121 348 155 0.03744825
328 360 354 393 0.035188958
558 272 586 307 0.03387659
387 1 411 28 0.03357513
593 283 617 317 0.03296024
579 203 606 236 0.032140173
462 282 487 314 0.03212491
490 379 515 411 0.031131214
610 120 640 158 0.030334145
689 252 718 292 0.030135348
561 304 585 333 0.029181961
333 227 361 263 0.028989842
355 21 379 49 0.028702345
562 -1 590 29 0.028510744
301 49 324 80 0.028405134
894 3 937 41 0.027733093
650 217 684 261 0.027653342
437 228 466 264 0.027624872
538 275 565 310 0.026693504
538 304 562 333 0.02552386
454 0 484 31 0.02383176
587 331 611 360 0.023559783
511 278 537 312 0.023336295
283 19 308 50 0.022999633
434 149 464 187 0.022938779
377 248 405 284 0.022768019
606 296 634 330 0.022611767
512 18 538 51 0.022595838
516 332 540 361 0.021307139
691 307 714 335 0.021294998
711 197 739 235 0.021046681
403 4 430 34 0.021027843
462 204 487 235 0.020751659
288 72 310 101 0.020600654
511 357 536 388 0.020495106
