40_Gymnastics_Gymnastics_40_727
17
579 99 607 137 0.105095066
89 465 121 504 0.07732556
660 247 698 289 0.052295983
183 427 211 463 0.042842705
663 173 690 206 0.04192607
885 227 930 292 0.038883764
328 148 355 180 0.035754588
486 378 513 413 0.02787852
452 12 483 50 0.026869016
654 197 687 237 0.025344845
199 405 230 447 0.024616156
460 412 483 441 0.024240132
569 78 596 113 0.023690956
232 475 267 517 0.023431484
167 494 254 585 0.02278765
812 264 885 351 0.021945793
511 207 534 237 0.021043804
