40_Gymnastics_Gymnastics_40_1043
40
789 407 813 437 0.17770924
845 410 870 444 0.149967
831 532 859 568 0.10512384
820 401 846 435 0.101748094
845 461 871 495 0.086515665
868 460 894 494 0.085162066
822 462 847 495 0.07870802
866 427 893 458 0.07140551
994 525 1021 567 0.05815263
739 463 768 498 0.050007455
949 583 971 612 0.04150099
788 581 816 613 0.04144469
762 566 786 596 0.039720077
794 385 819 419 0.03916511
545 462 570 495 0.038184777
773 387 798 418 0.035302367
951 406 973 436 0.033606537
561 558 591 595 0.030818745
734 400 764 435 0.029559942
920 427 951 462 0.029212536
980 562 1005 596 0.0286464
745 534 770 567 0.027516413
769 428 794 459 0.02622903
737 503 769 544 0.026227629
70 653 101 693 0.02559269
817 430 842 461 0.025588205
819 583 844 612 0.025009457
892 456 917 488 0.024978353
540 406 568 441 0.024347173
798 460 825 496 0.023972075
357 476 383 509 0.023827828
952 458 980 496 0.023473464
971 426 996 460 0.02341447
380 480 407 514 0.023112178
949 428 974 461 0.022634504
741 581 766 612 0.022361951
352 410 377 441 0.021946566
930 587 953 615 0.021872846
876 586 900 615 0.021402922
505 243 576 341 0.021306176
