40_Gymnastics_Gymnastics_40_197
50
814 1158 879 1242 0.6802967
628 1484 704 1568 0.46134305
446 380 670 651 0.43472317
227 798 284 871 0.35251528
513 1031 577 1121 0.34342575
479 1513 554 1599 0.3095036
909 319 968 398 0.2197154
238 1148 304 1232 0.18505964
900 1034 954 1102 0.15950266
13 784 63 854 0.15926154
384 1426 449 1507 0.12549646
107 829 155 894 0.11679833
950 742 996 807 0.111588724
146 733 200 802 0.103073575
599 1221 657 1298 0.07458515
476 109 544 202 0.06990649
818 382 876 456 0.061922293
892 147 967 240 0.060288478
37 307 89 371 0.06019975
928 867 984 939 0.059707083
180 584 232 654 0.054322995
270 713 331 798 0.053496074
762 227 816 294 0.050081253
80 968 134 1040 0.048070483
712 1190 770 1259 0.04372604
82 583 135 655 0.04282616
796 1109 861 1192 0.042579927
945 1313 989 1374 0.04171067
240 434 301 510 0.041107398
316 368 374 445 0.040862147
83 513 139 589 0.037856422
333 79 505 285 0.036702797
38 1500 112 1592 0.036202163
725 598 847 788 0.033144865
47 1388 114 1476 0.03286178
138 661 192 731 0.032843508
823 159 887 237 0.031547543
303 1502 361 1582 0.031179618
68 1054 128 1129 0.030312333
604 1108 660 1184 0.030010391
196 235 249 302 0.02982973
180 425 325 614 0.029571336
186 863 245 943 0.02902243
230 220 288 290 0.028262721
-1 492 44 564 0.027427817
504 1480 620 1607 0.026547112
718 1271 775 1340 0.024440467
627 110 678 177 0.022404244
745 1508 807 1573 0.022257995
190 179 241 242 0.021059155
