40_Gymnastics_Gymnastics_40_891
115
925 360 951 392 0.8186226
264 277 291 312 0.7875858
71 307 100 342 0.78464866
188 307 212 338 0.6404965
126 300 151 331 0.52296466
680 482 710 520 0.48848727
585 322 607 350 0.4294877
452 306 475 336 0.4135287
385 284 409 315 0.39497727
610 393 635 425 0.35093552
329 298 354 329 0.3480154
551 384 574 414 0.32088634
700 337 724 368 0.2941078
481 382 504 411 0.28489673
529 309 553 340 0.2794167
559 614 583 644 0.27082705
765 330 789 360 0.20420808
842 351 865 380 0.20409617
612 478 638 510 0.20260236
676 283 700 314 0.19743231
524 480 550 512 0.1972398
531 551 560 586 0.18165395
389 479 415 510 0.18063404
872 352 897 382 0.17643656
492 604 517 635 0.17462127
459 480 483 510 0.17276664
745 486 772 519 0.1442631
432 605 459 637 0.14068495
683 398 707 429 0.13608447
763 405 789 439 0.12782851
849 255 871 283 0.0995184
824 383 847 413 0.09754638
766 457 790 487 0.09048484
635 436 662 469 0.08061764
281 385 302 412 0.06453199
795 355 818 385 0.061689455
827 332 851 363 0.05687155
544 363 568 391 0.055765554
461 538 491 573 0.055403087
381 507 408 538 0.054303844
491 432 515 462 0.05113715
647 356 669 383 0.049479064
692 461 719 495 0.046225067
670 386 693 416 0.044593822
795 382 819 413 0.042654015
508 378 529 406 0.042139165
644 384 667 414 0.040987384
559 429 586 462 0.040951677
359 591 383 620 0.040929448
711 437 736 469 0.038351774
759 587 785 618 0.03803169
441 327 464 357 0.037540436
744 309 768 340 0.037367567
845 180 868 211 0.03729694
365 533 390 565 0.03721858
944 404 967 435 0.036887288
75 226 104 260 0.03675548
894 357 919 390 0.034772635
0 178 29 220 0.0342981
949 253 973 281 0.034116544
716 382 740 413 0.033500653
49 227 82 265 0.031818736
531 505 558 538 0.031655237
824 255 847 286 0.031543016
399 460 425 493 0.03146012
758 534 786 568 0.030920662
107 280 136 318 0.03042304
637 403 660 432 0.029369688
434 350 458 381 0.029205602
308 331 335 363 0.028961783
171 193 201 229 0.02894942
406 432 429 460 0.02872714
926 257 949 284 0.02866344
508 592 533 622 0.02861144
722 478 749 514 0.027634878
105 223 135 258 0.027588166
382 330 409 362 0.027550334
783 453 811 488 0.027548298
283 331 309 363 0.027440904
284 356 308 385 0.027129527
376 607 403 639 0.027100164
462 504 491 538 0.026704838
462 588 487 619 0.026654232
612 21 647 62 0.025703525
442 460 470 495 0.025536133
386 556 411 587 0.025317611
248 260 301 329 0.025142595
558 554 584 586 0.02484402
54 358 79 388 0.02480253
232 332 256 362 0.024739774
121 321 148 353 0.024718154
412 334 435 363 0.02467219
514 408 538 438 0.024641631
748 383 774 414 0.024398452
106 358 130 388 0.02436406
327 323 356 358 0.024312772
362 299 387 331 0.024196079
259 567 282 596 0.023451926
950 231 974 260 0.023082392
607 531 639 568 0.023069553
620 282 642 309 0.022992533
667 335 689 364 0.022867007
914 3 946 37 0.022738691
687 556 713 588 0.02254132
586 353 610 382 0.022438299
939 512 967 548 0.021759761
385 413 407 441 0.021560784
20 244 54 283 0.021538354
924 406 950 437 0.021230074
718 279 745 311 0.021199876
903 252 927 281 0.020960331
633 508 658 539 0.020942895
943 603 973 642 0.020604972
876 379 899 407 0.020501928
896 227 921 258 0.020241564
