40_Gymnastics_Gymnastics_40_593
179
167 259 215 320 0.99363106
300 188 340 242 0.98816186
843 255 883 308 0.9812041
39 242 83 298 0.9162107
631 210 666 258 0.8762396
546 183 583 233 0.8704368
751 198 783 240 0.7753611
413 205 450 253 0.76769584
84 177 116 220 0.7367991
947 301 984 350 0.69870263
335 65 369 108 0.6719922
94 37 122 71 0.6477599
20 42 46 75 0.4481048
150 19 177 53 0.39046508
70 291 109 341 0.36615813
263 67 297 109 0.33403882
694 95 723 134 0.32948658
631 150 657 184 0.3201496
716 76 747 115 0.2593494
228 33 258 71 0.249656
565 6 597 39 0.19714656
554 126 584 165 0.19592266
852 175 879 210 0.19583042
19 104 44 135 0.19144356
640 49 671 87 0.19084111
778 142 809 181 0.18678251
928 174 952 204 0.17437907
948 143 976 181 0.16512129
500 45 533 87 0.15907414
104 117 131 151 0.15381382
220 226 251 269 0.15085837
713 28 739 61 0.14695436
900 20 925 53 0.14687984
4 399 35 443 0.1452401
968 73 990 103 0.14095215
553 38 593 88 0.14006032
823 75 849 107 0.13567767
453 65 482 103 0.13246253
168 127 197 162 0.1319596
428 17 457 53 0.121316575
634 20 662 53 0.11378441
635 123 664 160 0.11137401
842 44 866 76 0.110873215
40 435 74 478 0.10911398
197 384 237 433 0.108750544
20 1 50 35 0.10874617
363 2 390 32 0.10639605
767 5 795 36 0.105702005
42 17 71 54 0.10560307
820 45 846 78 0.104615904
403 117 431 151 0.0986378
693 1 719 31 0.09547367
158 431 189 469 0.093192466
300 2 328 33 0.091702566
672 95 700 132 0.090388164
97 155 127 193 0.07661737
351 20 380 55 0.07283511
149 223 179 261 0.07206546
798 73 823 105 0.0679892
658 68 688 104 0.06733284
794 254 823 293 0.06531482
451 0 484 34 0.06450523
903 76 926 106 0.06170672
125 145 155 184 0.060668603
841 354 871 391 0.059586927
74 455 102 490 0.05738341
694 43 719 76 0.056659855
738 22 766 58 0.0558156
703 327 731 364 0.05573626
387 99 418 138 0.055361614
453 120 482 156 0.054530237
979 211 1002 242 0.0543163
316 329 345 365 0.052886657
247 301 277 340 0.051608063
999 39 1026 80 0.051461954
50 377 80 416 0.050915442
378 9 410 48 0.050761927
952 96 976 127 0.050536815
4 324 29 358 0.049753193
302 118 334 158 0.049630634
801 48 825 79 0.049569957
859 116 889 151 0.04902575
410 3 443 39 0.04897209
378 353 406 388 0.048509136
721 202 750 241 0.048277926
437 95 466 132 0.048244588
940 251 970 288 0.04812314
869 50 895 84 0.0479965
621 103 648 140 0.045853756
169 168 199 207 0.044642907
792 27 819 60 0.044354856
78 62 109 101 0.043268666
620 0 648 30 0.041448895
791 95 818 130 0.04120799
695 256 718 286 0.04097287
134 1 162 35 0.04096246
124 403 149 436 0.039822437
6 17 33 54 0.039306916
383 427 407 459 0.03919173
232 67 265 107 0.038387522
928 126 956 161 0.038022842
388 275 414 308 0.037387457
411 47 443 86 0.0372831
660 117 690 155 0.036633182
286 14 314 49 0.035346035
-2 272 23 309 0.035103913
431 275 457 307 0.03493564
56 173 89 217 0.033703282
491 284 515 313 0.03365315
941 201 968 235 0.033577364
351 119 383 156 0.032616567
813 330 841 366 0.032491855
556 85 591 128 0.032480545
210 25 238 62 0.031986646
17 202 47 237 0.031639636
382 552 409 588 0.031486627
559 276 586 311 0.0313573
660 20 688 54 0.03124443
817 196 845 232 0.030982291
821 377 851 414 0.030906346
29 354 57 389 0.030894186
877 2 906 33 0.030853331
919 43 945 75 0.030678634
126 377 153 410 0.03004018
791 172 819 208 0.029957492
488 93 518 132 0.029918203
151 379 177 413 0.029736854
732 88 766 132 0.029728381
249 175 283 219 0.02971747
308 44 337 79 0.0295537
845 406 875 440 0.029547319
967 132 995 169 0.029317219
978 51 1004 88 0.029041095
562 247 590 283 0.02887418
228 356 260 398 0.028288046
-3 351 21 386 0.027892163
69 404 97 438 0.02779155
509 117 543 157 0.027701253
248 24 278 62 0.027186519
166 196 200 238 0.026583342
410 143 441 183 0.026555752
423 178 455 221 0.026468117
228 323 259 362 0.026401639
408 280 435 312 0.026235547
121 103 150 139 0.025997955
839 0 867 28 0.025851415
913 456 943 494 0.025771972
169 18 199 56 0.02572576
99 454 128 489 0.025651904
720 153 748 189 0.025619484
990 216 1021 259 0.025106397
923 98 949 130 0.02497691
743 254 771 287 0.02485208
100 357 127 392 0.024602976
740 146 773 186 0.024548184
204 75 235 114 0.02442658
202 328 233 365 0.024036268
902 155 928 190 0.024006931
801 300 826 333 0.023811098
790 2 818 33 0.023562519
79 127 106 162 0.023546834
232 274 268 322 0.023447443
16 144 56 192 0.0232535
865 155 893 190 0.023218326
824 150 851 186 0.023215752
661 281 686 312 0.022387339
820 118 851 156 0.022310937
843 98 871 135 0.022152092
867 325 897 362 0.021897933
663 149 692 185 0.021797802
383 249 410 284 0.021733146
179 98 208 134 0.02168487
993 375 1018 412 0.020993292
767 248 795 283 0.020970112
691 154 720 190 0.020879898
582 171 619 218 0.020773044
126 205 156 241 0.020618182
52 127 83 166 0.020559542
332 141 366 183 0.020074392
