50_Celebration_Or_Party_houseparty_50_715
48
806 645 11 14 0.13458544 
436 654 13 16 0.113641754 
254 599 15 19 0.08719801 
629 564 14 19 0.08270392 
596 563 14 19 0.06577565 
311 598 8 11 0.059918832 
19 591 27 33 0.05801943 
282 550 6 9 0.054689616 
772 578 16 19 0.05467346 
360 649 13 15 0.04817399 
493 525 8 10 0.04132908 
604 563 17 26 0.03849525 
918 583 12 15 0.03586343 
664 516 9 11 0.033130933 
698 599 14 17 0.032541152 
591 593 13 17 0.032244984 
676 618 13 17 0.03187491 
777 653 13 15 0.031032315 
801 532 10 13 0.030588519 
96 585 16 19 0.029757243 
611 602 13 17 0.0297156 
195 589 12 15 0.029542185 
455 657 11 15 0.029104417 
652 577 13 16 0.028414382 
266 636 15 16 0.02837539 
44 564 16 22 0.028238365 
822 666 13 15 0.027799275 
751 540 9 12 0.027716577 
213 580 13 15 0.027570352 
213 598 12 15 0.027402783 
783 554 10 14 0.027120175 
612 631 13 15 0.026802382 
334 660 15 17 0.026799846 
788 638 10 13 0.026583606 
636 669 17 17 0.025793156 
261 552 8 10 0.025358556 
282 589 11 15 0.0248592 
571 615 18 22 0.024058511 
463 564 10 13 0.023798741 
761 562 14 16 0.02378887 
467 663 14 15 0.021891411 
235 578 11 13 0.021806091 
669 493 8 10 0.02157457 
597 614 15 20 0.02146782 
579 580 14 16 0.021260396 
754 512 7 9 0.02108425 
668 616 15 19 0.020883044 
668 515 10 11 0.020752769 
