50_Celebration_Or_Party_birthdayparty_50_18
19
232 374 27 34 0.99616325 
334 364 26 31 0.99534947 
849 377 24 30 0.9942486 
133 403 26 37 0.99169767 
612 343 21 28 0.98383623 
640 339 18 23 0.9797148 
717 332 20 27 0.97758156 
545 352 20 25 0.9706482 
762 399 20 31 0.9688602 
807 347 20 24 0.96062315 
393 367 20 29 0.946075 
664 397 19 32 0.94013304 
468 355 16 24 0.93420285 
380 371 14 19 0.686391 
944 332 24 32 0.47465584 
532 442 15 17 0.18932323 
927 381 15 17 0.13135086 
429 430 25 29 0.0805725 
947 347 18 23 0.024258334 
