50_Celebration_Or_Party_birthdayparty_50_283
22
248 371 53 71 0.99872607 
594 306 37 47 0.9981858 
122 456 58 74 0.9978654 
810 178 37 44 0.9977654 
439 270 26 35 0.9965486 
653 167 42 52 0.99368286 
467 355 30 38 0.9931821 
889 295 28 36 0.99255085 
363 353 36 54 0.98746735 
458 313 23 27 0.9873847 
12 461 74 104 0.9868035 
777 330 34 56 0.9350366 
180 112 39 58 0.9293776 
767 339 30 46 0.8077092 
726 234 19 27 0.3055725 
895 432 49 59 0.2966017 
684 529 38 61 0.13121869 
853 229 24 36 0.09942848 
766 471 41 74 0.08570035 
483 257 18 21 0.059423305 
451 196 13 18 0.04141033 
677 524 28 56 0.037357125 
