50_Celebration_Or_Party_houseparty_50_19
18
521 396 36 48 0.9975362 
863 426 44 61 0.99547416 
655 441 29 46 0.9944601 
135 375 41 52 0.9810002 
454 422 21 28 0.9792828 
405 439 24 35 0.97558254 
215 415 30 52 0.75554055 
771 434 18 22 0.59839547 
748 493 13 17 0.5719774 
155 377 30 41 0.19659656 
257 473 22 27 0.08715809 
545 459 28 35 0.082290195 
776 437 22 25 0.070906006 
202 405 28 48 0.053456694 
60 286 24 31 0.039594103 
417 432 17 30 0.038369242 
681 471 16 24 0.026912676 
170 377 18 25 0.022048121 
