50_Celebration_Or_Party_houseparty_50_17
21
29 396 94 120 0.99963 
383 390 66 88 0.9996006 
497 391 64 73 0.99950325 
353 157 55 66 0.9994822 
721 352 72 93 0.9992299 
644 137 52 68 0.99899715 
811 109 57 67 0.99865025 
475 104 54 73 0.99835855 
222 59 63 81 0.997689 
925 386 82 104 0.995783 
194 388 77 104 0.99557674 
21 70 11 13 0.9102012 
102 143 11 14 0.036658145 
659 305 13 15 0.03452047 
652 307 14 17 0.030735353 
252 -3 40 42 0.029202769 
255 124 46 56 0.027977161 
17 63 9 12 0.024344955 
649 313 14 16 0.023494033 
76 221 11 14 0.02119817 
1 496 24 41 0.020063639 
