22_Picnic_Picnic_22_36
66
118 494 164 558 0.5047571
460 438 489 474 0.49137947
631 651 665 694 0.35826048
588 549 618 587 0.23137653
170 482 208 530 0.19448327
257 562 289 602 0.17993379
639 235 666 272 0.1316096
772 443 815 508 0.111935206
284 506 311 539 0.108727485
560 635 590 674 0.108258165
204 552 238 597 0.101318255
670 705 713 750 0.093928434
228 536 257 571 0.09149934
563 553 591 590 0.08564067
26 373 59 415 0.08520482
212 634 272 698 0.078286864
400 524 430 560 0.07237387
579 586 610 624 0.06868087
717 275 741 309 0.06342286
337 580 367 619 0.06118678
508 583 533 615 0.055246674
145 536 190 598 0.051466875
537 648 577 703 0.0465995
424 380 455 420 0.04441286
279 610 311 655 0.044321973
283 529 312 565 0.043771908
798 279 827 317 0.04287996
539 557 570 597 0.041797522
687 579 712 614 0.041146927
619 677 653 720 0.038990896
441 450 468 485 0.038268995
438 498 468 538 0.036753815
295 630 334 680 0.033718493
696 629 725 669 0.033391178
557 330 583 364 0.031791277
307 558 336 593 0.031761408
383 559 416 601 0.03167854
86 587 135 646 0.031454843
616 251 639 281 0.031274248
34 397 78 453 0.03065478
482 400 510 434 0.03031633
457 475 489 516 0.029477797
459 534 494 576 0.029252505
273 670 314 724 0.02908232
459 348 484 379 0.029073907
413 357 437 386 0.027909435
359 451 387 486 0.026653497
484 477 513 514 0.025936244
325 506 358 546 0.025518553
298 731 351 776 0.025196046
443 334 466 363 0.024730135
632 345 664 388 0.024621502
259 509 282 541 0.023489714
611 584 640 622 0.023166917
185 679 250 749 0.023037238
89 521 163 609 0.022845117
834 436 878 501 0.022561718
799 349 826 386 0.022528626
583 651 613 689 0.021561429
194 504 227 548 0.021328919
409 478 439 515 0.021221032
714 603 753 660 0.020930018
617 631 682 713 0.020784158
323 650 356 691 0.020329015
67 627 106 681 0.0203216
462 381 491 418 0.020001763
