22_Picnic_Picnic_22_140
51
308 339 336 376 0.6006432
791 377 817 410 0.48323917
637 362 664 395 0.30975214
335 451 372 493 0.2879123
566 363 590 394 0.26536563
418 352 442 382 0.1552169
873 377 905 417 0.13709837
620 377 648 413 0.10298176
607 451 638 490 0.09931499
696 461 725 499 0.088721365
926 364 950 395 0.06964221
562 393 598 436 0.06533048
430 408 465 453 0.05437903
695 400 722 435 0.05422518
849 376 878 413 0.053060457
456 426 484 465 0.053034358
401 376 432 415 0.0485805
535 403 563 439 0.046841517
811 402 841 440 0.04530147
529 426 560 468 0.04416892
631 448 664 488 0.04335536
543 379 571 417 0.04156414
813 427 847 468 0.04027995
748 403 776 438 0.039158136
389 401 418 439 0.03457276
775 361 802 395 0.03422799
167 327 203 373 0.032760262
100 398 136 442 0.031054316
624 398 659 439 0.031040652
712 386 739 419 0.030599033
916 428 947 467 0.030521253
741 427 776 472 0.029028142
228 665 265 708 0.028948195
893 364 921 399 0.027426265
845 430 880 474 0.026995357
379 450 410 488 0.026419878
282 430 315 472 0.024874983
407 510 438 546 0.02388991
36 427 77 483 0.023590473
480 482 507 516 0.023340294
586 476 617 513 0.023111511
81 308 111 344 0.022714127
380 484 411 520 0.022570932
230 409 257 444 0.022305192
426 370 456 409 0.022284701
822 359 847 392 0.021578716
311 477 346 514 0.02123805
300 430 346 482 0.021232968
591 432 619 469 0.020621533
763 582 806 638 0.020444894
515 449 544 486 0.020046972
