22_Picnic_Picnic_22_308
50
387 328 413 362 0.3320142
946 193 987 248 0.2679548
523 297 549 329 0.26063973
558 254 585 287 0.1282943
697 230 720 260 0.11939015
584 232 608 263 0.08031978
642 178 669 210 0.053440567
767 224 790 253 0.051419817
462 381 494 419 0.046844106
595 280 620 312 0.046626218
368 329 392 362 0.04257229
744 254 767 283 0.04175056
670 230 693 260 0.04092906
710 245 736 277 0.03583657
619 233 640 262 0.03571215
641 226 665 255 0.03543819
515 383 541 415 0.034279797
476 273 508 311 0.033918593
799 258 823 288 0.03374422
639 202 665 232 0.033577543
950 426 979 464 0.03183279
763 255 790 288 0.031622622
844 277 869 308 0.031363185
516 223 544 259 0.030967256
713 209 737 240 0.030945051
664 203 691 236 0.030674892
434 361 464 394 0.029991215
405 347 432 381 0.027404916
477 356 505 389 0.027286582
612 251 635 281 0.027032675
940 493 977 546 0.02701326
249 98 283 142 0.025634537
719 303 746 337 0.025308058
719 279 744 309 0.024381258
663 275 687 304 0.024028188
666 252 692 285 0.023477092
666 307 690 336 0.023421923
772 308 797 339 0.023063863
845 300 870 332 0.02303682
847 206 875 241 0.022728737
364 353 387 383 0.02266572
692 308 717 338 0.02251789
796 225 819 255 0.022199498
794 331 817 360 0.021767922
-62 259 309 630 0.02167307
485 300 514 335 0.02153126
740 275 766 306 0.0212908
567 209 593 240 0.020796884
867 204 896 241 0.020671185
582 330 609 363 0.02064234
