22_Picnic_Picnic_22_310
79
648 229 685 278 0.74406976
293 204 341 261 0.5900323
863 220 893 257 0.31165466
511 283 538 316 0.25737685
483 249 509 281 0.22088178
440 210 468 244 0.19462806
665 176 695 214 0.19181107
771 195 798 229 0.18464923
966 228 994 262 0.17582741
503 333 532 369 0.13974094
385 380 418 420 0.111142814
711 276 737 308 0.09325533
487 272 515 308 0.08856796
401 173 428 211 0.08373435
969 202 994 233 0.07617678
558 228 586 264 0.070372015
921 227 945 258 0.07028143
532 281 560 316 0.062044103
223 249 255 288 0.061617155
713 304 740 339 0.05887286
231 375 262 415 0.05875501
845 205 873 242 0.05810325
689 193 718 233 0.0539437
899 227 926 263 0.053027414
822 326 847 359 0.048571333
892 306 919 342 0.048077375
506 253 530 283 0.04698303
638 429 666 465 0.046730835
582 248 611 283 0.04428574
404 364 434 400 0.044027157
768 269 798 304 0.043500844
712 206 742 244 0.042281453
608 194 635 230 0.042005908
686 217 723 268 0.039976258
749 353 777 388 0.039477058
876 152 904 188 0.038156494
3 276 26 311 0.03697457
764 335 791 368 0.036252853
543 249 569 281 0.033771984
618 220 647 261 0.03354789
635 320 668 362 0.033481672
465 274 495 312 0.032601353
662 322 689 358 0.032584324
739 223 766 258 0.031803716
869 358 898 394 0.031398043
888 174 915 207 0.03125925
996 230 1021 266 0.030749371
590 179 617 215 0.030649772
744 252 775 291 0.0304524
786 217 816 254 0.030418994
795 327 822 361 0.029736724
895 352 924 390 0.029213175
561 278 588 311 0.02892401
44 271 71 305 0.028923512
158 273 182 304 0.028594492
616 306 649 346 0.028232032
821 253 846 288 0.027274989
846 356 872 390 0.026819441
991 17 1020 59 0.02649072
897 202 922 234 0.026185744
740 308 767 342 0.025189914
210 271 242 310 0.025096402
21 270 52 307 0.024968758
370 328 402 365 0.024788223
823 205 850 240 0.02457379
530 331 559 368 0.024451168
416 221 446 258 0.023880959
691 372 721 412 0.023846237
178 255 202 287 0.023203991
123 274 150 307 0.02267181
184 326 210 360 0.021961404
856 450 896 497 0.021932608
261 222 292 263 0.021805665
489 177 517 214 0.021768292
917 278 946 313 0.021076819
588 275 614 307 0.020695241
589 481 620 518 0.020389894
152 462 186 500 0.020386543
384 195 410 229 0.020145813
