22_Picnic_Picnic_22_541
84
889 861 928 913 0.23731866
195 985 233 1031 0.120131835
856 695 887 735 0.09914707
62 1116 101 1165 0.07873616
256 1083 290 1127 0.074110456
528 1080 566 1130 0.070379
367 1183 401 1225 0.069984734
88 644 127 693 0.06861375
248 325 286 372 0.068222515
836 29 862 61 0.06714357
290 923 327 970 0.066023976
285 1016 321 1062 0.061404373
836 704 866 742 0.05934911
869 757 906 804 0.05908508
359 1084 397 1133 0.04774582
563 1122 598 1165 0.04708589
42 328 74 368 0.046696708
302 256 342 305 0.04559673
140 1160 177 1206 0.04238384
67 1210 110 1263 0.04136828
962 94 991 128 0.038730964
585 990 627 1043 0.03797904
932 716 964 757 0.03732618
960 131 988 165 0.03456193
727 33 753 66 0.034485884
68 692 106 740 0.034127958
895 684 926 726 0.033794817
433 954 474 1005 0.03368838
800 27 831 65 0.033538815
142 1085 178 1131 0.03345219
429 1082 463 1127 0.032347865
396 233 429 276 0.031737
533 1113 573 1164 0.031618565
526 219 556 256 0.030825313
83 1257 126 1308 0.030779662
262 349 305 403 0.030663658
698 1125 731 1166 0.030161222
594 69 626 107 0.030129382
931 760 965 805 0.030104991
732 62 759 94 0.029826678
341 1066 374 1109 0.029570088
258 263 293 304 0.029246887
97 965 138 1013 0.029164728
468 132 501 175 0.0291554
438 296 474 339 0.028984802
893 22 931 65 0.028275412
70 985 105 1029 0.027665837
470 68 499 104 0.027482694
456 1091 488 1132 0.027133683
361 250 399 298 0.026502669
990 61 1021 104 0.026486902
525 991 566 1045 0.025992747
438 707 507 794 0.025173152
135 1119 172 1165 0.025098747
990 23 1023 69 0.025056032
398 1088 435 1134 0.025009628
854 28 883 63 0.024687812
628 66 654 99 0.024181942
762 32 793 69 0.023519307
858 65 889 102 0.0235121
706 27 736 64 0.023476174
0 1019 34 1071 0.023312816
238 1062 272 1108 0.023270965
655 1113 690 1159 0.022893209
653 31 688 72 0.022891311
123 629 162 680 0.02274982
620 818 661 871 0.022649815
860 94 889 130 0.022359058
338 1146 377 1196 0.022350851
89 1154 124 1197 0.022260213
761 67 789 101 0.02220799
292 1052 329 1098 0.022068417
937 127 965 163 0.021746669
3 1087 37 1136 0.021744363
321 199 361 248 0.02125662
901 70 933 108 0.021158155
495 137 524 175 0.02110214
803 693 831 731 0.020977508
428 228 460 267 0.020905647
330 995 366 1042 0.020476496
435 1194 468 1236 0.020175943
592 33 618 65 0.020068929
33 1092 74 1143 0.02006566
695 788 739 846 0.02001412
