50_Celebration_Or_Party_houseparty_50_609
113
218 348 278 425 0.9704517
143 253 184 304 0.9348547
288 238 326 289 0.8682564
546 265 588 318 0.67352885
210 209 244 252 0.45494142
995 263 1025 310 0.36311668
303 337 342 395 0.3231959
69 344 106 393 0.3116847
151 199 177 233 0.23308583
73 214 102 250 0.23235475
735 341 786 414 0.20496197
409 225 436 261 0.1957118
522 175 549 211 0.15268081
493 231 520 266 0.12384291
590 250 627 300 0.12280722
467 173 494 209 0.11429632
534 194 565 233 0.104564324
332 198 359 234 0.10222617
862 226 889 260 0.09893432
780 350 826 413 0.085453026
178 164 203 198 0.083948985
355 181 380 213 0.082511105
439 154 465 189 0.07981506
899 248 928 285 0.07492635
805 208 830 239 0.07151542
267 182 291 213 0.06945749
862 467 933 566 0.06361874
738 276 778 328 0.06264626
899 174 923 205 0.06262069
451 254 481 290 0.06045687
52 206 81 245 0.060427453
441 404 491 474 0.060012437
947 201 972 235 0.058304906
811 226 841 264 0.05726583
97 223 129 264 0.056194626
4 150 45 205 0.053943347
920 224 944 255 0.053247083
560 205 589 243 0.051205378
376 360 422 424 0.051039703
0 376 31 424 0.050802954
545 394 585 452 0.04910581
504 300 544 352 0.04883444
715 244 747 283 0.04840955
260 249 290 288 0.04329724
925 155 949 186 0.04108015
763 253 792 287 0.040973276
311 199 338 234 0.040969152
643 271 673 309 0.040890526
438 203 466 239 0.038292136
350 320 399 379 0.038124148
742 232 770 266 0.03754274
948 353 990 418 0.037237354
870 244 900 282 0.036473
870 279 901 319 0.035896335
433 324 467 369 0.034639884
134 179 162 218 0.033750966
588 206 612 239 0.033586826
846 199 873 232 0.03338203
691 295 725 345 0.03324769
430 226 460 266 0.03318278
480 195 505 228 0.032612678
916 306 951 352 0.03198373
486 158 510 192 0.03190183
341 148 365 177 0.03087842
384 202 413 239 0.030709391
668 201 693 232 0.03041212
15 194 56 245 0.030285267
975 194 1006 235 0.029795518
437 107 461 137 0.029505134
664 249 695 288 0.029268831
946 292 980 339 0.029214818
690 243 721 284 0.02817073
745 199 771 231 0.027528005
62 0 107 46 0.027288308
882 417 921 470 0.026669161
527 308 574 369 0.026252473
227 302 265 347 0.025951855
648 123 671 153 0.025906995
409 155 433 187 0.025780091
826 181 852 213 0.025775893
806 373 881 483 0.025600944
383 249 418 290 0.025577974
565 442 603 492 0.025485853
494 52 515 78 0.02527014
902 330 969 421 0.025252996
351 449 420 530 0.024995374
921 269 953 313 0.024946209
776 155 801 186 0.024437768
451 295 485 338 0.024254499
277 197 303 231 0.024150714
596 179 617 208 0.024009125
878 171 902 203 0.02383727
643 154 669 188 0.023814222
1 37 34 87 0.023720039
328 222 358 263 0.02335637
389 412 461 501 0.022944797
633 305 664 344 0.02249194
457 125 481 157 0.022007747
717 203 741 234 0.021986533
29 552 66 605 0.021855598
846 239 875 278 0.021600246
617 203 643 237 0.021406576
-6 459 27 509 0.021154445
127 129 157 170 0.021024382
156 397 198 450 0.020886501
350 274 384 314 0.020845098
409 23 435 53 0.020767095
797 18 824 49 0.02072417
52 432 131 535 0.020692598
844 277 877 321 0.020530352
227 150 253 182 0.020349087
412 331 478 425 0.020204242
25 298 104 391 0.020078583
