50_Celebration_Or_Party_birthdayparty_50_283
86
22 470 87 567 0.88900036
253 377 297 437 0.88360476
360 363 397 412 0.8037851
810 176 848 227 0.78210443
125 453 174 527 0.73770213
657 159 693 203 0.6813082
592 302 629 353 0.4535359
453 308 481 344 0.3418999
535 435 577 489 0.3322941
772 330 809 380 0.32802144
433 269 459 304 0.26863155
869 320 907 372 0.19911592
890 288 924 333 0.18920316
305 474 347 522 0.16874085
586 371 619 412 0.120995685
456 414 493 459 0.10846558
179 117 224 179 0.09962862
450 356 479 392 0.09631943
643 350 678 395 0.095763825
249 448 287 499 0.07881395
129 266 170 319 0.07862565
807 213 849 267 0.07084899
461 223 485 254 0.06867768
633 446 663 485 0.06524156
912 341 949 392 0.06156289
585 478 622 525 0.058547575
347 461 388 510 0.056891736
668 401 700 443 0.053322345
707 197 739 238 0.052701138
441 226 466 257 0.052327823
331 226 355 257 0.0511677
883 415 932 487 0.049100135
555 530 592 577 0.046080727
277 508 319 562 0.045589123
547 595 667 727 0.044936363
929 444 979 506 0.043452024
686 259 730 317 0.042595398
946 160 982 204 0.041542303
450 275 479 312 0.04036449
884 466 948 551 0.038901675
461 254 487 289 0.03875845
608 498 653 553 0.03856262
117 509 169 578 0.037309416
739 316 778 372 0.036088694
529 542 572 599 0.034262907
779 478 830 544 0.03294843
704 312 748 374 0.03214281
836 194 870 239 0.03155697
143 428 219 531 0.031241544
599 405 634 447 0.03051118
481 458 513 498 0.030007921
309 231 335 264 0.029873682
868 201 903 241 0.029569171
63 444 145 556 0.029252037
736 138 771 182 0.028953841
380 432 413 475 0.028502133
194 385 233 436 0.028306236
840 342 883 400 0.028019411
891 362 933 417 0.027667942
370 472 415 525 0.027072253
503 681 552 740 0.026876232
673 532 725 611 0.026747242
827 462 895 553 0.026656732
222 462 264 516 0.02638506
738 221 772 265 0.025929939
559 466 595 514 0.025424141
769 198 800 238 0.024920167
225 531 274 587 0.024205785
708 416 749 473 0.024067119
633 162 699 241 0.02394597
486 206 511 239 0.023900507
737 280 771 323 0.023316521
426 598 575 752 0.022374416
7 16 144 223 0.02232113
631 493 701 577 0.02197259
605 347 639 392 0.021760782
636 287 712 374 0.02103982
579 515 626 572 0.02097554
584 150 612 187 0.020778961
567 206 593 240 0.020741606
175 604 212 656 0.020477036
566 404 597 443 0.020330995
186 272 217 311 0.020287557
793 326 858 407 0.020200854
686 218 727 273 0.020178044
994 101 1020 137 0.020027181
