50_Celebration_Or_Party_houseparty_50_33
21
241 102 319 202 0.98794216
676 55 744 136 0.9226865
299 535 328 570 0.1680194
530 458 558 493 0.09024121
762 105 794 147 0.06405881
359 480 382 508 0.047465406
408 299 433 329 0.043251958
329 532 355 563 0.036009967
607 145 638 183 0.033931725
307 478 332 508 0.032924134
785 142 831 196 0.030611794
389 300 413 330 0.026329301
362 355 387 386 0.02469537
664 360 689 392 0.024422005
648 305 676 342 0.024190007
310 250 339 287 0.022922413
282 484 304 514 0.022505257
378 380 401 408 0.022113865
657 412 687 448 0.021937724
328 193 359 233 0.020543708
716 354 747 390 0.020410554
