50_Celebration_Or_Party_birthdayparty_50_479
58
361 558 452 678 0.9925795
8 64 50 123 0.19831358
135 43 181 102 0.16048096
78 79 122 139 0.15567437
162 409 193 447 0.10800883
693 655 731 700 0.10786144
504 536 533 570 0.080789894
803 361 847 414 0.07263803
176 707 233 763 0.06968448
146 629 179 670 0.06495318
19 451 47 484 0.061369646
515 659 543 695 0.058105897
604 224 638 272 0.05653065
825 275 850 308 0.054645456
746 411 773 445 0.05365988
280 78 314 120 0.046693277
930 51 1026 200 0.046214264
1 385 25 423 0.042572446
78 413 102 443 0.038071327
807 705 839 744 0.037986305
33 65 93 146 0.03651186
200 30 235 74 0.034638733
760 422 792 462 0.034430727
602 263 635 310 0.03292455
790 406 823 447 0.03253822
425 15 459 59 0.031624563
385 307 415 345 0.03139504
103 408 130 441 0.030646266
156 561 183 595 0.030509781
580 654 608 690 0.030410657
774 667 798 696 0.02927974
81 555 108 590 0.029233487
614 371 641 409 0.02757665
525 262 575 326 0.027221497
257 405 279 433 0.026689062
528 557 559 592 0.026507737
248 714 280 755 0.026338814
338 537 372 580 0.026292948
652 271 684 311 0.023708422
567 541 593 577 0.023562614
55 408 79 439 0.023373572
68 334 94 366 0.022764644
379 421 409 460 0.022717554
264 386 288 416 0.022624318
840 292 875 331 0.022396795
48 429 76 463 0.022321412
685 145 712 180 0.022251733
530 531 560 566 0.02137471
232 410 254 440 0.020988105
212 410 236 442 0.020924034
787 301 816 337 0.020415135
621 406 648 442 0.020351054
481 714 518 752 0.020314567
574 236 640 326 0.020314375
97 539 122 570 0.020311054
927 252 955 288 0.020231096
482 265 527 332 0.020145478
739 452 768 486 0.020007925
