50_Celebration_Or_Party_houseparty_50_282
46
322 222 363 274 0.9326148
648 192 693 250 0.8585608
37 233 95 314 0.8565502
418 149 458 200 0.7759033
178 251 220 303 0.6185272
613 144 646 187 0.5267895
927 217 972 273 0.39779723
26 8 112 120 0.16398332
793 168 843 234 0.14758733
930 86 966 127 0.12302004
417 292 454 335 0.09989143
529 122 558 160 0.095040426
502 173 535 217 0.07772429
476 292 509 331 0.054709774
217 246 255 300 0.04465738
514 102 542 139 0.0411109
535 252 563 288 0.039545424
245 297 282 344 0.0383186
94 245 126 293 0.036762673
379 222 412 266 0.036294766
590 119 618 154 0.036062974
588 163 620 204 0.03428633
533 178 561 216 0.0337527
742 127 769 164 0.032469444
530 226 558 261 0.031176055
410 189 443 229 0.02916061
556 298 586 336 0.02895536
-1 193 34 253 0.028601753
561 172 590 210 0.027567174
197 283 238 335 0.027017016
643 94 670 129 0.0269672
513 247 543 285 0.026380295
244 247 287 301 0.025909465
462 326 497 368 0.025747422
526 7 561 43 0.02467994
666 121 700 166 0.02423386
455 170 486 214 0.023846902
354 210 384 247 0.023717942
584 325 611 361 0.023270145
791 67 817 101 0.022175629
562 98 594 141 0.022009468
885 116 920 158 0.021963721
731 1 770 41 0.02145165
753 549 809 601 0.02098069
507 289 541 330 0.02079866
527 44 564 88 0.020329062
