50_Celebration_Or_Party_houseparty_50_17
52
32 406 114 510 0.993804
721 356 791 445 0.99112797
196 395 268 489 0.9902518
933 382 1012 493 0.9879199
651 139 700 203 0.9862287
356 166 402 224 0.9447239
502 393 558 459 0.94144857
381 392 447 476 0.93727577
476 109 526 173 0.9364653
808 105 868 180 0.9362572
219 68 267 129 0.52993125
152 95 185 139 0.24264312
250 128 292 178 0.22156048
958 225 1022 320 0.1991133
538 174 570 215 0.15600316
98 114 131 155 0.08467991
251 2 287 40 0.07545368
1 116 35 172 0.07326803
437 121 471 166 0.072935216
43 219 84 274 0.061245374
130 223 178 291 0.05574615
303 211 348 265 0.045612358
858 110 899 168 0.044995535
781 179 821 231 0.041766517
5 64 34 110 0.04154458
892 211 941 273 0.041148275
31 520 90 603 0.04007724
173 72 207 116 0.03698788
383 23 416 64 0.035938215
225 7 266 54 0.032965407
274 163 312 212 0.03211462
53 188 121 277 0.031274054
422 268 455 317 0.031163985
-5 190 28 246 0.029560495
127 96 161 139 0.029228814
328 120 367 168 0.028539853
199 46 238 99 0.028095014
275 59 311 108 0.026731418
759 262 804 329 0.026697064
-1 503 33 561 0.02585707
607 263 656 327 0.02559788
914 336 963 411 0.025211288
933 132 987 194 0.024644518
320 262 383 348 0.024107391
452 344 494 403 0.023839375
601 322 643 375 0.023835354
507 348 556 405 0.023426773
289 4 347 68 0.02205189
889 118 931 176 0.021920444
910 169 1036 373 0.021293579
44 114 81 162 0.020743933
481 77 518 121 0.020592358
