50_Celebration_Or_Party_birthdayparty_50_213
17
584 225 694 369 0.9970835
689 229 794 371 0.9939534
415 274 527 419 0.99366355
109 189 212 326 0.99216545
197 328 299 464 0.99170727
932 442 1012 572 0.97736645
374 81 425 147 0.47993502
650 438 737 547 0.06059543
942 275 1002 352 0.05449561
724 141 803 229 0.053582188
0 560 76 659 0.050806426
315 83 358 142 0.04206215
764 204 862 324 0.03156934
40 37 83 90 0.022393716
682 7 760 93 0.022351496
377 291 420 348 0.020666407
201 256 275 348 0.02066325
