50_Celebration_Or_Party_birthdayparty_50_249
23
661 186 714 254 0.9907645
807 191 863 261 0.9768142
576 235 626 301 0.9702725
354 275 405 331 0.8096748
149 271 211 342 0.7815764
741 23 769 59 0.15609723
565 141 599 184 0.1414767
197 228 230 272 0.10110923
582 159 620 207 0.0883349
749 67 782 111 0.053419266
903 73 938 117 0.050749917
250 255 278 290 0.04277213
376 219 421 272 0.04042028
36 193 70 236 0.03910471
610 67 645 115 0.037504997
426 113 464 164 0.029646588
121 221 162 271 0.028681202
79 173 114 218 0.025690423
427 67 463 111 0.024256418
591 46 624 87 0.022175437
450 130 493 188 0.02215063
13 363 58 424 0.021922704
445 42 487 89 0.020872323
