50_Celebration_Or_Party_houseparty_50_303
30
477 315 621 499 0.8737769
223 1489 314 1599 0.8626134
525 1558 614 1674 0.53709984
730 1507 806 1605 0.48665455
274 1590 343 1686 0.14132279
169 340 339 552 0.13212983
884 1647 951 1730 0.108516395
861 1530 931 1615 0.09389247
848 1602 922 1692 0.07121477
401 1483 465 1563 0.06009675
167 1642 235 1729 0.057565615
642 1773 708 1856 0.05325146
840 1726 902 1803 0.047693416
649 1479 709 1562 0.04656474
610 1729 675 1812 0.046304133
790 1783 848 1856 0.041581403
540 1889 609 1974 0.039283775
597 1472 667 1559 0.028702052
38 1546 125 1655 0.028312756
353 1599 427 1695 0.027761523
405 372 517 529 0.026415618
766 401 870 516 0.026047194
702 1653 762 1725 0.024884481
657 774 745 888 0.02479024
702 1344 788 1445 0.024715902
667 1605 727 1681 0.023626672
770 1346 843 1442 0.022590581
562 488 663 623 0.021564104
699 1772 765 1852 0.02106876
702 448 782 545 0.020747982
