50_Celebration_Or_Party_houseparty_50_788
36
762 150 798 192 0.25118077
248 121 283 164 0.2439244
81 76 126 132 0.17605868
541 137 572 176 0.16573155
409 122 444 165 0.10338897
834 203 874 251 0.0900372
396 270 437 324 0.089677446
194 374 232 423 0.08647362
312 286 354 338 0.08222713
196 175 240 230 0.06114087
255 196 290 241 0.05773957
117 52 156 102 0.052939154
152 115 188 163 0.050852954
369 442 412 497 0.05074721
321 379 364 431 0.046210423
301 192 330 229 0.039288014
718 142 749 180 0.03839152
276 392 314 441 0.036418643
655 101 688 138 0.03533108
321 115 353 154 0.03413413
277 175 308 214 0.03297585
743 166 777 207 0.031435736
66 7 107 51 0.030787013
784 68 816 110 0.030069228
200 121 234 166 0.028574659
15 179 54 228 0.027721995
271 143 302 183 0.02692578
-1 213 29 261 0.024690023
204 10 244 58 0.023930635
613 153 647 194 0.023887772
685 123 717 162 0.023614064
6 411 57 478 0.023276292
307 251 341 295 0.02210168
228 106 261 144 0.021841062
-2 322 31 380 0.021636685
929 170 961 210 0.021618601
