50_Celebration_Or_Party_birthdayparty_50_18
89
462 354 487 386 0.35307962
338 363 361 391 0.23874445
717 353 739 381 0.2370497
839 374 866 410 0.15748143
617 299 644 332 0.15703519
635 334 659 366 0.13195102
719 330 744 360 0.11833131
555 318 588 360 0.11824277
946 328 972 362 0.118030526
122 402 147 434 0.10340217
736 324 763 357 0.10235992
232 376 258 407 0.099907584
944 303 969 333 0.08899816
870 354 898 389 0.08898594
258 205 281 234 0.084630504
736 392 765 426 0.07994364
764 279 790 310 0.076761186
797 332 823 363 0.07635662
546 356 571 388 0.072642036
975 330 1003 369 0.07086959
812 353 840 388 0.07029222
768 297 798 334 0.06291085
770 435 796 469 0.061708793
354 229 378 260 0.05706978
796 281 821 315 0.057063885
202 210 226 239 0.056858912
223 224 250 256 0.05420861
345 373 375 409 0.05284933
992 343 1019 385 0.052646033
566 411 593 442 0.050735865
916 453 944 488 0.050262675
536 223 563 259 0.047286905
222 249 252 284 0.04721759
699 357 723 388 0.047042977
525 433 557 469 0.04574377
560 225 586 258 0.044180684
313 381 337 412 0.04366997
913 397 943 434 0.041953787
975 300 999 332 0.04110436
587 355 612 387 0.040709324
720 380 748 414 0.03982774
386 205 409 235 0.039111115
711 275 738 307 0.03777516
813 284 843 321 0.037347574
766 408 790 438 0.037242044
994 308 1019 344 0.03673248
300 271 331 309 0.036696725
310 202 334 232 0.035493504
175 227 200 258 0.035443246
769 203 798 239 0.035371352
817 400 844 433 0.034552485
733 352 759 383 0.03446142
792 456 820 491 0.033923257
611 252 637 284 0.033619516
357 248 385 284 0.03234409
619 350 645 382 0.03230685
800 409 823 438 0.03217563
639 387 665 419 0.0300478
947 375 975 409 0.029092401
609 226 634 257 0.02813585
571 205 595 237 0.028063055
279 222 303 253 0.02698564
692 304 717 336 0.026676705
846 332 869 361 0.025829963
845 510 873 545 0.025682073
377 258 407 295 0.025155017
584 328 612 363 0.024929747
557 249 585 282 0.024572473
632 276 660 312 0.024185209
756 481 786 515 0.023560384
475 376 506 414 0.023533689
334 248 363 285 0.023376796
331 201 355 230 0.02317676
578 461 611 495 0.02303443
659 400 688 436 0.022892145
381 405 408 438 0.022445794
888 334 916 368 0.022373458
742 434 771 469 0.021736717
555 287 587 326 0.021621939
769 384 794 415 0.021500641
506 352 534 386 0.021418117
696 327 722 359 0.021247521
799 376 825 407 0.021025134
612 96 638 130 0.020972976
315 357 339 390 0.020820988
255 255 282 289 0.020800235
517 207 546 244 0.02064752
894 382 924 417 0.02012323
462 398 494 436 0.020023918
