50_Celebration_Or_Party_birthdayparty_50_396
19
196 134 309 279 0.9904552
163 836 323 1050 0.979645
716 825 812 945 0.923325
689 81 806 214 0.23979157
763 1042 834 1131 0.22684981
302 111 380 223 0.115829214
313 888 406 1012 0.114922464
455 921 510 995 0.109703586
567 435 660 556 0.052341923
203 26 300 140 0.041338332
115 127 217 279 0.03736858
882 354 1010 492 0.03639423
20 98 138 282 0.029837132
369 1010 426 1083 0.029593706
403 315 516 480 0.026438324
597 -1 748 123 0.021817248
18 819 83 917 0.021799475
624 1058 677 1131 0.021143096
698 1359 764 1424 0.020814814
