41_Swimming_Swimming_41_243
21
117 730 169 794 0.9148663
744 236 796 297 0.33415806
911 256 963 323 0.22047947
669 868 708 916 0.15907873
246 622 286 672 0.15047236
442 753 476 795 0.1476741
113 573 142 611 0.14507963
514 777 549 821 0.13650173
768 885 815 941 0.12519838
460 895 501 945 0.09713838
483 757 513 797 0.07570442
73 127 194 252 0.04708686
64 662 96 702 0.037956234
23 717 65 766 0.030156322
179 566 208 604 0.027943756
572 872 607 918 0.025314763
210 516 239 551 0.024288129
571 806 605 850 0.024094265
680 938 720 987 0.023464298
753 89 780 125 0.022571752
536 798 573 844 0.020795558
