41_Swimming_Swimmer_41_772
18
366 102 761 729 0.99560887
565 1096 614 1158 0.30018654
301 1113 344 1169 0.062246058
601 1363 675 1452 0.04359192
276 1236 332 1308 0.04118817
240 1426 289 1479 0.03036191
698 1097 750 1168 0.030182092
466 1415 531 1480 0.029731
795 985 856 1063 0.0297308
207 1373 267 1444 0.02636835
450 1243 494 1297 0.02548153
288 1172 334 1229 0.024801528
578 1161 646 1247 0.024398372
189 1070 235 1131 0.023319395
260 1281 319 1367 0.022388387
657 1036 713 1108 0.020811707
551 1061 642 1174 0.020215744
363 1398 444 1479 0.020146513
