41_Swimming_Swimmer_41_380
55
838 170 875 214 0.351689
409 298 441 339 0.27088934
599 127 624 161 0.25108904
561 123 587 156 0.23958316
891 180 927 227 0.2061383
575 182 605 218 0.17286633
462 251 488 285 0.1625878
461 226 483 255 0.14629823
479 256 509 292 0.115579545
748 98 773 130 0.09488255
474 293 507 333 0.084704466
819 194 885 273 0.07796357
566 460 594 495 0.06579805
512 356 539 390 0.06404711
563 239 597 280 0.058610357
429 281 454 314 0.05355231
487 351 512 383 0.053065907
610 482 644 525 0.04781024
532 150 559 183 0.044048697
819 147 848 185 0.043688145
492 196 520 233 0.043416556
913 192 947 240 0.043245647
792 267 834 320 0.04295477
392 284 416 315 0.042222727
461 328 492 368 0.04154268
511 326 544 368 0.041206755
513 218 550 263 0.04028964
442 253 468 287 0.036874585
510 175 541 215 0.035982758
639 155 666 189 0.035947375
836 256 916 344 0.035655346
433 355 464 394 0.035146642
379 479 409 521 0.032324273
535 376 562 411 0.032097686
863 424 960 546 0.031081963
504 271 536 312 0.030560737
534 299 567 339 0.029672066
616 359 642 392 0.029634623
937 200 971 246 0.029332032
431 318 461 356 0.02856482
582 483 616 523 0.028068375
404 380 431 416 0.027304167
603 247 632 285 0.025845664
383 356 408 389 0.024417778
490 377 518 411 0.024307054
388 322 415 356 0.024051802
608 202 631 234 0.023485873
409 355 439 393 0.022620562
556 379 587 417 0.02259487
665 152 692 185 0.022281833
635 296 671 336 0.021945966
798 145 826 180 0.021612933
674 98 699 129 0.021285025
761 188 800 241 0.021023523
409 259 434 289 0.020686995
