9_Press_Conference_Press_Conference_9_31
44
587 210 15 19 0.9793234 
48 285 13 17 0.9459545 
442 206 15 20 0.9404037 
123 370 14 25 0.85644674 
17 310 14 17 0.6969075 
957 432 17 28 0.6604398 
82 378 16 26 0.64210445 
195 376 16 27 0.61451006 
926 361 15 22 0.57695556 
811 376 14 25 0.55843884 
860 429 16 28 0.4253125 
922 235 16 20 0.3992815 
11 421 17 25 0.36497283 
84 480 18 37 0.25937873 
164 426 20 32 0.25420624 
346 385 14 22 0.24566154 
3 573 29 58 0.23841928 
969 494 20 32 0.18915685 
82 433 14 28 0.17826316 
796 442 15 25 0.13634449 
958 221 12 14 0.12231312 
78 592 22 37 0.109135024 
612 443 16 22 0.10214084 
658 387 14 21 0.08629687 
266 382 21 24 0.07749635 
295 451 25 30 0.06443066 
988 358 13 16 0.05965854 
590 393 15 19 0.05438992 
411 447 16 25 0.050798144 
460 634 17 25 0.045732837 
332 458 14 16 0.041768037 
66 412 24 29 0.035449512 
932 371 15 21 0.034165863 
193 441 21 30 0.02973859 
83 336 15 18 0.028161692 
400 654 20 30 0.02620037 
338 395 19 21 0.025916401 
876 393 22 25 0.025610743 
306 451 24 28 0.023825865 
279 594 22 33 0.023396788 
816 380 16 23 0.021287411 
418 441 14 25 0.02114925 
117 378 16 25 0.020968487 
742 390 13 22 0.020402085 
