28_Sports_Fan_Sports_Fan_28_244
85
895 310 924 347 0.6620522
943 276 974 320 0.65276223
794 251 825 290 0.28821632
868 89 902 134 0.28077617
920 42 949 79 0.2607332
242 195 301 291 0.15006965
766 275 797 312 0.10038901
892 19 925 58 0.09561245
13 69 41 107 0.0922483
790 292 824 335 0.09142002
863 249 892 284 0.08188227
97 125 129 165 0.080561735
917 298 946 338 0.08029646
688 342 718 380 0.07990948
588 552 626 599 0.07761592
311 263 389 347 0.07597948
592 74 617 107 0.0737474
482 65 514 102 0.072576344
158 118 187 153 0.071111396
810 24 840 55 0.06828969
739 97 764 130 0.06622822
170 223 229 307 0.06310172
942 194 968 227 0.06210151
733 145 767 191 0.061026033
948 3 979 36 0.05589599
877 0 907 32 0.054175176
969 14 997 52 0.046266638
57 228 81 259 0.045435946
524 19 557 58 0.04514693
408 386 451 437 0.041174516
737 307 767 344 0.04103841
748 0 780 32 0.039502595
349 88 393 137 0.039280664
378 333 411 377 0.03856217
671 199 697 233 0.038526393
434 519 464 563 0.0375697
429 50 461 89 0.036945984
877 321 906 357 0.03526474
528 72 559 113 0.03442761
721 120 748 156 0.034354996
919 5 950 38 0.03390469
836 177 865 212 0.033796463
100 20 133 58 0.033482883
687 0 717 31 0.03322
348 42 395 94 0.031546935
69 3 107 43 0.030872663
665 330 697 371 0.030697444
0 229 20 259 0.029971203
724 49 751 83 0.029261585
850 230 877 264 0.028413747
988 449 1018 493 0.028339379
127 248 157 288 0.027724404
996 71 1021 108 0.027680287
632 142 659 176 0.027277127
882 121 915 160 0.027024755
838 425 864 461 0.027022937
876 197 902 231 0.026889922
917 474 945 508 0.026710039
49 18 78 54 0.026440805
716 323 749 365 0.026119076
688 126 717 161 0.025868393
916 125 945 158 0.025641473
608 93 635 126 0.025507143
403 115 442 166 0.025261138
890 176 920 213 0.025258245
119 120 153 162 0.025150824
994 356 1019 392 0.025142971
243 4 287 53 0.025121344
168 43 200 82 0.024885248
921 93 948 126 0.024092963
776 94 807 134 0.023845892
209 125 240 161 0.023399848
714 534 741 567 0.023301883
737 71 766 107 0.023183627
444 167 528 296 0.023100732
768 54 795 86 0.022427892
810 318 844 360 0.022244208
609 451 645 495 0.022110628
511 37 547 85 0.021464162
975 129 1000 161 0.021452345
509 524 536 560 0.021383855
893 279 925 321 0.021287257
658 275 692 319 0.021002384
329 546 369 602 0.020982558
847 272 880 313 0.020943098
