28_Sports_Fan_Sports_Fan_28_487
205
914 531 949 575 0.9382332
913 445 949 490 0.9367657
714 326 745 366 0.92457825
943 147 974 186 0.8936378
492 382 528 429 0.88869846
860 419 896 464 0.8791816
880 173 909 211 0.8760821
157 140 196 188 0.8334117
974 285 1007 327 0.80226636
965 475 998 520 0.7791232
963 206 993 244 0.767826
61 380 97 427 0.7677795
607 183 641 226 0.7490902
623 321 655 363 0.74895495
672 158 706 202 0.74828416
790 219 821 257 0.74300086
885 307 921 351 0.74075425
670 493 705 539 0.7305541
825 280 858 323 0.72385687
422 55 458 100 0.7175102
825 488 863 535 0.71385026
796 90 824 126 0.7128291
19 215 51 254 0.70009625
477 34 506 72 0.67708284
868 247 899 285 0.6547626
734 577 769 621 0.64330834
624 95 657 138 0.63484347
466 508 501 553 0.6310081
176 516 214 562 0.63030416
50 448 88 498 0.6218065
987 97 1021 147 0.60130644
130 443 166 489 0.57666343
965 361 995 400 0.56080633
113 274 146 318 0.5415986
670 78 697 114 0.5290416
717 109 745 144 0.52772176
520 439 553 481 0.5268551
571 337 605 378 0.5220273
550 509 582 550 0.51060754
200 7 234 46 0.47199446
622 532 656 575 0.46741116
1 461 30 504 0.44114414
257 110 299 163 0.4350425
741 242 774 280 0.42705005
737 274 770 316 0.42535424
207 104 240 148 0.42321146
403 21 439 66 0.4186514
340 555 376 598 0.41755092
601 450 635 490 0.41593924
325 56 361 101 0.40746057
556 236 588 278 0.39773065
456 283 495 329 0.3766131
50 111 86 156 0.37270334
263 552 301 601 0.35990003
415 252 454 301 0.33945084
466 202 502 248 0.33377275
673 6 707 46 0.2896536
29 72 63 116 0.28935933
674 284 704 323 0.27748212
422 182 463 235 0.2752557
801 1 836 36 0.26776588
802 405 834 446 0.26155087
0 341 24 378 0.2596444
615 406 642 439 0.25188354
453 120 485 160 0.2445678
542 12 574 53 0.24244967
195 385 228 426 0.24120763
821 566 850 603 0.2258499
300 133 344 187 0.22397134
770 501 803 542 0.21586111
357 484 384 518 0.2108042
353 99 388 140 0.20343196
1000 426 1026 462 0.18904908
152 1 186 40 0.18861885
637 409 662 439 0.18783031
689 95 715 130 0.17507245
87 64 120 106 0.16827269
148 228 175 263 0.16413136
811 173 839 209 0.15607032
225 485 255 522 0.14426742
341 0 377 39 0.1425435
772 200 804 239 0.14194755
511 262 539 300 0.1369825
585 385 612 419 0.13595846
168 276 197 315 0.13492139
136 46 169 89 0.13321312
817 356 846 392 0.12739533
220 182 250 219 0.12667003
559 582 596 624 0.114530325
202 321 233 360 0.11060036
698 450 729 487 0.10986506
608 2 637 33 0.10306083
279 404 313 449 0.10110829
841 354 874 392 0.10042311
537 350 565 385 0.094494656
131 14 166 56 0.08980369
761 356 792 394 0.089720346
771 71 804 115 0.08645999
685 379 715 415 0.08363613
412 580 446 621 0.08219351
798 564 824 600 0.08178789
745 402 777 444 0.07733903
746 458 777 496 0.07703829
402 510 433 549 0.07655406
767 1 799 35 0.070648275
398 461 439 509 0.07053837
488 258 516 293 0.07010328
640 78 670 117 0.06985234
555 100 585 139 0.06613157
792 327 819 359 0.063698106
761 564 790 602 0.06316632
53 271 84 313 0.061434925
844 19 876 55 0.059582673
635 382 662 414 0.058833823
590 512 617 548 0.058639243
566 399 595 436 0.056393977
42 214 77 260 0.05559698
430 90 468 138 0.054880284
690 349 720 387 0.05194201
43 0 74 31 0.050016195
226 351 261 394 0.047976565
430 477 463 518 0.04739891
136 525 175 572 0.047096062
717 144 745 181 0.046186198
980 536 1007 572 0.044545773
890 49 924 91 0.044440955
177 8 210 49 0.044396628
203 250 238 294 0.04383963
793 447 822 483 0.043405056
667 120 698 157 0.04335708
773 329 799 362 0.043137483
535 118 564 155 0.043065153
766 298 795 336 0.042634778
717 382 746 419 0.04251406
380 401 424 453 0.040899143
917 197 946 232 0.04072695
874 558 902 593 0.040699553
768 421 802 462 0.039994422
644 48 673 82 0.038964324
533 145 566 187 0.038237453
817 48 850 89 0.038201008
818 327 846 360 0.03750843
101 0 133 31 0.037068225
511 99 539 136 0.036518186
711 471 742 512 0.036142394
533 42 563 82 0.036092304
150 406 181 445 0.035855643
854 175 883 213 0.03579321
479 97 513 139 0.03569953
992 343 1019 383 0.035140973
894 -3 927 30 0.03431996
431 139 471 189 0.03417323
920 410 951 447 0.03354766
719 534 747 568 0.033169195
440 527 467 560 0.03308486
83 86 126 142 0.032653186
220 525 256 567 0.032478906
919 131 956 178 0.032452393
409 116 450 168 0.03196756
536 375 566 413 0.03188294
79 529 120 577 0.03182313
641 18 671 54 0.031820145
863 119 894 156 0.031602778
746 171 777 209 0.031139426
746 49 778 89 0.031125676
121 320 154 358 0.030875882
738 347 770 389 0.030854728
944 455 977 499 0.030624615
350 145 388 194 0.030429883
91 376 123 418 0.030140629
514 15 546 57 0.030038424
258 425 291 467 0.030023837
65 249 102 294 0.029946359
301 379 346 430 0.029657444
26 401 59 441 0.029514283
63 191 103 240 0.029316857
636 228 665 264 0.02898285
994 451 1022 491 0.028898805
148 377 177 414 0.028830132
895 275 924 310 0.028767806
843 448 876 488 0.028566375
589 310 618 347 0.028288411
4 43 36 94 0.027918467
-1 -3 29 37 0.02787509
475 61 509 102 0.02778346
914 251 946 288 0.027557684
196 78 228 118 0.027200568
924 170 953 207 0.02685223
479 -2 509 30 0.02675835
515 69 542 105 0.026727809
122 119 160 169 0.026435751
663 428 692 465 0.026319047
230 138 262 181 0.026309162
607 157 639 196 0.02583738
593 94 628 138 0.02567271
851 228 883 266 0.025635656
950 187 1011 257 0.025352886
4 203 66 277 0.025154516
687 47 717 83 0.02498201
997 140 1024 180 0.02466006
202 431 236 473 0.02456142
325 602 363 645 0.024557736
252 506 280 541 0.024496488
479 143 512 185 0.024310445
432 203 557 342 0.024079772
