28_Sports_Fan_Sports_Fan_28_86
21
96 799 268 1034 0.9152148
505 686 541 733 0.13657518
647 629 690 684 0.09254488
321 883 381 956 0.06239849
547 205 594 263 0.05454124
674 610 729 676 0.052291304
490 842 540 899 0.04890327
269 582 310 634 0.048671048
325 732 372 792 0.045774885
552 135 591 184 0.043878384
349 288 397 345 0.039427493
465 770 503 817 0.038526174
653 310 687 349 0.029874094
715 843 756 895 0.029431643
554 295 594 346 0.02837686
598 782 633 827 0.027944334
691 882 728 929 0.022502173
785 730 833 792 0.022168273
723 308 762 353 0.022163277
535 187 628 298 0.021857224
393 629 442 688 0.021362524
