28_Sports_Fan_Sports_Fan_28_2
29
621 231 764 402 0.99725795
239 359 312 444 0.4152015
470 400 501 441 0.1036187
242 477 308 554 0.06486055
0 273 28 318 0.056880914
50 259 81 298 0.048363738
991 36 1020 81 0.044595163
73 270 99 303 0.043037314
414 304 443 341 0.037025835
511 331 539 366 0.03543499
329 456 360 495 0.03425982
77 308 103 341 0.03181451
306 646 351 699 0.03181364
9 637 63 699 0.030504873
49 308 76 342 0.02832682
19 301 51 340 0.027565839
242 632 290 683 0.026977465
117 243 150 285 0.026902843
791 175 927 336 0.02330132
462 456 492 492 0.023261236
455 483 487 525 0.023220398
455 331 480 363 0.023187602
297 722 341 766 0.023167916
256 394 349 511 0.023135945
530 164 631 303 0.02300261
513 423 546 465 0.022696456
429 398 462 440 0.02231258
107 274 133 307 0.02173634
380 433 408 468 0.02053991
