28_Sports_Fan_Sports_Fan_28_480
23
695 178 776 271 0.96952033
408 90 504 234 0.95227474
495 215 550 283 0.9092585
985 238 1018 284 0.14586776
305 92 409 226 0.08979254
139 91 178 140 0.08689712
5 116 35 160 0.05591384
573 256 605 295 0.054665674
939 294 974 341 0.033064064
921 274 955 321 0.03256104
447 176 537 302 0.03242384
349 166 490 326 0.030670827
584 289 622 338 0.029552748
919 230 954 274 0.029147265
658 242 697 295 0.027002215
104 88 176 177 0.026374247
195 134 245 192 0.024511352
43 165 90 229 0.02388063
634 214 671 262 0.022828735
939 242 981 293 0.022633445
555 292 598 348 0.022263188
991 322 1022 367 0.021309914
716 128 753 173 0.020875316
