22_Picnic_Picnic_22_310
37
266 209 50 64 0.99770737 
647 224 42 56 0.99673414 
855 219 28 31 0.9943223 
450 210 23 33 0.9905315 
599 185 21 32 0.9891573 
762 192 20 32 0.92719024 
522 274 17 26 0.90269583 
147 275 13 17 0.8393482 
684 194 24 31 0.61037827 
37 280 13 17 0.53514487 
667 192 29 36 0.46216607 
112 275 11 15 0.3907976 
651 189 27 33 0.37886074 
87 285 11 16 0.26460266 
915 213 11 16 0.23295064 
9 273 11 18 0.21209945 
176 282 13 16 0.20957981 
92 303 11 15 0.2084909 
825 215 10 12 0.13702337 
105 306 11 13 0.090424605 
192 210 7 9 0.08996201 
28 250 10 12 0.064718746 
986 234 22 32 0.057930008 
89 271 11 12 0.043998808 
968 207 11 12 0.04326029 
913 218 11 17 0.041755117 
696 195 17 25 0.041159905 
759 187 15 25 0.039943386 
828 219 10 12 0.03456918 
87 277 12 16 0.03440007 
215 257 13 21 0.0333222 
90 290 12 17 0.030200323 
10 279 15 21 0.02801074 
95 323 10 13 0.024539255 
116 271 10 15 0.022748267 
867 185 8 11 0.022522992 
916 208 11 14 0.02166957 
