22_Picnic_Picnic_22_313
26
304 309 26 35 0.99692243 
157 304 31 38 0.9969068 
700 276 24 33 0.99538124 
619 191 24 29 0.9942473 
512 239 17 24 0.9284849 
647 339 23 28 0.8969655 
769 355 26 41 0.84752935 
77 209 12 15 0.74353546 
221 302 14 27 0.35226652 
38 205 10 12 0.18183117 
-1 203 8 16 0.17891988 
22 196 9 12 0.078210704 
80 206 14 15 0.032080617 
779 360 29 38 0.031175876 
741 267 20 26 0.030781053 
9 207 9 12 0.028835006 
119 167 9 12 0.027326612 
817 269 25 26 0.025261942 
457 278 18 19 0.023867434 
100 197 10 11 0.022938075 
743 280 13 17 0.022776013 
204 276 211 243 0.022747777 
13 212 10 11 0.02241248 
9 213 9 11 0.02177307 
20 222 10 11 0.021704972 
761 319 27 32 0.021404522 
