24_Soldier_Firing_Soldier_Firing_24_405
40
338 376 400 458 0.62730795
707 461 774 545 0.4389663
913 394 976 471 0.27595016
716 744 819 870 0.13647954
856 583 916 656 0.108094126
517 802 620 963 0.09327957
234 459 276 510 0.077688046
784 475 848 553 0.07371192
537 529 584 587 0.07204283
331 437 374 493 0.058879282
267 532 305 582 0.04927876
566 490 607 545 0.047687493
255 410 301 468 0.043462515
881 443 929 505 0.0329005
566 554 619 625 0.032744206
845 382 895 447 0.032649767
656 484 704 547 0.031199
606 538 654 598 0.030955004
582 377 623 429 0.030398427
952 617 1000 677 0.02863464
503 534 556 602 0.026735188
656 536 701 594 0.026574416
257 492 298 543 0.02618542
720 639 781 711 0.026178995
176 337 215 387 0.026122795
687 517 739 581 0.02526988
422 416 460 469 0.024674395
540 420 588 479 0.024478447
456 582 522 681 0.024372185
852 454 893 510 0.02423923
918 526 966 584 0.023937635
614 486 659 542 0.023609882
890 295 931 348 0.023029694
988 400 1034 466 0.02276578
384 760 436 826 0.022003898
153 545 189 593 0.021668883
495 559 594 692 0.021361545
667 703 744 800 0.020814346
613 713 673 789 0.020679895
432 457 469 507 0.020492967
