24_Soldier_Firing_Soldier_Firing_24_901
19
105 237 192 338 0.99345917
684 144 770 248 0.98699015
926 169 1013 277 0.96829545
444 68 568 206 0.87668693
841 227 912 307 0.4921679
773 207 818 264 0.056486707
343 622 382 674 0.0470896
0 172 35 224 0.038095463
-1 9 40 70 0.035072476
902 555 939 601 0.031965595
781 107 860 212 0.028287148
0 276 56 356 0.025684042
945 544 988 598 0.025224095
863 498 894 537 0.024630934
284 10 359 96 0.024480058
2 624 31 677 0.023002092
405 259 509 374 0.02177408
11 549 46 600 0.02172978
168 370 250 464 0.02033024
