24_Soldier_Firing_Soldier_Firing_24_691
95
98 114 131 156 0.7335816
818 384 850 424 0.474272
198 175 225 212 0.4137436
782 329 808 362 0.3573247
743 298 766 327 0.3382634
953 333 980 368 0.28092024
238 211 263 244 0.28024763
824 304 846 331 0.24339548
887 352 914 386 0.19527453
570 277 594 308 0.17888747
673 314 693 339 0.14744776
434 327 463 360 0.146869
404 253 431 286 0.13742384
507 324 531 355 0.12990835
897 373 926 411 0.12408214
559 334 585 365 0.100797094
275 273 305 307 0.08422541
368 308 392 338 0.07581485
867 282 891 313 0.07062342
491 357 518 391 0.06483769
741 328 764 358 0.06154661
73 101 113 151 0.05891495
715 379 736 407 0.058718786
736 352 763 386 0.05741879
47 125 75 164 0.05715093
913 224 942 259 0.055606216
991 375 1023 421 0.054984387
878 462 906 497 0.05367459
179 193 210 233 0.05325494
918 382 946 417 0.05255026
768 310 791 338 0.051651202
840 429 868 464 0.0515159
842 306 865 336 0.04915575
666 432 691 461 0.04899215
796 311 822 341 0.048681494
954 399 983 436 0.04835278
272 306 302 340 0.04597599
28 140 60 181 0.044421155
545 275 569 304 0.04406285
568 300 593 330 0.04105749
184 155 208 188 0.040270004
767 177 792 207 0.040211055
842 355 869 388 0.039578002
638 354 662 385 0.037734337
697 362 722 394 0.03758505
874 375 903 413 0.03672677
928 349 956 384 0.036688976
824 323 850 355 0.036236353
957 306 981 337 0.03597906
509 409 535 442 0.034581296
150 145 181 183 0.03321073
755 452 789 490 0.033125553
462 411 489 444 0.033111326
486 411 512 444 0.032790974
508 380 533 411 0.032087952
357 325 385 356 0.0319126
279 146 306 181 0.031571902
544 352 567 382 0.031553626
643 406 669 436 0.031421732
567 406 590 434 0.0312973
646 332 669 361 0.030833852
865 402 890 433 0.028489428
229 94 260 130 0.0283314
230 151 260 189 0.02816748
2 149 27 185 0.027886145
616 329 640 360 0.027579643
591 332 614 362 0.027277697
307 279 329 309 0.026700148
426 381 456 415 0.026203502
95 172 131 212 0.025216203
256 127 287 165 0.025031693
361 376 390 409 0.02463322
898 196 927 230 0.024084639
845 182 870 215 0.023833761
389 274 417 310 0.02345026
0 169 33 220 0.023135666
867 251 896 286 0.022894025
971 279 1001 318 0.022678519
646 312 665 337 0.022492396
727 287 751 317 0.02233453
764 197 793 231 0.022322116
414 352 444 388 0.022078674
930 327 993 403 0.022045055
179 47 206 84 0.022021007
618 354 642 385 0.021936506
330 357 358 394 0.021920353
444 128 469 158 0.021571621
154 172 186 210 0.02143095
687 327 713 359 0.021067467
686 432 712 462 0.020733608
615 385 638 414 0.020582382
176 19 202 53 0.020435262
381 322 406 353 0.020314487
667 382 693 414 0.020279534
688 281 712 310 0.020253003
