24_Soldier_Firing_Soldier_Firing_24_890
34
751 49 811 120 0.97633857
67 213 99 253 0.4560168
43 149 66 179 0.3920218
124 152 147 181 0.3187652
303 152 323 178 0.2617287
212 130 235 159 0.2511027
386 160 406 186 0.10661708
472 157 493 185 0.100868866
93 223 120 259 0.071172744
331 395 364 433 0.06305282
235 391 271 435 0.060416605
503 502 529 536 0.049753062
302 170 327 201 0.043813873
610 418 648 462 0.04221861
146 178 176 214 0.042134386
148 149 173 180 0.0417728
292 132 315 162 0.033858337
70 148 97 182 0.03354541
31 222 58 257 0.03244109
52 203 113 277 0.0314699
285 200 310 231 0.029699929
362 204 387 236 0.028200202
250 201 277 233 0.028023466
35 169 61 201 0.027900495
182 129 208 162 0.02716389
893 242 926 281 0.025932591
209 102 234 135 0.024749152
129 227 157 262 0.024599237
367 156 390 185 0.02254055
109 129 135 162 0.02241451
405 157 428 186 0.022112634
230 281 257 318 0.021136077
431 204 456 236 0.02108711
181 198 209 233 0.020539388
