24_Soldier_Firing_Soldier_Firing_24_931
17
493 112 549 175 0.40543464
647 151 717 242 0.22832248
610 192 653 249 0.050940428
413 179 438 212 0.047845934
254 48 278 77 0.043615364
358 69 384 101 0.04009152
447 251 487 299 0.039954007
558 302 592 348 0.03859396
364 204 390 237 0.035442088
472 77 596 225 0.029789276
900 103 926 137 0.025848854
435 55 460 87 0.024107598
443 265 504 339 0.023877751
861 188 942 289 0.023699945
601 191 686 300 0.0234777
709 261 836 403 0.02023051
253 278 282 316 0.020181833
