24_Soldier_Firing_Soldier_Firing_24_540
30
166 693 254 795 0.6941506
440 676 507 758 0.42151508
454 615 509 681 0.32134864
80 711 142 790 0.19483767
395 779 455 853 0.09741569
508 753 569 832 0.09579589
407 1442 486 1535 0.07730415
642 838 691 905 0.075555675
319 821 376 896 0.074289665
623 796 666 854 0.05699925
259 905 319 974 0.044560608
553 1219 627 1314 0.042898547
691 948 737 1007 0.041467845
61 824 130 912 0.040213548
331 1150 377 1206 0.03951776
568 1144 631 1222 0.035594303
304 1094 353 1156 0.03499176
448 1129 516 1214 0.030554052
460 1215 520 1295 0.028937237
117 657 168 720 0.027525112
668 868 719 934 0.027052319
488 960 535 1018 0.026729796
360 1307 446 1406 0.024616009
728 1107 779 1177 0.024019616
95 674 200 803 0.02118688
384 944 427 1000 0.021161871
271 854 378 973 0.020789158
241 966 307 1050 0.02064065
37 1245 85 1306 0.020591803
83 824 222 974 0.020343633
