20_Family_Group_Family_Group_20_277
26
158 174 217 247 0.66241467
373 148 444 235 0.62357104
750 28 800 85 0.39168364
221 30 305 120 0.24366108
325 56 387 134 0.13647172
544 641 590 698 0.13568124
265 119 322 191 0.11524233
479 199 528 259 0.111008935
150 117 219 201 0.089946754
985 170 1021 226 0.06865658
-1 426 41 487 0.066007406
733 72 841 196 0.06339793
64 415 102 468 0.053700462
153 536 190 582 0.04661331
445 97 487 151 0.03744434
507 185 567 264 0.035418335
27 406 93 491 0.03466916
646 112 702 182 0.03143758
702 50 742 100 0.026010396
523 66 597 152 0.025735257
587 249 625 298 0.02518226
379 96 419 149 0.024131909
20 337 70 406 0.023199527
962 711 1011 763 0.021700364
454 671 500 727 0.021191264
944 140 981 184 0.020717824
