20_Family_Group_Family_Group_20_663
84
526 184 574 243 0.9868155
541 322 583 376 0.884559
336 248 376 298 0.7376184
478 291 514 335 0.7195772
233 295 275 347 0.5562741
651 196 685 239 0.46629438
771 254 815 309 0.37997854
452 219 484 259 0.31889257
327 157 353 192 0.15889995
306 152 333 188 0.12560275
279 149 307 185 0.113954976
452 355 493 404 0.1007051
362 169 395 212 0.09157033
788 327 830 378 0.08430483
563 119 595 157 0.07780891
401 272 434 314 0.07429451
582 102 610 137 0.07254188
489 119 522 157 0.06937889
580 149 610 187 0.06876169
715 253 743 290 0.06635506
719 404 749 441 0.065495834
374 249 409 296 0.056925498
254 438 283 474 0.055452496
282 274 310 309 0.05503159
475 168 511 215 0.05178774
585 202 616 244 0.051684294
273 479 513 665 0.049093537
431 165 462 205 0.048778195
608 149 635 184 0.047983754
240 369 273 413 0.045612153
585 417 626 468 0.04486961
20 172 51 209 0.04467508
462 119 489 152 0.043198746
763 344 795 385 0.042073224
734 330 764 368 0.04079215
730 297 761 335 0.040187407
433 243 465 283 0.03994434
204 282 226 313 0.038518414
680 366 712 407 0.03746618
307 200 335 237 0.03684022
254 258 283 292 0.036733974
612 123 638 156 0.036148537
643 98 672 135 0.03268687
383 294 417 334 0.031555224
155 304 182 337 0.031554416
429 274 461 314 0.03139684
250 221 276 255 0.03086077
379 127 405 161 0.030035365
311 252 342 294 0.029403377
845 381 884 433 0.028705362
638 255 667 291 0.027725153
686 195 713 230 0.027490653
225 97 253 134 0.026841149
744 226 772 260 0.02666141
712 229 737 261 0.026259806
8 19 40 62 0.025795165
172 328 201 364 0.024955269
348 47 374 81 0.024497537
180 284 205 315 0.024344116
609 219 638 256 0.02429403
501 140 537 185 0.023457928
347 296 387 340 0.023427537
788 190 823 236 0.02340483
52 127 82 162 0.02298375
280 325 310 365 0.022814177
232 260 259 291 0.022762915
204 324 236 364 0.022631768
542 99 568 135 0.022381002
432 124 461 160 0.021857532
504 348 542 398 0.021617662
719 116 754 162 0.02160017
2 152 33 197 0.021283194
709 199 735 233 0.021121938
732 250 768 295 0.021096291
265 172 289 204 0.021029038
154 348 182 383 0.02077917
55 328 81 360 0.02040568
561 389 608 447 0.020395601
228 201 257 239 0.020363914
573 297 617 353 0.02027132
260 129 285 163 0.02024504
658 297 686 334 0.020186735
657 246 689 285 0.020046152
281 370 312 414 0.020045403
