20_Family_Group_Family_Group_20_282
68
694 275 730 322 0.85779756
337 282 364 314 0.76754916
137 327 172 372 0.7170752
816 293 846 330 0.68936485
255 306 283 342 0.6451943
383 273 408 305 0.5182204
868 354 901 397 0.5153232
277 305 304 340 0.48477533
460 267 488 303 0.4736405
581 292 611 329 0.42316338
69 357 107 408 0.23166855
252 372 288 424 0.18969707
564 324 597 366 0.1555535
301 388 343 436 0.12546916
6 499 73 586 0.11481464
709 514 747 561 0.07289376
283 492 328 554 0.07233547
360 498 430 579 0.06998553
382 326 411 361 0.06716343
307 324 337 362 0.066060305
838 322 874 369 0.057956144
919 300 957 349 0.054513402
682 355 720 398 0.054058038
318 280 344 315 0.04892732
470 297 503 339 0.04812244
891 428 923 467 0.04742501
479 400 517 449 0.04569062
69 471 110 529 0.04558229
605 307 637 345 0.044634536
714 350 749 391 0.041410048
453 420 485 464 0.041251246
353 349 383 387 0.03990175
381 297 410 333 0.039321404
623 380 657 419 0.03906456
362 263 388 297 0.038710106
438 299 472 342 0.037855342
836 283 868 325 0.03769453
485 350 518 392 0.036286637
78 607 129 672 0.036279526
72 416 116 471 0.035741378
795 328 827 371 0.03468936
785 422 816 464 0.033585798
149 660 251 756 0.02997117
343 374 381 421 0.029664785
661 486 694 526 0.027439676
310 484 375 559 0.02705627
440 256 470 295 0.02687256
766 395 804 442 0.026740985
890 326 926 373 0.026045045
801 282 862 353 0.02600561
405 325 434 361 0.025806498
663 388 704 436 0.025486277
504 422 545 469 0.02482692
402 256 434 298 0.024606654
392 361 433 410 0.024605487
122 419 158 467 0.024578288
329 346 358 383 0.024371754
433 402 497 487 0.02369779
203 370 245 421 0.023031175
223 407 267 464 0.022541862
713 476 749 520 0.022493543
299 691 383 763 0.022405973
586 422 619 468 0.021377278
693 449 730 493 0.021304844
103 310 133 348 0.021093672
263 539 318 605 0.02095973
745 429 776 467 0.020705834
247 476 291 540 0.02006363
