20_Family_Group_Family_Group_20_579
23
237 455 303 538 0.974998
334 181 393 256 0.97345984
868 195 933 280 0.9715926
482 412 551 502 0.9632029
564 218 629 300 0.9536302
720 390 789 475 0.9482904
646 135 711 219 0.9448437
774 131 841 216 0.942202
146 173 211 253 0.929078
453 182 515 264 0.9048217
399 656 438 710 0.54995453
254 53 318 128 0.11294332
606 634 645 689 0.06311707
394 149 443 210 0.047644462
760 715 803 753 0.039884344
841 623 888 685 0.03380861
582 418 632 474 0.033002503
253 136 321 219 0.032561366
643 624 686 680 0.025244635
268 265 321 329 0.024855638
575 168 614 221 0.023021245
718 708 748 742 0.020832766
959 33 1004 93 0.020490333
