20_Family_Group_Family_Group_20_33
57
455 403 489 448 0.88432735
254 302 283 340 0.8247966
348 444 385 491 0.80909693
324 283 355 322 0.7922102
768 332 802 376 0.7909482
901 333 936 378 0.78707284
824 355 867 409 0.77134883
664 302 690 337 0.7637999
120 293 152 336 0.75416344
263 403 298 446 0.7175868
594 411 629 457 0.71332616
166 291 198 332 0.706697
362 334 392 373 0.6297974
83 333 116 376 0.5775904
546 347 581 393 0.56340677
701 406 734 448 0.51774246
436 300 462 336 0.3916853
912 440 970 512 0.38506484
216 345 247 385 0.31991175
785 401 821 448 0.2812468
704 534 742 580 0.2671516
632 329 660 365 0.257444
458 310 489 350 0.22705933
737 373 768 416 0.22389357
535 471 571 517 0.15001816
865 484 899 532 0.14693575
504 380 537 425 0.088511966
461 349 491 387 0.08495278
157 486 184 521 0.06329543
150 451 176 486 0.061354943
561 505 597 551 0.051478643
556 387 594 434 0.051274855
71 629 98 663 0.04526335
660 377 694 424 0.044647027
865 561 906 622 0.044004906
608 523 642 566 0.040184848
744 305 771 342 0.031262677
413 280 443 319 0.031063367
644 282 671 317 0.030579943
32 436 58 469 0.03008507
790 562 826 608 0.029717853
762 373 801 426 0.029650848
401 448 435 490 0.029173551
102 399 130 434 0.02844652
478 625 514 673 0.027204718
828 621 872 676 0.02557078
557 280 587 318 0.025285188
579 519 622 569 0.025149973
249 350 283 391 0.025145967
371 472 411 524 0.024741367
384 283 411 318 0.02437289
809 390 849 440 0.02434015
309 537 335 571 0.02428753
875 329 905 370 0.02386784
333 409 367 450 0.023661133
508 352 536 390 0.023121627
378 315 611 565 0.02284774
