20_Family_Group_Family_Group_20_255
29
603 418 662 492 0.9877538
178 319 259 414 0.9774678
652 219 709 292 0.9391984
136 440 204 521 0.92607474
361 284 429 371 0.9026059
485 407 549 490 0.90015334
782 211 835 283 0.8520408
892 373 955 450 0.80949473
511 119 565 186 0.73027986
748 381 803 454 0.57906836
132 669 180 732 0.34986994
205 660 253 717 0.32261124
295 440 370 527 0.28800654
276 311 342 400 0.13733445
659 343 721 420 0.13211587
5 366 40 419 0.07024771
902 270 946 324 0.057179514
-4 426 32 491 0.044134874
791 286 833 335 0.040267773
368 454 410 510 0.034819465
986 460 1032 529 0.026105374
726 218 773 275 0.025815293
582 127 611 165 0.02518902
626 550 673 606 0.023871839
219 704 258 753 0.022802085
319 376 372 449 0.02263699
100 680 141 733 0.022291344
894 311 966 402 0.020963266
973 346 1020 408 0.020757439
