20_Family_Group_Family_Group_20_556
45
121 316 167 374 0.99351853
270 321 313 377 0.9930825
500 272 543 328 0.9927859
428 252 481 318 0.9869507
934 238 973 289 0.98104846
127 242 177 305 0.9730915
355 260 397 313 0.96065485
621 268 664 323 0.9516476
675 252 712 300 0.87830037
416 359 458 411 0.83525634
747 232 780 275 0.74465245
183 233 221 285 0.72256225
729 353 772 407 0.5471297
611 436 648 481 0.5200445
785 254 817 297 0.45227
237 287 274 336 0.4444586
967 517 1015 582 0.29026592
698 488 747 546 0.2863273
268 438 327 510 0.20814861
557 375 594 423 0.09112022
743 307 776 347 0.076581396
210 496 249 546 0.07132691
351 305 395 359 0.06408445
807 332 843 381 0.06360358
179 328 223 388 0.061514623
644 419 689 474 0.047731973
53 428 85 472 0.045035727
578 394 618 446 0.04184496
37 394 70 438 0.03850898
298 521 336 569 0.032867033
254 401 299 455 0.031229855
785 297 828 355 0.030272212
789 496 817 535 0.029943457
779 679 886 761 0.029381923
532 343 572 394 0.027991725
246 570 290 625 0.027398806
4 708 64 769 0.025012488
41 346 75 393 0.024637468
682 401 711 442 0.024345413
863 364 902 422 0.023692152
178 440 216 486 0.02356236
214 646 260 698 0.02251224
657 373 697 419 0.02207062
71 305 105 349 0.020742329
591 270 630 321 0.020179959
