20_Family_Group_Family_Group_20_702
18
281 232 350 319 0.98207134
656 236 730 330 0.9818812
755 334 816 413 0.8259386
7 313 56 383 0.7717203
520 382 574 450 0.74370104
6 452 54 517 0.37824595
10 389 52 444 0.15060374
873 402 924 471 0.096973725
485 449 524 499 0.0762368
836 537 911 643 0.04736203
450 411 487 461 0.040500816
710 443 772 519 0.036773603
474 543 515 594 0.026331607
314 573 364 629 0.026331441
569 5 614 51 0.024586475
933 411 974 460 0.024385475
113 2 166 57 0.024109215
803 345 874 441 0.02254708
