20_Family_Group_Family_Group_20_62
81
192 168 230 215 0.91024673
241 122 273 166 0.8723159
843 159 876 202 0.8702199
540 169 576 213 0.85669976
241 217 283 268 0.8440011
629 171 664 217 0.840164
765 186 802 234 0.82281154
107 106 145 157 0.80287004
339 126 374 170 0.7987916
312 176 344 216 0.780193
718 139 753 184 0.76220894
866 208 909 263 0.72248274
563 309 596 350 0.69246113
630 384 660 423 0.6777187
643 300 672 338 0.56110716
445 162 481 207 0.5576935
519 131 548 169 0.52662385
372 203 400 237 0.4232396
450 247 479 282 0.28436843
416 137 446 177 0.26474485
402 247 432 287 0.20907356
619 300 651 342 0.15133917
344 18 374 56 0.14053054
622 19 651 57 0.13765502
711 292 748 339 0.13709687
940 277 1001 366 0.11592631
687 268 725 317 0.10295329
328 232 355 266 0.10026991
717 223 748 261 0.09682924
809 262 844 307 0.09167662
379 478 405 511 0.08915323
990 212 1020 254 0.07917894
952 108 985 155 0.07777563
621 123 651 165 0.0775636
456 97 492 141 0.07438911
614 74 638 107 0.06694746
581 244 616 287 0.062050153
74 176 110 218 0.053218316
449 272 480 312 0.05119882
411 200 438 233 0.050497875
106 211 149 263 0.04996948
210 115 245 159 0.049275517
813 363 844 408 0.042726684
337 64 364 102 0.03878157
508 561 541 605 0.037443
708 244 745 291 0.037204046
660 229 694 270 0.03680954
614 97 642 138 0.035412807
493 125 519 161 0.034668438
1 272 29 317 0.033383925
955 65 990 109 0.031730026
506 510 533 544 0.030905847
484 223 513 261 0.030785106
632 44 659 79 0.029827228
509 45 542 84 0.029256348
381 181 409 216 0.029186828
305 244 337 283 0.02914728
939 220 979 271 0.028865939
453 48 487 88 0.028697716
434 66 476 120 0.028417964
506 123 564 196 0.028274454
488 17 514 48 0.028125474
27 348 62 393 0.027897421
560 377 592 415 0.027607573
35 319 71 365 0.026682705
510 324 535 359 0.025687827
643 451 674 489 0.024416026
172 62 206 106 0.024395268
65 69 101 118 0.02377123
3 384 35 428 0.023678094
710 514 742 556 0.023523984
122 382 148 415 0.02332953
296 0 334 41 0.023287915
224 72 258 115 0.022991769
281 197 315 242 0.02231559
540 357 570 392 0.022291906
8 424 48 478 0.022263812
175 299 209 343 0.022148458
936 372 974 426 0.022128081
695 204 724 239 0.021447273
606 564 638 607 0.020050406
