20_Family_Group_Family_Group_20_326
67
703 224 740 271 0.90747833
862 203 887 235 0.7988925
630 194 665 239 0.7215757
510 249 537 286 0.47319084
144 206 181 256 0.456117
217 221 250 264 0.42652023
433 230 463 269 0.42326954
452 276 479 310 0.38825515
819 225 843 257 0.26032776
341 232 370 270 0.18922661
802 285 829 320 0.17287527
870 337 893 364 0.12962312
436 374 465 409 0.1282687
402 247 430 281 0.11670925
398 274 429 314 0.1154913
922 205 950 242 0.115303904
477 198 509 240 0.09260016
279 247 311 284 0.090267144
928 357 953 388 0.08959596
138 320 169 363 0.07627126
201 200 230 240 0.06935716
528 297 558 334 0.05981225
462 401 495 442 0.056336265
477 349 505 384 0.054764237
846 217 873 251 0.051856965
400 194 430 232 0.048806816
379 296 409 335 0.04636066
965 330 993 367 0.0428498
763 379 785 408 0.040055912
840 347 876 393 0.036172353
888 329 911 359 0.03479189
611 253 642 290 0.0346365
28 205 54 238 0.0342083
587 274 617 314 0.032819487
460 179 488 214 0.032457322
93 202 122 241 0.032311693
745 406 772 440 0.032152068
793 347 826 391 0.03136459
435 174 462 210 0.031240895
896 171 921 204 0.030625053
627 263 668 312 0.030427575
950 295 977 328 0.030052792
409 355 439 393 0.029569745
619 221 650 259 0.02914853
296 228 327 268 0.029075786
921 176 945 208 0.027515858
585 327 618 369 0.026395313
236 177 265 216 0.025711784
259 274 288 309 0.025184764
795 222 828 264 0.024600543
375 329 407 371 0.024472367
175 196 207 241 0.024156637
461 114 494 155 0.023994232
966 233 1005 280 0.023981974
77 220 105 256 0.023853917
405 401 435 436 0.023357041
891 204 919 241 0.023311773
887 352 913 385 0.023083046
408 500 448 547 0.023040703
47 221 76 257 0.022545436
351 275 379 310 0.022201281
921 332 947 364 0.022180494
78 302 104 336 0.021638079
302 276 328 307 0.021438109
24 178 50 209 0.021414109
510 174 541 213 0.02032845
794 149 825 190 0.020116027
