20_Family_Group_Family_Group_20_759
53
757 218 811 285 0.99250996
655 112 699 168 0.95012325
98 98 145 157 0.9236547
573 292 616 348 0.9187114
101 245 153 311 0.9083039
306 285 361 353 0.90242064
445 302 492 360 0.8886812
220 155 265 211 0.8882669
796 99 841 154 0.77533877
592 379 645 448 0.71409017
500 82 541 136 0.66352826
356 68 402 123 0.5078104
631 248 680 311 0.31912223
979 386 1019 446 0.16354728
516 295 556 348 0.12782373
298 483 346 539 0.08331574
303 558 357 623 0.07235011
361 366 407 428 0.061244823
69 327 119 390 0.060251836
275 313 313 367 0.059176393
977 263 1012 315 0.053951222
831 244 881 308 0.053644817
218 63 262 117 0.05085514
369 315 409 367 0.05066864
217 271 272 338 0.04937887
237 480 302 559 0.04741077
67 462 138 543 0.042842165
165 72 208 133 0.041534707
531 252 571 302 0.03794677
10 342 53 405 0.03515778
459 220 499 271 0.03272428
433 397 474 450 0.032568764
143 44 187 100 0.031986535
673 264 721 322 0.031593565
193 423 239 482 0.031114854
688 66 723 111 0.030480055
546 391 588 446 0.029843664
304 22 346 73 0.028347343
89 43 129 93 0.027550085
231 392 267 442 0.02550472
599 115 638 165 0.024964435
296 370 353 435 0.02421021
734 480 774 526 0.024172395
730 352 778 422 0.02385242
270 584 343 687 0.022288805
811 318 855 371 0.022086188
63 189 109 243 0.021806398
405 116 442 164 0.021455102
837 418 875 467 0.021441197
6 535 88 654 0.021199618
38 244 82 304 0.021172652
165 324 202 373 0.02060389
883 241 923 300 0.020024424
