20_Family_Group_Family_Group_20_27
44
780 192 852 288 0.99721473
184 147 255 235 0.9865694
708 226 772 313 0.9584144
903 332 968 418 0.9364383
304 154 369 237 0.92652756
521 52 574 118 0.8775541
602 324 668 408 0.8586482
471 120 527 186 0.3774206
325 390 388 479 0.31256664
57 314 106 379 0.2993046
435 226 495 304 0.26662734
523 176 585 255 0.19394189
686 407 755 503 0.12728213
555 322 612 397 0.11709114
241 290 308 377 0.099256076
579 104 625 162 0.09307283
552 454 622 548 0.09145357
677 11 734 80 0.076925464
791 563 880 666 0.071192935
570 -1 624 55 0.070173964
652 100 695 156 0.054245412
602 208 655 283 0.053384855
619 452 682 530 0.052054062
580 491 687 624 0.043881837
727 0 779 56 0.042028017
375 357 455 457 0.04200662
984 367 1022 431 0.040130373
427 139 467 193 0.0395088
605 140 650 199 0.03887808
624 32 673 91 0.03572931
268 353 342 452 0.035552293
147 341 195 407 0.031786308
396 108 446 171 0.030865462
874 -1 932 63 0.030772429
865 336 914 404 0.029993802
262 -2 320 64 0.029207116
477 382 526 456 0.028934907
368 29 421 94 0.028063992
-1 -8 57 66 0.026824806
705 115 758 178 0.025109617
276 436 324 501 0.022186264
266 134 317 204 0.022121118
27 407 78 467 0.020689884
470 7 519 64 0.020447569
