20_Family_Group_Family_Group_20_1037
20
345 48 418 142 0.9846801
140 135 220 235 0.9756924
0 180 81 304 0.9749203
569 50 633 131 0.95045
761 99 831 189 0.9495637
227 53 294 142 0.62801564
987 141 1029 209 0.23272178
137 58 185 115 0.12734053
192 38 242 100 0.09014167
933 166 986 230 0.08921975
831 53 871 104 0.07660523
283 44 351 132 0.043796442
885 101 937 168 0.038938187
854 141 895 197 0.03803602
645 -5 693 40 0.0313162
817 211 898 317 0.026211686
699 117 745 182 0.02346707
972 88 1020 149 0.021614637
140 401 194 466 0.02093705
932 90 979 147 0.020913437
