20_Family_Group_Family_Group_20_914
24
153 116 187 156 0.3473445
452 194 487 236 0.34317678
814 160 844 197 0.26763317
865 169 892 203 0.14882515
585 225 611 256 0.13448614
721 229 751 267 0.087428845
231 193 257 226 0.051657494
635 233 658 262 0.050637692
402 223 445 270 0.039989047
585 248 618 289 0.03905932
179 180 205 215 0.038125377
610 404 638 439 0.036986027
67 155 94 188 0.035263445
919 243 950 285 0.033192802
897 200 932 244 0.0308481
533 302 559 334 0.030075494
819 193 853 235 0.026650181
922 310 951 348 0.026582599
263 257 294 293 0.025729615
915 174 951 218 0.023726692
137 102 202 176 0.022552393
776 247 803 282 0.022021202
898 10 938 54 0.021207387
613 253 639 285 0.021182192
