20_Family_Group_Family_Group_20_294
133
651 364 690 416 0.9147236
183 177 214 218 0.8263196
467 295 500 337 0.82201606
491 207 525 249 0.8112105
355 221 389 265 0.7894931
593 224 622 262 0.6955875
543 174 573 213 0.64526343
135 389 171 435 0.5865936
388 308 421 351 0.56878257
214 237 248 280 0.56501245
282 225 317 269 0.5449919
845 258 873 294 0.48548493
745 244 776 284 0.4595273
707 193 734 229 0.41387063
556 353 588 395 0.40986624
794 186 826 228 0.37394387
239 329 265 362 0.34282434
398 194 431 237 0.3399532
568 275 598 313 0.31828195
777 270 807 310 0.3122623
87 174 119 214 0.23300654
660 215 686 248 0.21237339
117 255 146 291 0.17962143
685 257 714 296 0.16295174
338 245 367 282 0.11884706
645 143 672 178 0.114805676
15 97 48 141 0.11355703
587 399 617 437 0.10516512
460 172 485 205 0.10218327
176 347 204 382 0.095159605
353 384 385 422 0.088832624
716 336 751 384 0.08852586
54 233 79 266 0.086465135
106 128 135 163 0.083221085
313 273 344 313 0.0829169
608 384 634 420 0.079052046
390 486 419 521 0.076300375
7 70 35 111 0.07561462
385 278 414 313 0.07327869
152 251 181 288 0.07219305
502 353 532 392 0.07190037
346 525 380 572 0.06979061
611 244 641 282 0.06967631
532 310 564 348 0.06949344
716 280 742 313 0.067272805
21 232 49 265 0.06619563
464 543 492 579 0.0644796
74 231 101 265 0.061322186
973 202 999 235 0.058962382
407 407 439 448 0.05694023
894 259 921 291 0.056858752
486 372 520 414 0.05472963
378 243 407 282 0.054204132
407 127 436 165 0.053743675
100 348 130 386 0.053643875
634 255 663 293 0.05258042
683 321 717 365 0.052151226
254 410 284 445 0.050570242
435 374 465 412 0.050157018
604 674 631 708 0.050009064
380 117 412 157 0.049434297
696 219 724 256 0.049364913
243 512 277 557 0.048250128
535 396 570 441 0.047458135
825 242 858 290 0.04616044
334 400 372 445 0.046017986
532 252 566 295 0.045619447
199 382 228 417 0.045458652
142 225 172 260 0.045142896
208 332 236 367 0.044531956
731 295 765 337 0.044159085
567 226 595 263 0.04415164
969 256 994 289 0.043930147
502 605 534 643 0.04206937
356 173 383 206 0.041929323
328 178 357 212 0.04166827
455 376 490 417 0.0412365
922 259 945 289 0.041211728
557 120 583 154 0.041169457
490 128 519 165 0.03976417
992 196 1020 235 0.039508983
102 298 132 334 0.03934137
433 203 462 240 0.03880613
638 170 668 207 0.03819627
176 257 201 289 0.037427142
234 152 264 192 0.035337627
431 126 456 159 0.03489019
430 402 461 442 0.0348063
532 507 562 545 0.034275755
159 332 188 369 0.034268826
22 144 57 185 0.034065325
508 247 542 289 0.033751417
790 502 820 539 0.033693466
117 329 146 368 0.032800015
331 460 361 499 0.032783695
98 425 130 464 0.032685667
661 409 702 460 0.031617492
716 251 743 288 0.03158793
462 200 491 238 0.031362846
458 245 489 283 0.03125792
202 301 234 340 0.031064035
612 510 640 548 0.030497141
249 367 283 407 0.029558033
544 452 580 498 0.029382646
454 103 481 135 0.029318005
437 325 466 361 0.028675996
282 457 309 491 0.028169053
359 584 384 618 0.028133804
98 226 127 263 0.028101714
176 380 207 420 0.02807052
580 325 617 370 0.027615573
244 303 277 341 0.027437557
400 250 432 288 0.026881402
78 656 124 710 0.026863094
356 270 386 306 0.026013078
409 610 447 653 0.025731219
327 98 354 133 0.025550775
616 171 644 207 0.025352992
253 275 289 317 0.025084365
952 269 981 304 0.02479341
517 179 545 214 0.024676898
15 194 45 231 0.024652204
116 171 147 209 0.024588136
334 201 363 238 0.024341557
463 585 493 627 0.02414295
344 364 432 451 0.024108259
746 150 777 190 0.023760179
82 148 115 190 0.023500815
812 215 845 261 0.022809468
552 153 581 191 0.022508834
365 102 391 136 0.021841714
539 216 568 253 0.021617873
158 196 190 235 0.02091052
