20_Family_Group_Family_Group_20_835
58
179 265 210 305 0.84905684
62 338 100 392 0.8242313
747 266 778 306 0.45769462
866 118 916 182 0.3213095
788 111 827 160 0.16874017
151 302 182 341 0.16479062
579 423 611 463 0.15628576
841 279 886 336 0.14911792
612 405 647 453 0.10754719
615 313 645 351 0.10705414
692 326 723 366 0.10282753
3 283 28 323 0.10123953
614 371 647 413 0.10063655
663 300 696 342 0.09524766
319 124 344 156 0.0827656
789 153 826 202 0.069154665
500 374 537 418 0.06784457
328 357 377 416 0.05736558
224 402 260 445 0.056511123
961 43 1001 90 0.056247707
636 302 670 346 0.055376347
724 141 758 187 0.0546841
883 317 924 368 0.05290216
199 329 233 372 0.050498206
181 457 219 502 0.048174076
285 352 323 402 0.04748938
535 423 572 470 0.047469124
554 349 599 407 0.047334075
114 388 151 433 0.045426283
839 59 879 109 0.042303413
21 336 66 392 0.042200137
681 118 708 153 0.04000346
680 151 711 191 0.039525714
638 121 667 158 0.03810681
848 365 936 478 0.037457112
328 176 355 211 0.036443125
839 166 871 208 0.035682537
199 293 233 340 0.034328494
-1 344 28 393 0.031165253
767 13 807 62 0.031061249
223 347 254 386 0.029977517
659 370 702 425 0.028606057
791 306 820 346 0.027782593
438 426 468 464 0.026856432
611 445 648 489 0.02658244
651 422 685 466 0.02570282
756 290 790 335 0.023471544
909 72 944 114 0.022742331
553 408 619 481 0.0226512
956 169 994 212 0.022639342
129 320 162 364 0.02249678
462 357 490 394 0.022118373
196 372 231 411 0.021380315
46 308 77 349 0.020981805
732 317 766 363 0.020438451
451 571 488 618 0.02019469
591 328 625 371 0.020124424
406 403 439 441 0.02009899
