20_Family_Group_Family_Group_20_272
51
480 54 528 116 0.98080885
655 87 698 145 0.9689892
547 34 600 102 0.9683796
833 46 877 102 0.9400578
727 29 771 87 0.90956295
387 99 429 153 0.68057597
278 23 322 78 0.6347458
127 49 161 89 0.28352162
631 49 666 94 0.11138424
72 1 105 37 0.0626266
985 199 1022 255 0.05922466
126 93 160 138 0.05879869
787 6 831 57 0.057072703
386 45 413 79 0.053829968
325 66 355 103 0.052701782
235 43 265 80 0.05122402
913 72 954 121 0.048019167
945 90 976 130 0.040696114
233 275 268 318 0.037047505
756 13 800 69 0.037029143
327 102 361 144 0.03639126
206 15 235 50 0.03498469
521 243 562 293 0.034102436
103 22 130 56 0.032438535
196 159 292 288 0.031646878
504 141 548 201 0.03125316
898 38 935 88 0.031203143
502 22 541 73 0.029627815
687 249 721 292 0.029090475
227 0 258 33 0.028193936
477 226 518 272 0.027969653
24 49 53 86 0.027459811
247 65 282 109 0.026825283
7 346 37 388 0.026749536
80 49 105 81 0.026715983
326 17 358 56 0.02523101
813 112 850 161 0.024665624
584 116 627 177 0.024315562
126 161 167 217 0.024314731
630 -1 669 37 0.023129782
437 39 469 83 0.02306229
456 21 485 58 0.022971265
129 2 162 37 0.022734908
378 0 409 33 0.022599282
862 25 900 75 0.022562109
15 2 50 41 0.022377701
46 20 72 54 0.021846784
254 3 288 40 0.021789948
487 1 518 38 0.021579526
6 379 36 425 0.021293491
991 54 1027 109 0.02043609
