45_Balloonist_Balloonist_45_838
123
127 371 160 414 0.948721
405 355 440 399 0.87046176
458 382 488 419 0.86068
359 390 390 428 0.73955315
731 379 759 415 0.7201243
815 238 840 270 0.70099694
656 254 679 283 0.66932976
610 386 640 424 0.6143789
274 293 307 334 0.6003444
188 307 221 350 0.59387016
491 346 518 381 0.58613276
843 306 868 337 0.5699119
181 241 211 280 0.508374
237 385 272 428 0.4865617
912 366 939 401 0.46520013
463 220 493 259 0.4634333
481 283 507 316 0.4437628
691 225 711 251 0.43478653
646 349 669 378 0.43092275
193 385 224 424 0.39729396
523 384 551 420 0.31990463
763 282 786 309 0.30463138
540 238 562 264 0.26193458
570 356 594 387 0.24538931
793 324 819 357 0.24324696
711 335 734 364 0.22282001
590 243 612 269 0.18642241
957 428 988 470 0.18106167
664 385 691 418 0.17484525
25 228 57 270 0.17140703
280 212 308 247 0.15749249
836 361 862 391 0.15179157
731 237 753 265 0.1513791
871 277 893 305 0.13644798
745 534 769 565 0.13049826
766 435 791 466 0.12483901
892 306 916 339 0.11115003
838 502 867 540 0.11060668
301 276 330 314 0.102926865
719 479 746 509 0.094170675
689 455 711 485 0.0903731
530 295 563 339 0.0894078
515 502 545 541 0.08462373
671 232 696 262 0.075039394
275 334 313 381 0.0703362
355 275 380 306 0.06957371
434 301 461 334 0.05828595
16 352 46 391 0.057705563
775 332 799 364 0.056277912
492 96 518 129 0.0555857
531 524 562 562 0.052710168
742 511 765 541 0.052131996
145 274 174 311 0.052125294
716 510 745 544 0.05159475
586 402 615 439 0.05156415
516 248 544 281 0.050328773
839 398 867 433 0.050302774
669 207 692 235 0.049255934
561 235 584 263 0.047512516
691 516 718 550 0.046429627
851 286 874 316 0.04610925
410 409 440 445 0.044616614
737 457 761 487 0.04348191
355 410 396 464 0.042364754
335 271 362 306 0.04219927
762 540 787 571 0.042037353
131 294 162 333 0.04151124
616 148 639 177 0.041358106
435 406 463 442 0.041218888
609 235 631 263 0.0410432
747 300 771 329 0.04077901
403 274 432 311 0.03952359
639 376 667 414 0.037928306
466 327 496 365 0.037390985
685 382 711 414 0.03642459
199 357 228 391 0.035884354
227 227 260 268 0.03569253
871 302 896 336 0.035616137
588 279 612 310 0.034832526
744 333 768 364 0.03403637
587 96 614 130 0.03395081
864 513 891 547 0.03325734
712 274 738 307 0.031992085
258 202 287 238 0.031826887
717 304 740 333 0.031385478
764 487 790 519 0.03106619
306 410 336 445 0.030983802
769 300 793 330 0.030694868
504 278 534 316 0.030668272
234 330 263 367 0.030090008
381 329 419 375 0.029399358
700 351 726 383 0.029131362
588 302 612 333 0.028870486
820 279 843 308 0.028410552
615 283 640 314 0.027986368
167 229 225 304 0.026617754
154 326 183 362 0.026446296
621 330 645 361 0.026353348
657 332 684 365 0.026301103
692 304 718 336 0.026238635
946 477 973 511 0.025877539
843 460 869 491 0.025602557
332 304 367 348 0.025083326
647 235 671 264 0.024968503
841 256 865 287 0.024262076
353 354 392 402 0.023371963
562 283 589 318 0.023260236
42 124 75 166 0.023179283
869 353 894 385 0.02306194
772 226 797 259 0.022947371
439 249 464 283 0.022387808
508 79 530 108 0.02213905
640 436 664 468 0.021677002
257 175 286 211 0.021669243
748 439 772 468 0.021558389
428 331 459 370 0.021506138
295 203 330 246 0.021419434
718 437 743 466 0.020821184
193 429 226 471 0.02081681
484 246 513 281 0.020674817
477 397 508 435 0.020495623
225 515 256 551 0.020111358
585 486 612 521 0.0200775
