45_Balloonist_Balloonist_45_273
111
725 311 832 458 0.9921427
707 206 767 283 0.9744003
107 318 179 405 0.95265216
121 165 182 244 0.9183383
432 35 461 73 0.77459913
469 157 507 203 0.41356558
356 280 388 318 0.29206294
813 209 851 255 0.27334598
607 200 647 254 0.27016655
762 155 800 203 0.2695928
935 143 972 187 0.22406818
551 388 665 526 0.19868098
379 154 407 190 0.19851384
353 150 384 192 0.1884909
408 253 440 291 0.18231262
462 115 496 156 0.17279345
412 186 442 225 0.17179413
486 100 517 140 0.17093417
849 171 880 210 0.16937985
983 245 1019 293 0.16219914
726 100 753 136 0.15743257
204 121 229 154 0.14059842
957 195 990 237 0.13701534
875 105 897 133 0.12509614
3 279 55 348 0.11405864
458 282 488 319 0.1073759
798 122 825 156 0.104423575
434 280 464 317 0.09721313
334 257 361 291 0.09217186
616 295 654 341 0.09033223
250 175 275 207 0.08309394
84 256 127 310 0.08305129
435 97 464 134 0.075210355
644 174 679 219 0.07313746
337 127 365 161 0.0706498
381 121 409 154 0.07047764
539 203 575 245 0.0673138
200 233 234 277 0.06670491
412 325 450 373 0.065736994
355 309 397 364 0.0634854
837 192 873 238 0.06002757
818 146 848 183 0.056630615
818 175 851 216 0.054450873
568 143 595 178 0.054444123
481 279 516 322 0.051934116
947 320 1011 406 0.051095657
969 220 1007 268 0.05014468
584 129 612 164 0.04851132
588 250 622 299 0.047982536
976 128 1004 161 0.04625337
227 154 256 193 0.044840753
309 220 336 254 0.044602167
511 341 553 393 0.04434876
454 73 484 110 0.043216635
866 194 896 235 0.042340443
428 475 521 588 0.04214869
898 240 933 283 0.03841747
49 213 82 258 0.038151413
458 342 508 403 0.03768222
402 396 451 451 0.037435908
612 292 682 380 0.036862396
330 300 367 346 0.036400672
166 212 207 264 0.03596219
286 274 315 310 0.035872653
923 276 957 318 0.03509555
611 130 639 164 0.034710974
483 224 516 270 0.03460617
404 149 433 186 0.03426409
847 128 874 163 0.033992905
560 176 591 213 0.03302539
283 222 310 255 0.03261235
416 25 476 96 0.032120343
80 465 162 570 0.032045588
509 150 539 190 0.03142474
720 140 752 182 0.031231023
386 441 436 501 0.03103008
814 106 839 138 0.030888544
306 306 337 345 0.030701397
506 116 535 153 0.029649938
919 198 948 235 0.028897362
206 141 240 184 0.028726768
122 254 165 306 0.026697429
839 243 877 286 0.026408955
951 244 983 287 0.026332887
899 176 928 214 0.02606104
254 195 281 232 0.025928628
361 194 386 226 0.0258612
224 96 254 134 0.025771093
255 258 282 292 0.025371062
386 233 415 267 0.025083205
174 271 217 329 0.024721608
329 201 357 234 0.024547327
773 125 807 168 0.024309475
864 148 894 187 0.02384045
871 225 904 266 0.023696614
363 104 390 138 0.02351898
688 174 719 218 0.023501867
183 103 212 143 0.022830306
994 139 1024 180 0.022661319
308 253 340 292 0.022622192
456 383 543 476 0.022124942
483 193 517 235 0.022062954
515 197 547 238 0.021801367
563 300 598 344 0.02166095
227 320 269 370 0.021183249
327 103 354 136 0.02106662
945 179 1010 258 0.02087892
227 276 261 317 0.020833585
856 102 882 135 0.020696124
99 108 138 154 0.020591466
561 237 603 299 0.020433355
