45_Balloonist_Balloonist_45_134
20
630 181 693 266 0.9745773
332 66 391 139 0.96019363
287 166 325 215 0.41406608
699 282 734 329 0.11111589
526 246 562 295 0.08068165
555 336 592 385 0.060311418
785 203 824 248 0.058914118
400 123 433 167 0.047123823
458 249 494 298 0.035689183
272 227 313 281 0.0345242
431 223 468 269 0.034250926
249 305 286 353 0.031549763
491 321 529 369 0.0311018
739 104 781 160 0.028569326
264 461 310 514 0.02794481
559 472 592 517 0.026455842
293 253 336 314 0.025313035
765 165 808 221 0.02418686
709 465 751 517 0.024145389
562 303 592 344 0.021065695
