7_Cheering_Cheering_7_57
22
795 283 52 59 0.9987967 
432 337 44 56 0.9985917 
743 337 45 53 0.99791485 
0 301 48 60 0.99723023 
31 161 38 50 0.9968251 
555 347 43 50 0.99346197 
134 303 40 46 0.9915392 
666 318 40 44 0.98964256 
331 312 40 49 0.9864913 
737 147 36 43 0.9519506 
107 322 31 45 0.8766468 
249 353 39 46 0.4492456 
538 705 25 38 0.26815328 
496 702 28 41 0.08917097 
601 176 22 30 0.0867081 
1001 336 21 67 0.0677047 
245 330 43 52 0.06200736 
958 375 31 52 0.0597594 
593 379 20 35 0.049605515 
374 218 42 49 0.04195087 
248 381 44 39 0.03454497 
870 295 38 53 0.032548197 
