7_Cheering_Cheering_7_530
37
956 210 15 18 0.9874243 
10 106 21 23 0.96921194 
303 162 14 18 0.95297354 
139 140 13 17 0.94572943 
80 135 12 15 0.93475455 
724 146 19 27 0.9193416 
400 27 32 63 0.90278864 
260 175 10 13 0.8482198 
815 174 14 25 0.7449623 
364 180 9 12 0.6168482 
551 194 8 10 0.5907066 
524 189 9 11 0.37951058 
687 189 8 11 0.37846175 
218 186 8 9 0.18312113 
617 107 21 41 0.1795944 
912 232 8 11 0.16527238 
519 207 8 9 0.06315156 
923 244 9 11 0.051475286 
222 187 7 10 0.047450628 
160 167 8 11 0.042708296 
246 189 8 10 0.040856145 
166 169 8 11 0.038208786 
590 215 8 11 0.034905422 
527 221 8 9 0.03466057 
242 190 7 8 0.034652434 
118 185 8 10 0.034416307 
519 214 8 9 0.0335839 
109 170 9 13 0.032563273 
763 164 15 21 0.032191664 
999 205 9 12 0.029950187 
258 196 10 12 0.027627021 
680 188 10 13 0.027331667 
918 230 9 11 0.02432153 
551 220 8 10 0.023648571 
706 176 7 10 0.021779023 
547 192 8 11 0.021052804 
359 196 8 10 0.020572687 
