7_Cheering_Cheering_7_391
48
202 425 58 82 0.9795249 
709 174 17 22 0.96869934 
328 611 90 141 0.8537414 
315 327 13 21 0.8443334 
360 348 22 33 0.84255797 
221 348 15 26 0.74902904 
700 291 16 24 0.7205274 
60 408 32 59 0.62837344 
303 361 21 29 0.5568312 
478 338 13 22 0.50960666 
661 325 24 21 0.33279842 
87 382 31 47 0.31896728 
647 167 12 14 0.18506177 
61 385 40 58 0.16266508 
424 315 10 14 0.1568279 
366 304 13 17 0.1471896 
661 270 10 13 0.09710808 
190 346 14 20 0.08421815 
657 268 10 12 0.08406028 
638 270 8 11 0.07604499 
256 345 13 16 0.06926663 
428 313 11 18 0.06323536 
559 283 9 11 0.06272401 
406 314 12 15 0.060992777 
628 248 12 17 0.05824128 
119 270 18 30 0.054794643 
742 384 42 35 0.0537029 
352 358 24 30 0.051111255 
412 314 12 14 0.047662478 
761 255 12 16 0.045040525 
215 356 16 23 0.04077471 
537 330 22 29 0.040033683 
568 280 10 11 0.039050817 
48 398 35 58 0.037187085 
668 274 9 14 0.034123965 
49 376 33 49 0.032578096 
254 364 12 16 0.031200664 
195 340 15 22 0.029238664 
354 330 15 20 0.025102362 
511 329 13 24 0.0250284 
939 434 41 93 0.022636993 
75 410 40 62 0.022567209 
219 362 17 23 0.022242408 
477 321 15 24 0.021641819 
5 413 35 49 0.021355558 
688 301 23 27 0.02067966 
320 484 40 59 0.020545831 
808 337 33 53 0.02041176 
