7_Cheering_Cheering_7_134
20
238 221 96 155 0.99967706 
465 240 90 121 0.999548 
718 243 88 126 0.9994469 
0 37 70 139 0.99641377 
160 77 75 109 0.99629706 
469 135 78 92 0.99316 
838 443 11 14 0.088377304 
949 327 14 16 0.07644645 
905 460 14 16 0.07084107 
544 275 49 70 0.05731167 
945 494 19 23 0.050601628 
940 382 14 19 0.03895561 
960 449 13 16 0.035427224 
421 140 28 36 0.034526456 
945 442 12 16 0.026657548 
1005 497 12 16 0.023105647 
983 528 16 20 0.022443771 
928 468 14 16 0.02227353 
1013 419 10 17 0.021443848 
31 161 27 40 0.020140048 
