7_Cheering_Cheering_7_138
21
469 165 47 66 0.9994987 
339 133 49 61 0.99949837 
835 120 51 75 0.9990453 
601 196 47 58 0.998309 
785 119 51 74 0.9981262 
869 87 44 61 0.99774015 
56 169 42 58 0.99663144 
495 104 47 60 0.9962329 
216 134 44 52 0.9896152 
196 123 26 34 0.9842443 
536 89 38 54 0.95717055 
296 128 39 53 0.9372403 
390 133 38 56 0.9185448 
104 152 32 36 0.89076865 
516 97 43 57 0.87640184 
-2 348 51 86 0.34858695 
202 129 35 45 0.09116817 
122 229 42 35 0.06111553 
42 328 40 49 0.048331846 
989 338 14 17 0.040883336 
134 306 27 28 0.04002685 
