7_Cheering_Cheering_7_313
20
161 120 50 63 0.99845684 
744 136 41 61 0.99756 
28 112 33 46 0.9954122 
234 146 37 49 0.9937791 
652 150 34 51 0.99310064 
347 159 34 52 0.9922152 
950 184 41 61 0.9768471 
967 147 37 61 0.9606165 
864 0 24 22 0.24324495 
847 0 23 22 0.22473024 
0 93 26 38 0.192496 
197 0 11 9 0.15950148 
333 0 22 18 0.15456025 
872 8 17 20 0.09322379 
589 210 23 26 0.06459236 
891 185 34 52 0.06271278 
320 0 23 18 0.034171518 
659 253 28 37 0.032138966 
618 179 19 23 0.02279646 
79 70 38 41 0.02269837 
