16_Award_Ceremony_Awards_Ceremony_16_141
40
86 259 131 315 0.8987661
399 240 434 286 0.7984744
187 273 225 323 0.7362881
10 246 51 303 0.6717023
459 253 492 296 0.5900605
274 50 323 129 0.38871545
555 304 582 337 0.3285064
355 250 390 296 0.3051025
145 262 182 311 0.17529298
511 280 534 312 0.16539903
335 222 365 260 0.0984481
533 432 555 459 0.07707061
621 309 645 341 0.07470475
405 474 434 510 0.06869656
321 197 354 240 0.05897741
541 322 569 356 0.05774351
589 307 615 340 0.054610103
439 272 470 313 0.054240316
455 331 480 363 0.05060318
620 483 643 513 0.049438756
466 452 492 484 0.047554944
483 272 512 309 0.04700048
47 293 78 337 0.043095622
590 439 611 465 0.042058438
504 386 527 416 0.0418386
225 56 266 116 0.04094432
358 355 387 393 0.03566821
924 144 956 184 0.032880947
591 351 620 385 0.031545382
198 420 245 485 0.030735878
191 313 232 372 0.029974094
379 202 410 240 0.029200817
356 328 385 365 0.026089268
362 181 391 218 0.02589899
537 287 565 323 0.025232567
643 455 668 486 0.02286997
418 235 476 310 0.02267199
335 372 364 409 0.022230098
460 294 490 331 0.020561237
215 270 255 320 0.020276172
