16_Award_Ceremony_Awards_Ceremony_16_231
22
555 103 677 260 0.98993987
430 145 555 297 0.9860551
36 139 81 198 0.9151575
125 127 193 204 0.5839331
790 155 819 196 0.39097244
883 280 922 333 0.2739226
902 152 927 186 0.15971363
756 202 784 238 0.11546186
855 244 895 295 0.052083913
913 189 944 230 0.046282824
961 351 1004 407 0.044007123
846 290 885 341 0.040780414
119 380 253 555 0.0342705
3 396 39 452 0.0318697
941 17 989 68 0.031210661
137 67 181 121 0.030334897
734 173 767 216 0.029935747
92 125 130 177 0.026559759
780 149 839 224 0.023836968
873 201 899 235 0.022657944
918 130 946 167 0.02238284
89 64 221 227 0.020434568
