16_Award_Ceremony_Awards_Ceremony_16_25
73
565 101 604 150 0.9594591
499 96 539 148 0.9185741
658 136 694 184 0.82729536
342 143 378 191 0.7965408
844 130 880 175 0.75077385
231 117 266 162 0.7118166
60 96 103 156 0.70624304
932 155 971 206 0.69328
149 96 188 149 0.5181136
441 117 476 164 0.51360863
749 146 786 195 0.48507226
393 236 430 288 0.15472089
611 170 641 208 0.14536846
3 327 37 379 0.14507787
300 35 334 80 0.13340768
838 161 881 218 0.11497289
759 280 787 315 0.11381649
174 43 210 89 0.10232309
690 203 716 236 0.096464545
583 169 619 214 0.0954534
974 227 1009 271 0.08860088
438 285 466 323 0.08459142
631 196 661 234 0.081912905
691 299 717 333 0.07913476
931 350 960 389 0.07759578
712 274 738 310 0.07747672
636 234 669 274 0.0729322
517 35 550 79 0.06901305
590 233 619 272 0.06294124
636 16 673 64 0.060505748
360 303 387 339 0.058464654
668 300 694 334 0.05810657
722 329 750 364 0.05738975
438 169 469 210 0.05150487
743 256 772 292 0.044612996
547 265 587 314 0.044112395
772 331 800 368 0.043321192
639 282 670 320 0.042382296
461 213 499 263 0.04119609
683 169 714 209 0.040988322
303 196 335 239 0.040417336
898 196 935 243 0.04000042
714 223 741 256 0.037365183
611 241 640 280 0.035367545
201 0 233 35 0.035012554
635 329 662 362 0.033925544
247 158 286 211 0.033505093
304 4 339 43 0.032141436
353 233 400 294 0.031309646
67 85 173 245 0.031111417
529 1 563 38 0.030711241
196 18 235 69 0.030417414
327 195 368 246 0.029519029
740 194 770 232 0.029272614
670 360 695 392 0.02902968
863 350 892 389 0.027591782
769 225 797 263 0.027450832
534 68 561 105 0.026457684
695 75 725 110 0.026169674
691 357 719 389 0.026054941
719 169 750 210 0.025595332
182 164 215 211 0.025129814
438 246 467 287 0.02462298
795 199 821 234 0.023184814
669 198 699 234 0.023167638
456 0 491 36 0.023127817
940 248 979 296 0.023050686
870 1 906 39 0.022115475
181 223 219 271 0.022026235
691 324 719 358 0.021826796
690 47 722 84 0.02126757
526 237 601 328 0.020626355
661 0 696 39 0.020144284
