49_Greeting_peoplegreeting_49_48
26
-2 34 144 384 0.89049894
719 120 780 194 0.8872489
585 196 635 257 0.85595596
290 205 331 262 0.7739195
525 158 570 234 0.663648
378 227 419 277 0.3895928
475 124 526 187 0.08673318
549 173 606 252 0.07853522
227 254 258 296 0.05765679
461 42 495 85 0.04136879
397 140 437 197 0.033504415
357 120 392 168 0.03205981
819 451 854 501 0.03173346
653 402 683 439 0.02914217
487 183 533 239 0.028771296
966 512 1004 562 0.02641875
678 318 714 368 0.025605401
357 0 394 40 0.025374323
555 240 596 287 0.024112605
579 264 618 312 0.021987492
933 434 966 475 0.021877553
592 29 644 90 0.021836506
653 137 698 199 0.021580327
352 349 383 392 0.021485036
767 287 805 339 0.021062944
806 27 851 82 0.02093124
