49_Greeting_peoplegreeting_49_266
23
395 255 435 306 0.51507175
245 75 307 158 0.5132092
636 255 682 315 0.3419624
850 247 900 311 0.23500116
565 355 609 410 0.14194635
765 459 802 508 0.115632914
903 239 946 293 0.066578224
307 322 336 357 0.06364957
449 322 488 374 0.060275
686 395 721 440 0.04128145
536 378 566 418 0.040701095
843 262 928 368 0.03725479
335 583 378 638 0.03705331
512 371 543 412 0.025938647
430 632 460 671 0.025379647
483 341 518 391 0.022887284
206 536 350 704 0.022831526
811 124 842 162 0.022644
315 374 345 415 0.021353954
339 115 375 159 0.021283189
942 410 1019 564 0.021232653
330 353 356 386 0.02079784
425 554 470 607 0.020164106
