49_Greeting_peoplegreeting_49_943
20
192 423 246 491 0.97361475
126 446 183 517 0.9367537
289 441 336 502 0.924427
358 446 411 516 0.9023756
671 330 707 376 0.10455649
724 340 769 399 0.047030196
320 395 358 441 0.039883945
716 452 746 495 0.03853665
453 317 494 368 0.035319127
800 266 846 326 0.03415452
399 372 437 422 0.031422313
628 376 661 419 0.026962586
694 526 729 570 0.025313763
245 398 281 442 0.024118552
616 425 653 475 0.02291719
732 484 762 523 0.022436962
702 591 747 652 0.022210507
400 328 432 367 0.021784399
718 395 750 437 0.020659346
459 448 501 504 0.020013882
