49_Greeting_peoplegreeting_49_50
19
652 280 795 465 0.9987386
323 199 392 287 0.97935265
353 118 409 188 0.65063894
276 112 309 154 0.28646368
972 188 1017 262 0.19509631
478 494 600 639 0.17468336
200 617 367 753 0.16109133
275 104 339 187 0.059802257
436 725 489 770 0.055073638
437 690 535 774 0.041735876
299 133 421 302 0.03867419
914 149 951 198 0.032040026
423 150 461 201 0.027941316
341 538 509 708 0.027574642
827 144 869 195 0.022777032
449 72 492 131 0.022697166
772 225 856 344 0.021638472
203 329 305 443 0.020938734
946 164 984 224 0.020475129
