49_Greeting_peoplegreeting_49_810
47
506 144 583 237 0.9784113
276 159 337 250 0.6047353
156 161 222 262 0.48559812
289 27 346 97 0.22280972
631 112 667 157 0.1818532
834 116 862 152 0.16856197
180 379 245 461 0.16330482
10 518 113 684 0.14307357
401 388 435 432 0.14128156
157 482 286 637 0.1274991
940 118 966 153 0.11475092
975 72 1001 107 0.10744496
811 175 837 207 0.07833323
534 401 564 439 0.06878806
397 326 430 367 0.068037435
315 108 378 200 0.066957586
942 48 968 81 0.06252027
951 23 976 52 0.057692394
736 173 765 208 0.056531627
795 147 822 184 0.050284248
957 2 989 33 0.04552381
930 209 955 239 0.04229268
893 19 925 55 0.040881764
924 148 948 178 0.040112797
842 2 874 36 0.038887575
795 253 828 292 0.038240276
307 325 341 370 0.037225805
628 274 665 321 0.035117604
918 25 946 59 0.034518674
732 2 760 33 0.030927533
865 11 898 50 0.02862437
252 19 298 77 0.027637163
736 118 761 154 0.026949737
535 461 571 503 0.02661583
332 344 362 387 0.026546137
811 77 836 108 0.02619044
972 175 998 208 0.02474344
926 70 951 102 0.024688615
161 24 241 121 0.023637114
889 177 916 208 0.023623412
422 -6 471 50 0.023338756
203 152 284 253 0.02283651
8 59 87 194 0.022724247
995 48 1021 87 0.022328699
930 99 956 133 0.022249581
841 143 871 182 0.022189368
976 148 1004 184 0.021704618
