49_Greeting_peoplegreeting_49_53
113
435 339 492 413 0.9518648
321 638 408 751 0.9243322
237 234 290 302 0.8776989
232 332 277 390 0.76865387
797 405 854 478 0.68338233
345 332 400 405 0.6259417
113 344 172 419 0.61455977
811 239 855 299 0.58119565
558 175 601 233 0.48588696
773 670 843 760 0.478908
506 238 548 290 0.46947736
174 274 218 332 0.4608432
409 678 482 766 0.45159432
661 210 708 271 0.4234777
70 398 122 466 0.2728307
823 304 868 366 0.26382092
696 293 741 348 0.23393637
376 19 427 86 0.2327282
755 13 800 67 0.22230934
122 197 163 252 0.21966389
274 164 324 224 0.20229053
170 15 214 68 0.19916372
799 334 855 408 0.19367868
787 166 829 221 0.17884082
686 393 731 451 0.17363968
554 24 594 76 0.17257589
386 128 423 176 0.16427568
814 487 867 558 0.15967755
516 66 556 115 0.14837997
449 190 489 242 0.13398035
208 126 248 180 0.13034862
795 130 831 177 0.11291027
578 70 617 121 0.10813557
692 67 730 116 0.100731924
195 300 246 368 0.088774994
133 1113 186 1179 0.082247265
331 231 383 296 0.08014836
772 105 806 149 0.08004423
348 129 385 176 0.07896773
494 91 535 140 0.07650253
616 277 664 337 0.073366076
304 129 343 178 0.06881178
381 474 431 536 0.06484363
88 23 129 74 0.0639641
540 377 582 432 0.0621818
207 206 249 264 0.0606671
686 133 725 181 0.059138708
749 292 810 367 0.05736039
521 200 565 255 0.056990106
345 6 388 56 0.056120094
727 360 781 427 0.05569414
173 1328 234 1389 0.055396996
158 333 207 403 0.05539248
626 23 664 70 0.053339515
516 119 558 172 0.052623495
582 133 626 190 0.05247094
586 2 628 49 0.05156015
505 482 564 563 0.05085106
-3 1175 114 1372 0.050818592
615 399 659 454 0.050549123
408 433 455 491 0.049625475
270 92 314 145 0.0481985
652 5 694 50 0.04495031
193 55 238 112 0.04480789
469 157 516 217 0.044793654
444 576 507 651 0.044155333
206 355 255 417 0.043059
624 202 674 265 0.04150972
102 85 141 138 0.037817266
277 823 332 894 0.037667353
235 449 284 515 0.037519664
219 1052 322 1188 0.036265202
532 1 573 48 0.035706453
623 62 662 115 0.033951312
143 258 192 319 0.033826906
661 265 711 331 0.03207645
727 100 764 149 0.031967018
441 731 507 829 0.031210478
271 644 330 728 0.03069834
366 273 417 336 0.03036005
515 399 565 463 0.03021154
239 602 298 680 0.02864078
618 156 666 219 0.02795686
442 15 490 82 0.027156215
51 469 109 541 0.027122213
660 164 700 215 0.026954062
20 427 88 506 0.026588053
103 572 150 629 0.025805095
342 468 389 528 0.02576264
480 195 528 253 0.025725167
0 510 43 573 0.025501205
371 156 418 210 0.02543896
306 768 363 833 0.024140984
727 56 764 105 0.024089303
242 67 289 127 0.022892356
161 408 222 481 0.022859873
407 105 448 158 0.022849593
408 228 451 284 0.022653656
370 225 427 295 0.0223805
767 472 812 534 0.022293286
364 586 422 661 0.021690123
384 599 483 724 0.021580579
181 165 224 221 0.02145287
484 428 539 496 0.02142496
67 339 121 412 0.021324432
795 61 830 109 0.021047361
136 61 178 117 0.020986365
299 197 347 259 0.020739617
13 227 66 295 0.020668384
477 542 530 605 0.020478461
443 431 489 489 0.020387555
-1 84 35 147 0.020380469
308 58 352 114 0.020062659
