49_Greeting_peoplegreeting_49_920
30
480 306 553 398 0.8931436
227 175 318 294 0.89008045
710 203 807 317 0.18930899
594 600 665 698 0.1644073
595 267 658 349 0.13089524
557 663 653 779 0.08555973
428 400 522 513 0.078652434
401 249 451 310 0.061544634
464 602 559 731 0.05827584
520 794 573 858 0.05521257
735 1009 783 1075 0.05029582
977 585 1034 665 0.04765234
577 425 635 504 0.046706047
947 731 995 801 0.04362603
962 800 1009 862 0.04252125
340 705 390 776 0.041094296
774 813 845 898 0.03742233
361 598 413 670 0.031647198
937 528 1002 608 0.030289149
357 270 417 349 0.030053716
3 1225 49 1292 0.02968073
697 806 769 899 0.029337896
13 675 62 744 0.028976249
806 721 867 799 0.027796593
133 1191 167 1237 0.024923556
420 274 513 393 0.024411527
602 477 656 556 0.023926763
907 592 960 665 0.02325938
52 498 109 572 0.023107134
514 397 610 529 0.020434802
