49_Greeting_peoplegreeting_49_456
18
375 321 493 468 0.99801683
236 207 352 352 0.9974456
91 275 210 424 0.9933421
843 311 969 467 0.982483
773 244 857 350 0.9221114
96 175 187 288 0.8621102
491 116 574 249 0.8332216
400 203 465 284 0.21191348
5 157 108 310 0.061233975
710 23 770 90 0.05025593
216 543 327 683 0.039399553
923 227 1014 359 0.035456654
896 171 936 221 0.034924123
878 173 957 267 0.0331086
824 464 949 637 0.02851832
839 224 949 350 0.028296009
592 64 673 184 0.027615588
778 151 870 262 0.020263715
