49_Greeting_peoplegreeting_49_307
34
156 319 184 354 0.23883106
178 265 208 303 0.22564887
839 302 869 340 0.22217004
271 233 300 271 0.19232662
870 304 900 343 0.15480196
692 281 718 316 0.14890443
724 326 750 360 0.0970226
366 249 391 283 0.09399209
874 274 901 308 0.060519274
677 298 707 337 0.046818744
638 386 665 419 0.045190554
820 360 847 393 0.04511314
183 356 224 403 0.04053449
644 353 669 383 0.040181294
376 266 406 306 0.03973907
871 352 902 389 0.038449004
724 404 751 438 0.037807357
611 257 635 289 0.037795145
716 349 744 385 0.033824492
757 445 789 488 0.029655555
665 328 689 360 0.029360833
124 359 156 399 0.02809396
811 397 844 436 0.026569765
848 305 909 378 0.026045384
607 302 633 334 0.024478553
607 330 634 363 0.023090243
541 461 568 495 0.022661505
665 382 690 414 0.02240717
540 347 567 381 0.021781702
619 388 644 417 0.021775164
692 379 713 406 0.021716217
843 377 874 412 0.02171517
887 255 916 293 0.021293709
657 404 684 438 0.020436743
