5_Car_Accident_Accident_5_633
38
73 64 151 175 0.91582817
504 259 556 319 0.52886075
489 459 555 539 0.3184858
943 580 1009 675 0.24316284
459 367 514 440 0.08827662
713 295 759 349 0.07498274
146 458 200 524 0.07370659
667 355 715 412 0.06801316
402 424 447 487 0.055802163
566 404 626 478 0.054919545
542 566 598 632 0.047827125
89 212 146 292 0.047593597
242 471 283 524 0.044728477
672 283 728 346 0.0444608
75 267 189 445 0.043889947
434 430 488 502 0.04082249
48 563 89 621 0.0403164
673 498 715 548 0.0345674
741 332 779 379 0.032759797
537 505 638 621 0.029604213
263 433 301 483 0.029385235
7 21 167 239 0.028457126
614 267 652 316 0.028125474
165 670 218 744 0.028025536
898 294 939 348 0.028020244
940 352 993 422 0.027238673
204 300 254 365 0.026729431
841 220 892 288 0.023431338
93 704 146 763 0.022818638
991 304 1025 355 0.022427574
-2 664 35 719 0.021675246
650 536 695 592 0.021558823
368 453 422 523 0.021435939
461 599 514 665 0.021108052
582 237 621 287 0.020657085
495 358 559 437 0.020483637
486 668 675 877 0.020263616
685 123 725 173 0.02025508
