5_Car_Accident_Accident_5_628
116
261 272 292 311 0.5119185
967 488 1003 536 0.37170467
150 304 182 344 0.3359365
573 235 614 289 0.32078102
77 214 105 249 0.24432147
279 347 315 395 0.22609153
925 276 959 318 0.19779252
383 195 414 235 0.19130237
726 139 766 199 0.1845529
176 215 202 249 0.18021081
45 149 69 181 0.16498245
739 234 780 288 0.15778372
844 308 871 342 0.15174906
308 225 335 260 0.14444228
400 175 435 220 0.14441825
203 101 231 135 0.14375874
736 377 801 465 0.13841861
430 170 471 222 0.13711992
229 227 256 261 0.1345225
613 108 663 163 0.13253956
602 0 705 106 0.13228746
330 178 355 210 0.13166781
408 90 435 123 0.10901587
201 204 226 238 0.105685875
223 295 254 333 0.09960813
973 251 1010 296 0.095747985
36 253 65 288 0.095390305
944 336 973 374 0.09394427
258 197 283 228 0.0927955
806 270 840 310 0.08559833
511 226 580 310 0.0825899
-3 230 20 266 0.0747369
896 230 924 266 0.07256263
76 241 110 285 0.071396224
562 20 603 69 0.071368866
310 171 336 204 0.07094111
810 297 846 338 0.06806245
557 397 664 525 0.067709506
900 302 929 339 0.0652909
375 127 404 164 0.06499782
157 206 185 243 0.061060175
204 275 233 314 0.06077247
788 195 814 230 0.060079597
381 96 406 127 0.06003339
387 222 454 297 0.059622284
643 265 694 329 0.05409011
865 221 892 255 0.053233627
123 221 151 258 0.051994275
92 336 133 384 0.05141661
286 222 312 255 0.05119666
360 202 388 237 0.04995066
896 379 931 422 0.04882738
349 364 393 418 0.048547253
848 204 872 236 0.047028646
275 253 307 294 0.046793595
277 202 301 234 0.04433177
279 175 301 205 0.04248741
376 51 400 81 0.040336896
183 279 211 315 0.0403075
895 198 920 228 0.039041974
814 206 841 240 0.03772316
863 305 893 343 0.036903337
764 172 796 217 0.036510143
248 223 275 257 0.036139097
689 216 726 261 0.03544063
365 74 390 105 0.0348613
871 270 901 308 0.03444105
403 122 434 159 0.034075744
96 205 121 238 0.033607386
323 352 362 408 0.032782536
441 305 510 387 0.032402206
167 321 200 363 0.03218094
838 277 867 312 0.030798228
914 347 946 385 0.02849923
54 207 78 239 0.02755276
159 177 182 206 0.027378801
76 155 102 188 0.027293604
23 198 50 233 0.026793865
944 196 976 238 0.026706727
478 23 515 65 0.026650155
511 67 546 110 0.02659204
847 254 875 288 0.026496986
355 335 435 427 0.02618968
32 129 58 162 0.025825122
312 103 336 132 0.025397105
329 101 353 131 0.025091702
321 240 354 282 0.025079956
5 172 29 205 0.025004366
29 173 55 206 0.024922576
108 395 147 447 0.02471189
125 318 164 366 0.02430089
55 203 119 278 0.023861585
829 346 870 395 0.023799742
706 171 763 245 0.02326092
941 252 973 295 0.023101242
537 30 610 120 0.022867054
202 326 237 369 0.022828752
790 316 830 361 0.022748552
134 276 163 311 0.022689575
361 19 387 50 0.022632835
424 71 459 115 0.022215
243 258 304 331 0.021891562
177 345 212 390 0.021810813
846 157 869 188 0.021791812
353 172 379 206 0.021775229
597 242 667 328 0.021500139
793 221 819 255 0.021221407
401 363 500 463 0.021209901
234 182 258 213 0.020999208
42 302 78 346 0.020888347
915 501 947 542 0.020781467
939 528 969 569 0.020752737
48 346 76 383 0.020662474
26 224 56 263 0.020481227
571 117 647 207 0.020098107
740 105 767 140 0.020022225
