5_Car_Accident_Accident_5_982
55
736 197 779 253 0.9746295
323 241 365 295 0.94859695
476 234 512 279 0.7282911
812 118 842 158 0.3001378
799 486 847 549 0.19107382
680 325 715 373 0.16957735
906 80 939 119 0.16456364
434 335 462 372 0.15424918
675 248 715 300 0.14257976
457 350 488 391 0.10614153
694 424 739 480 0.10278088
407 384 448 434 0.08890484
815 348 850 394 0.08582206
721 594 765 648 0.0731865
713 416 789 498 0.07276483
826 181 852 214 0.068692945
606 219 634 252 0.062259454
657 139 696 191 0.056146268
273 321 311 375 0.054994382
379 148 405 180 0.052967846
528 276 559 313 0.04695191
442 231 471 267 0.045472182
373 300 410 347 0.04359233
503 228 529 263 0.04124765
391 225 414 255 0.037820347
412 322 448 367 0.033517275
290 278 318 316 0.032817867
406 253 429 285 0.0316326
794 137 830 181 0.029736124
795 370 832 417 0.02901535
464 308 491 341 0.028315365
621 348 663 399 0.027870676
347 346 384 392 0.027299613
949 73 974 108 0.02631853
755 543 792 593 0.025710687
824 227 851 263 0.025595985
755 467 831 569 0.025241926
968 320 997 362 0.023785222
936 302 974 349 0.023523116
782 424 814 466 0.023330834
463 152 486 182 0.02300405
325 326 365 375 0.02260909
972 200 999 237 0.02252201
873 203 900 237 0.022446923
358 199 385 234 0.022258934
405 198 430 230 0.02207981
764 60 799 102 0.022012746
793 274 823 316 0.02182934
415 124 439 155 0.021478038
796 333 829 375 0.021135548
974 249 1006 293 0.02111287
947 202 973 236 0.020568822
761 119 788 155 0.02043343
791 198 818 235 0.02012181
835 118 864 157 0.020049846
