5_Car_Accident_Accident_5_641
35
165 229 209 282 0.3498711
827 72 860 116 0.08340068
34 321 68 366 0.06884862
661 376 700 423 0.06414773
41 527 95 584 0.06316096
574 217 608 260 0.054065596
80 268 109 305 0.05195478
101 503 148 558 0.04949906
869 26 897 58 0.042545248
636 148 662 180 0.041814577
972 204 1001 240 0.037048057
943 221 974 257 0.036109474
662 146 691 180 0.03477343
949 304 977 340 0.032609355
893 278 926 318 0.031960864
618 173 645 208 0.031330075
133 250 215 348 0.028852688
690 128 715 159 0.025358055
283 256 315 294 0.025096428
554 192 622 281 0.025053365
376 246 408 285 0.024938375
919 296 950 335 0.024629291
705 300 740 345 0.023595322
889 196 919 231 0.02305507
948 396 984 435 0.02296633
124 252 283 454 0.022576837
620 243 649 286 0.021934664
788 125 820 164 0.021866912
860 122 898 170 0.02111175
868 69 902 113 0.020989
74 299 107 342 0.020688077
990 214 1020 254 0.020531407
721 196 750 234 0.020197937
840 206 872 245 0.020136528
944 123 976 166 0.020050716
