5_Car_Accident_Accident_5_448
272
226 537 258 580 0.46504036
287 483 317 521 0.4237362
922 548 948 582 0.41944855
299 528 330 566 0.35323873
50 385 78 420 0.33415228
156 430 181 461 0.2584518
924 208 946 236 0.23492675
50 482 82 522 0.23178484
812 508 839 541 0.2259304
199 429 224 461 0.21905509
638 439 664 468 0.20984791
288 455 313 486 0.19891405
797 456 822 487 0.18822393
45 453 72 487 0.17903203
334 581 365 618 0.16638163
172 500 203 540 0.16386418
538 378 563 411 0.15110865
745 437 772 470 0.14965905
893 406 914 435 0.14647964
212 335 231 359 0.14577456
693 463 719 494 0.14301166
23 484 55 526 0.14201859
31 580 61 618 0.13981365
409 377 437 410 0.13832943
873 209 894 236 0.12917992
459 458 486 493 0.12646759
874 407 900 441 0.12530573
348 562 381 599 0.12385513
807 530 837 569 0.12121518
439 351 466 385 0.120796025
-1 425 24 462 0.12054374
493 407 520 440 0.11943475
74 386 99 418 0.11548319
428 280 451 310 0.11480107
378 254 401 285 0.11128129
511 432 534 462 0.111199975
411 455 441 492 0.11083812
818 436 840 465 0.10940578
198 455 226 490 0.10810757
314 411 335 439 0.10759076
545 556 576 594 0.10732102
897 478 925 516 0.107166275
283 312 305 341 0.10390107
847 434 870 465 0.10199726
282 357 305 384 0.10180439
908 299 935 333 0.10075396
68 504 96 539 0.100259446
432 255 455 284 0.09810326
860 530 890 566 0.09734436
509 456 534 488 0.09570622
410 535 436 568 0.09528137
592 356 619 388 0.092973225
682 401 708 434 0.09251957
97 403 121 434 0.0913094
254 489 279 521 0.09130239
259 439 284 470 0.089823216
429 533 457 567 0.08900273
975 225 998 255 0.08871951
536 331 560 361 0.088193804
771 456 794 485 0.08412682
341 310 364 339 0.08385052
847 260 870 288 0.08306315
694 566 716 595 0.08222276
303 311 326 341 0.076668896
50 355 76 386 0.07635064
282 406 304 433 0.07563445
620 434 646 466 0.074767075
489 460 516 494 0.0736084
306 433 329 462 0.07352409
228 354 249 381 0.07208273
285 383 307 410 0.07185448
383 451 411 487 0.07134201
669 455 695 487 0.06902786
183 414 207 445 0.068656765
387 332 412 361 0.068623684
385 513 413 548 0.068617836
633 407 659 436 0.06774813
178 529 207 565 0.06657476
245 607 275 641 0.064953715
634 613 661 645 0.064953536
901 207 921 235 0.06459894
535 433 560 465 0.064337365
950 328 975 359 0.063174084
228 335 248 360 0.06291042
919 327 944 357 0.06276787
518 353 542 385 0.062208276
209 354 231 381 0.06095045
358 331 380 359 0.06086742
510 589 536 624 0.060549513
336 480 364 516 0.060275838
431 403 457 435 0.060164005
364 410 386 438 0.05963007
631 558 660 591 0.059283447
231 436 255 468 0.058585618
954 256 977 286 0.057331894
263 311 284 338 0.056747366
235 486 260 519 0.05547398
485 301 508 332 0.05476684
157 616 184 649 0.054731183
762 403 788 434 0.054402016
877 329 902 362 0.05326201
591 453 619 486 0.053209916
227 571 260 612 0.053166084
202 585 232 623 0.05308892
360 459 389 494 0.052604657
562 329 585 359 0.05203411
456 376 485 412 0.051267497
436 433 461 464 0.05123474
517 529 544 563 0.050883424
48 331 72 361 0.050667185
261 279 281 303 0.05039086
691 308 720 342 0.0503689
411 305 434 334 0.050163317
865 556 894 594 0.049295485
331 428 354 458 0.04890509
616 534 646 573 0.048593283
535 480 568 516 0.048525658
430 474 458 510 0.047996737
794 553 819 586 0.04782441
640 583 668 617 0.0477075
715 512 740 543 0.047213532
325 531 355 567 0.047124725
437 172 459 200 0.04631814
338 279 359 306 0.04500593
157 452 186 486 0.04464697
28 435 58 472 0.044157892
151 332 173 360 0.044110764
669 587 696 621 0.04392467
815 197 838 226 0.04383942
437 230 460 258 0.04365063
544 405 567 435 0.043640763
850 409 874 441 0.043545183
509 479 537 513 0.043061104
104 583 131 616 0.042961985
83 558 112 596 0.04233037
25 349 52 382 0.042148788
712 568 736 600 0.041605465
309 257 328 281 0.041361265
691 514 717 547 0.041032564
3 336 26 370 0.039375845
362 432 387 463 0.03930001
436 585 461 617 0.039162572
562 353 588 386 0.039158516
383 408 406 437 0.038892932
666 510 693 545 0.03884518
280 279 300 303 0.03863028
53 308 76 337 0.038238414
261 357 283 385 0.038091674
896 329 923 362 0.037914734
901 555 931 594 0.03780725
74 429 100 462 0.037592173
740 405 770 439 0.03752562
459 223 481 252 0.037443317
494 326 518 357 0.037124354
282 586 311 622 0.03637777
251 632 288 675 0.036198758
588 585 614 617 0.03612059
558 430 584 463 0.035836037
332 383 355 411 0.035640772
586 558 612 591 0.03546813
856 206 878 235 0.035434034
73 357 97 387 0.035284087
967 307 992 340 0.034995545
722 613 747 645 0.034894817
356 531 386 565 0.0348066
237 279 257 304 0.034368537
361 274 382 302 0.03435255
594 531 618 564 0.034348834
610 333 636 365 0.034169268
122 588 150 622 0.03403605
914 458 943 494 0.033734143
801 184 823 213 0.033527073
309 277 330 303 0.033358254
308 385 331 414 0.03319908
668 560 692 590 0.03319376
773 560 799 591 0.032880463
711 481 736 511 0.032732114
458 644 491 683 0.03262808
386 478 415 513 0.032126702
26 394 60 437 0.03199208
200 504 227 539 0.031793885
820 410 845 441 0.0316992
234 311 254 336 0.031514835
206 307 227 334 0.03105967
365 229 386 256 0.03036795
993 205 1015 236 0.03023867
490 559 516 593 0.030219827
618 581 646 614 0.030176591
76 529 106 565 0.030025154
224 408 248 439 0.029950472
899 427 925 460 0.029887086
185 330 204 355 0.029756801
345 638 385 683 0.02926214
186 281 208 309 0.029116003
561 578 589 613 0.029101184
769 591 793 621 0.029076599
868 306 891 334 0.029071193
464 405 489 437 0.028977986
518 382 541 412 0.028891671
642 507 674 546 0.028833682
846 380 871 412 0.028465822
609 382 637 414 0.02827076
822 362 846 394 0.028202824
946 230 970 261 0.027693653
86 638 133 690 0.0276528
947 352 974 386 0.027596483
921 352 949 387 0.027493527
181 307 202 334 0.027047843
742 612 768 645 0.026973698
722 434 747 467 0.026741805
101 507 128 542 0.026604181
647 354 671 384 0.026454179
799 409 823 439 0.026398623
386 581 416 617 0.026367886
923 256 948 287 0.026335564
944 206 967 235 0.026080146
390 383 415 413 0.025950003
184 259 206 286 0.025919167
918 503 947 539 0.025797354
95 277 118 305 0.025637008
394 313 416 340 0.02553495
180 378 204 407 0.02553475
763 508 789 539 0.025447445
22 536 50 568 0.02539534
313 233 332 257 0.025038093
262 382 285 412 0.024967708
364 385 385 411 0.024932545
360 206 381 233 0.024924094
745 483 770 512 0.024519295
562 304 589 337 0.024515169
789 585 815 618 0.024409493
800 230 824 260 0.02435471
106 461 133 497 0.024273781
899 260 922 288 0.024248593
666 483 694 515 0.023924736
468 283 491 315 0.023615764
67 456 96 493 0.023521725
767 535 793 565 0.023489883
100 326 124 356 0.023020318
592 481 623 518 0.022839544
918 378 947 415 0.022772029
152 558 179 592 0.022771042
534 508 567 546 0.022770487
286 261 306 287 0.022754094
850 293 878 328 0.022669712
619 275 648 308 0.02262629
719 383 745 415 0.022337267
922 535 970 593 0.022266835
44 607 72 642 0.022224924
513 309 538 341 0.022168966
154 353 177 381 0.022146586
558 381 586 416 0.022141375
231 381 253 408 0.02207199
49 528 79 564 0.021789026
490 533 516 567 0.021713793
419 232 441 260 0.021679293
308 587 335 622 0.021164829
78 330 102 361 0.021125201
996 424 1023 462 0.021112636
129 561 158 597 0.021106683
491 508 517 541 0.021079605
842 485 869 518 0.020830102
154 230 174 257 0.0208033
102 608 131 641 0.020774057
582 613 611 646 0.020720098
666 329 693 361 0.020629901
977 431 1001 463 0.020541767
75 614 104 648 0.020528996
404 604 437 645 0.020402953
974 456 1001 491 0.020221623
746 589 772 621 0.020178799
134 310 156 340 0.020156372
