5_Car_Accident_Accident_5_668
36
871 175 897 211 0.22492641
518 177 556 225 0.21329245
367 183 417 253 0.1547574
682 193 712 231 0.116957664
479 201 525 255 0.10616288
768 224 802 265 0.09872583
963 192 992 231 0.080473475
715 179 744 216 0.07193431
873 231 899 264 0.068190455
530 271 581 330 0.06377703
973 274 1006 315 0.06060198
847 193 876 230 0.05555355
579 219 615 266 0.04566622
308 184 390 277 0.04443349
442 190 476 234 0.044301473
682 148 710 185 0.042825516
915 299 942 333 0.041927967
614 200 645 240 0.03756677
816 200 843 236 0.03289188
509 246 544 286 0.031379852
899 282 927 317 0.031229217
891 192 921 229 0.029278025
791 205 820 241 0.028509833
938 327 965 361 0.028139167
737 194 767 230 0.027537202
892 160 921 194 0.026353743
917 206 941 238 0.025949497
952 258 978 290 0.025809815
528 222 572 271 0.02518717
747 379 774 413 0.024995258
822 253 849 287 0.024687858
913 171 939 206 0.024680587
558 172 589 213 0.024654642
716 226 749 265 0.023915004
848 221 878 257 0.022721114
324 279 362 322 0.021865325
