5_Car_Accident_Accident_5_937
24
484 350 509 381 0.23865977
385 400 416 435 0.06867613
503 43 529 77 0.066712484
917 123 948 162 0.05830433
515 386 544 422 0.05380617
482 371 509 407 0.047666125
646 7 676 36 0.04724865
731 129 767 169 0.043292712
887 5 919 36 0.035434484
734 419 807 500 0.035063587
462 382 490 415 0.03213421
980 19 1014 62 0.031398885
425 398 456 434 0.029589716
633 525 663 562 0.028945426
920 2 951 34 0.02856468
706 212 761 274 0.027480489
823 98 851 134 0.0271392
663 403 693 439 0.025993077
570 429 600 465 0.025431922
468 334 493 368 0.025110332
452 71 478 102 0.021171136
325 167 354 207 0.020765705
485 398 513 432 0.020599127
592 173 625 216 0.020368153
