5_Car_Accident_Accident_5_777
18
511 137 537 171 0.24585891
249 351 292 404 0.14215234
635 143 662 175 0.12629811
534 154 562 188 0.08892852
988 197 1019 239 0.06389037
919 247 961 295 0.055234596
220 273 270 331 0.049964383
633 166 670 208 0.0471758
147 283 180 322 0.038340416
849 175 876 211 0.035225682
767 155 796 187 0.03466901
709 173 742 210 0.029919753
828 151 850 180 0.029776303
407 257 432 288 0.028842397
549 167 585 208 0.024649648
513 164 550 208 0.022564052
750 129 776 161 0.0224203
147 308 190 360 0.020487932
