5_Car_Accident_Car_Crash_5_866
34
365 87 410 143 0.49228618
373 197 421 255 0.4536221
479 332 527 401 0.37303045
376 534 546 697 0.28900474
486 79 523 126 0.17754675
622 120 654 163 0.1338595
66 105 106 160 0.10043049
782 6 827 53 0.09874534
405 284 454 342 0.09002992
256 293 298 344 0.078010395
523 34 566 86 0.05520341
498 136 535 182 0.051568333
327 115 363 161 0.047070257
0 245 33 301 0.04168068
484 171 525 223 0.041610837
418 288 499 385 0.03945523
120 97 162 156 0.037196927
436 17 480 67 0.032512646
235 244 270 287 0.031576816
73 219 113 272 0.029830912
20 259 112 386 0.029694915
739 6 801 69 0.029097814
217 174 262 232 0.026877426
200 62 231 104 0.026119271
345 126 395 192 0.024955923
599 440 704 570 0.023596557
711 40 743 78 0.022684643
690 10 729 55 0.022131188
529 137 566 184 0.022069601
301 96 341 146 0.021557594
45 135 87 185 0.021458048
430 194 469 245 0.021056505
248 145 284 188 0.02090995
272 111 311 158 0.020678598
