58_Hockey_icehockey_puck_58_926
24
348 15 56 69 0.99926263 
567 106 60 70 0.99914193 
393 320 61 69 0.99764675 
936 266 59 79 0.996797 
218 224 58 69 0.9962754 
605 378 66 70 0.9962315 
878 49 57 73 0.9944786 
461 195 47 69 0.9926602 
94 617 62 56 0.8603088 
949 137 63 93 0.6568861 
691 363 46 71 0.16270508 
545 239 64 75 0.16021818 
400 232 50 63 0.13228066 
161 299 62 79 0.12882726 
816 391 47 69 0.080473125 
705 598 49 65 0.0766326 
657 369 52 70 0.03715913 
142 281 61 82 0.030000996 
595 260 50 65 0.026356846 
899 378 54 88 0.024078662 
796 312 52 65 0.023453232 
127 262 55 76 0.023104163 
217 166 9 10 0.02257874 
954 179 40 51 0.0217577 
