58_Hockey_icehockey_puck_58_825
22
342 211 32 45 0.9985405 
210 229 33 43 0.9985153 
792 219 31 39 0.99849105 
572 232 32 39 0.9984787 
477 217 29 40 0.99823856 
498 125 27 34 0.9980836 
820 119 29 37 0.99806756 
545 100 28 35 0.99796474 
596 114 27 35 0.9979417 
297 117 27 37 0.9978417 
251 110 27 34 0.9978017 
212 116 28 38 0.99778736 
684 222 31 38 0.9977616 
714 121 28 37 0.9977552 
346 104 25 34 0.9977139 
390 116 27 32 0.9975688 
769 102 27 35 0.9972161 
106 110 29 37 0.99693006 
639 104 26 33 0.99660814 
92 385 46 49 0.99562174 
451 88 27 30 0.99532205 
840 398 41 45 0.99407035 
