58_Hockey_icehockey_puck_58_785
19
130 326 38 47 0.99917644 
524 338 33 39 0.9989555 
328 332 35 42 0.9986821 
283 363 34 41 0.9986506 
685 337 31 35 0.99839586 
244 359 34 41 0.99826616 
624 361 31 37 0.99821943 
422 293 33 43 0.99821544 
916 311 36 46 0.9981445 
376 340 33 45 0.99801093 
448 353 33 42 0.99790406 
791 310 34 37 0.99773395 
729 337 33 39 0.9976655 
480 338 33 41 0.9975858 
657 305 30 38 0.99736637 
280 308 34 38 0.9947937 
608 327 28 31 0.96492916 
725 321 30 37 0.11771102 
833 445 23 27 0.03652522 
