58_Hockey_icehockey_puck_58_680
195
563 245 35 39 0.99827397 
548 194 33 35 0.99796695 
839 208 35 43 0.99791175 
668 354 37 42 0.99771947 
435 226 34 41 0.99761164 
563 328 35 44 0.997598 
332 238 34 42 0.9975822 
367 320 39 44 0.9971933 
469 320 37 45 0.99709725 
774 343 37 43 0.9969283 
695 240 31 36 0.9968977 
751 216 35 40 0.99608153 
620 252 35 40 0.9952428 
286 329 32 42 0.9942374 
223 198 38 43 0.9937039 
254 344 36 45 0.9934111 
890 365 40 45 0.9922712 
788 124 16 20 0.9850498 
245 132 16 19 0.97855717 
642 141 16 21 0.97837317 
803 149 16 21 0.9760987 
257 176 29 34 0.9701685 
790 50 12 15 0.9684326 
377 131 15 18 0.9683893 
300 137 15 18 0.9677137 
581 132 12 16 0.96687126 
674 59 13 17 0.96257275 
927 78 13 17 0.95839983 
229 80 15 19 0.9544532 
739 118 14 18 0.9530618 
544 147 14 18 0.95060587 
946 223 31 35 0.9474692 
342 30 11 14 0.9391878 
92 167 36 51 0.9382652 
701 150 15 19 0.9374244 
625 138 12 16 0.93485373 
580 93 12 16 0.9238362 
1001 43 14 18 0.9157099 
336 142 12 17 0.91522866 
703 26 11 14 0.9118351 
513 112 15 17 0.8994834 
670 3 12 16 0.8943418 
703 118 14 17 0.892856 
434 132 13 16 0.89016443 
834 126 16 18 0.8898384 
116 79 12 15 0.8871072 
937 165 12 15 0.8835025 
687 187 16 20 0.881943 
626 57 13 17 0.8766376 
983 173 14 17 0.87558126 
485 153 13 15 0.8723013 
981 24 14 17 0.86241436 
452 16 12 14 0.8465208 
771 21 13 15 0.83926845 
559 26 12 14 0.83151644 
466 109 14 19 0.81965345 
832 41 13 15 0.8175033 
837 27 12 14 0.8064447 
369 104 15 17 0.80351704 
889 135 14 18 0.79974127 
949 58 13 15 0.7867436 
300 79 13 15 0.7574998 
637 188 18 21 0.7499043 
589 59 11 14 0.7385308 
868 154 15 19 0.72909206 
307 18 12 15 0.7232138 
418 36 12 16 0.72184205 
955 126 13 16 0.6982201 
526 46 10 12 0.69678503 
273 133 10 13 0.69333905 
896 58 11 15 0.6926972 
925 8 11 13 0.67899686 
21 102 12 16 0.6749369 
581 2 13 15 0.6730588 
734 191 14 19 0.6600711 
424 113 12 15 0.63023686 
216 127 12 15 0.61945134 
730 62 11 14 0.6128563 
446 95 12 15 0.60977864 
50 37 13 17 0.57418275 
974 140 13 15 0.54860455 
848 161 14 17 0.5458744 
502 24 11 12 0.51468146 
599 0 11 11 0.51125455 
317 191 20 26 0.47297233 
540 111 13 15 0.4674462 
363 26 10 13 0.44047162 
407 6 10 13 0.4220376 
276 263 30 36 0.41813543 
79 88 9 11 0.35556415 
625 -1 13 12 0.3379177 
735 141 13 18 0.2943359 
470 63 11 14 0.27962777 
213 13 11 15 0.26831678 
395 22 10 12 0.2624658 
174 51 13 15 0.2619348 
402 76 12 15 0.26124185 
517 0 12 12 0.2570892 
917 22 13 16 0.23672797 
887 102 12 15 0.21793236 
756 141 16 19 0.20803575 
854 0 14 11 0.20299834 
875 43 11 14 0.19561884 
324 105 12 15 0.19312796 
395 102 11 13 0.15933798 
284 156 14 18 0.14768271 
960 157 15 17 0.14477587 
107 44 12 16 0.13483928 
701 77 13 18 0.13315862 
732 20 12 15 0.13096082 
467 37 10 13 0.12473426 
742 75 11 14 0.1196167 
557 40 12 16 0.11805879 
318 -1 12 10 0.11523985 
195 124 11 15 0.11416984 
22 0 10 8 0.1105482 
349 135 13 15 0.10676528 
614 191 14 20 0.10534868 
714 54 13 16 0.09034301 
703 70 11 14 0.08949367 
733 76 11 13 0.08877928 
231 152 14 18 0.08823369 
754 101 15 19 0.08703475 
548 133 13 15 0.086135276 
501 34 12 15 0.085902415 
427 167 12 14 0.08569713 
741 165 15 17 0.079664215 
163 4 12 14 0.07869142 
447 157 13 16 0.07411189 
588 37 11 14 0.067001246 
936 63 12 15 0.06585862 
447 117 11 13 0.06503294 
827 142 13 15 0.06454718 
5 70 10 14 0.061701342 
426 21 13 14 0.05937312 
734 0 12 10 0.055323996 
943 60 13 16 0.054301776 
233 14 11 15 0.053881705 
841 124 15 17 0.052824672 
894 182 12 15 0.049779955 
920 10 13 15 0.046636052 
962 123 13 16 0.04554696 
809 11 10 14 0.04548395 
397 94 11 14 0.045067165 
838 159 14 17 0.044634566 
373 248 15 20 0.044440866 
662 21 13 16 0.04412486 
703 210 18 19 0.042812277 
724 14 11 15 0.04208836 
1006 11 11 14 0.040489413 
599 556 11 11 0.04045372 
308 106 11 14 0.039299436 
597 356 16 18 0.038991265 
406 94 11 14 0.037269562 
185 70 12 15 0.037135355 
965 151 13 15 0.037084177 
360 61 11 14 0.03655908 
727 56 12 16 0.035694458 
963 171 12 15 0.034471165 
224 0 10 10 0.034034897 
85 128 10 11 0.033811916 
99 10 17 21 0.032665018 
501 1 11 10 0.032605886 
266 331 37 47 0.030989751 
792 175 12 16 0.030988242 
316 162 15 20 0.030745922 
890 113 15 18 0.030408327 
863 27 10 14 0.029221142 
712 37 11 13 0.028884502 
675 106 13 16 0.028564561 
691 181 16 21 0.028420648 
109 71 11 14 0.028137458 
477 165 11 13 0.028024245 
511 0 13 11 0.027906647 
532 121 14 16 0.027804373 
391 220 22 27 0.02771427 
566 111 10 14 0.027439177 
680 133 13 16 0.02668174 
668 78 11 15 0.025110476 
548 141 14 17 0.024953445 
56 5 10 12 0.024918415 
397 233 26 35 0.024874948 
481 80 11 15 0.024112662 
231 143 12 15 0.0240366 
304 103 12 14 0.023904735 
887 180 12 14 0.0229748 
446 124 13 16 0.021268582 
523 68 12 15 0.021218624 
340 161 14 17 0.021165045 
32 68 11 13 0.021064641 
957 119 13 17 0.02075625 
705 157 16 20 0.020731023 
241 190 32 37 0.020512236 
757 62 13 17 0.020333622 
44 59 11 14 0.020312425 
