58_Hockey_icehockey_puck_58_221
35
251 332 46 61 0.99889237 
6 454 48 65 0.99874663 
0 695 55 71 0.99874085 
654 461 50 61 0.9979189 
98 363 50 62 0.99752647 
454 524 71 88 0.9967847 
111 455 48 65 0.9959876 
203 471 53 72 0.99550736 
78 580 52 73 0.99388325 
576 35 44 52 0.9851365 
740 159 32 54 0.9816389 
542 486 36 51 0.972201 
819 147 36 45 0.96453565 
120 91 34 52 0.9589738 
0 194 30 56 0.9570812 
365 287 41 62 0.95311403 
897 477 38 54 0.947694 
52 197 36 49 0.94461507 
477 454 49 64 0.94052 
-1 70 34 54 0.9397662 
196 195 46 63 0.93025947 
49 64 44 58 0.85145336 
825 476 35 45 0.8008172 
130 329 42 55 0.52058715 
477 300 45 51 0.41755304 
423 359 45 51 0.29968825 
129 414 36 46 0.15180455 
461 478 62 78 0.088675804 
11 63 40 61 0.053543355 
606 643 31 28 0.044692103 
107 75 40 53 0.033386547 
744 670 39 49 0.031393446 
315 249 40 43 0.029513763 
507 463 42 63 0.027798405 
313 283 25 35 0.022553623 
