58_Hockey_icehockey_puck_58_245
28
253 204 30 40 0.9989838 
280 78 30 38 0.99897206 
610 72 29 35 0.9988423 
352 207 29 37 0.9986463 
811 54 29 36 0.998609 
199 225 32 41 0.9985637 
103 94 31 41 0.99848443 
99 189 33 38 0.9984314 
199 120 29 37 0.99841607 
677 54 30 40 0.99838185 
613 195 29 38 0.99833953 
733 64 28 38 0.9982835 
409 82 30 39 0.99820304 
473 116 30 37 0.99809235 
436 193 33 42 0.9980862 
883 46 30 38 0.99798715 
840 198 28 38 0.99788123 
381 104 29 37 0.9978575 
680 290 27 37 0.9977222 
901 169 31 39 0.99762636 
529 99 29 39 0.9975389 
154 75 30 36 0.99669087 
611 366 29 38 0.99564147 
586 365 23 28 0.07169808 
346 119 18 22 0.06998809 
778 252 15 20 0.047425717 
468 185 22 33 0.036259204 
722 85 17 23 0.03216788 
