58_Hockey_icehockey_puck_58_507
26
724 114 59 73 0.99956053 
851 219 62 74 0.99925774 
413 107 37 41 0.9905687 
463 68 33 41 0.9898363 
287 45 21 25 0.7810254 
535 107 34 45 0.72348654 
491 138 38 46 0.41170973 
663 214 32 68 0.29158092 
796 2 13 13 0.19395372 
353 54 15 21 0.11403146 
314 104 32 47 0.1059875 
520 89 32 38 0.10500315 
143 18 17 20 0.098875605 
213 0 13 10 0.06480858 
373 35 9 13 0.04675965 
497 31 9 12 0.046667684 
208 14 13 18 0.045025926 
510 114 45 53 0.043003157 
265 44 16 21 0.039695513 
470 13 12 15 0.032809604 
277 42 21 25 0.032550037 
802 3 16 16 0.03006366 
342 22 11 13 0.029943926 
359 25 11 12 0.026010057 
229 71 25 27 0.023890918 
282 36 16 16 0.02047426 
