58_Hockey_icehockey_puck_58_290
45
660 37 23 29 0.99615735 
63 18 25 35 0.99580765 
358 70 24 33 0.9957313 
560 44 25 31 0.99530905 
421 62 26 35 0.9950723 
490 63 23 30 0.9917896 
807 19 24 27 0.99129194 
743 31 23 31 0.9897432 
863 0 23 28 0.9878869 
302 81 23 32 0.98689866 
101 113 21 27 0.9863766 
364 0 22 26 0.98477757 
123 23 24 26 0.98407865 
29 33 21 31 0.9832644 
326 342 31 35 0.9737857 
492 468 23 39 0.9699042 
2 124 23 33 0.96631193 
179 13 22 26 0.96019244 
602 42 19 26 0.95201415 
43 180 20 24 0.9460046 
914 0 22 24 0.91757345 
243 8 22 25 0.8100281 
47 137 22 25 0.7823182 
74 91 19 21 0.7235667 
159 79 22 31 0.4765718 
153 22 17 22 0.2535021 
207 78 22 25 0.24950512 
106 25 17 24 0.22732286 
213 21 19 26 0.19190793 
150 81 21 28 0.15784566 
236 51 17 21 0.10383096 
690 345 14 16 0.070857346 
160 17 20 26 0.064633206 
741 2 19 19 0.06250424 
266 53 18 21 0.045183282 
13 34 23 30 0.04305997 
141 84 16 21 0.042983573 
251 57 14 18 0.041268285 
680 0 22 15 0.040828377 
225 22 19 26 0.038600933 
236 21 23 28 0.03759673 
737 253 28 30 0.032836728 
852 198 14 13 0.028790805 
947 2 25 31 0.023733577 
237 36 21 29 0.02073801 
