58_Hockey_icehockey_puck_58_493
35
470 88 73 90 0.99797004 
251 46 34 44 0.99740005 
112 131 36 44 0.99669695 
656 55 30 43 0.99614954 
774 140 39 44 0.9958111 
598 0 37 37 0.9949056 
905 125 37 45 0.9949039 
227 1 32 31 0.9947738 
109 15 30 39 0.9945327 
809 0 30 34 0.9940264 
719 0 32 33 0.99373615 
482 0 34 37 0.9934458 
610 140 37 47 0.99272585 
3 0 33 35 0.99222 
316 172 78 90 0.99199986 
239 108 39 49 0.98738074 
440 54 28 41 0.9801282 
346 1 36 26 0.94432354 
159 132 27 35 0.8375067 
936 21 28 33 0.72269726 
875 24 18 22 0.676569 
449 366 77 90 0.4121708 
0 114 16 46 0.11054754 
747 65 35 42 0.10805598 
273 0 21 18 0.10143045 
826 101 24 32 0.07037252 
702 1 22 25 0.06602687 
310 85 24 26 0.053954475 
899 65 32 38 0.052678324 
302 2 26 23 0.041686688 
824 86 27 31 0.03184355 
147 57 27 35 0.031764053 
830 58 50 59 0.030846478 
389 71 15 18 0.024210347 
886 70 27 33 0.020963483 
