33_Running_Running_33_316
89
405 185 449 242 0.96266204
524 219 560 267 0.8243967
768 152 810 211 0.7264377
859 202 901 259 0.7067981
629 190 663 238 0.5306892
221 170 256 216 0.38320932
471 224 502 264 0.31204945
677 194 707 231 0.30161428
154 187 190 234 0.22171307
792 250 824 291 0.15911077
745 259 775 297 0.14143035
354 178 387 224 0.13730815
255 176 282 214 0.13214381
813 119 838 151 0.123421974
661 142 688 176 0.11808494
643 123 671 159 0.113692746
427 121 456 159 0.083280765
836 352 871 397 0.075338446
629 321 663 363 0.07348754
284 231 314 271 0.07281085
276 98 301 131 0.07115511
452 73 482 111 0.06977745
653 354 692 412 0.06116329
362 128 388 161 0.05465127
772 303 797 335 0.054467253
461 203 493 244 0.05423609
891 128 914 156 0.051383168
686 147 714 180 0.050494514
318 353 348 390 0.048717935
375 142 403 180 0.04846815
308 146 337 183 0.04837759
914 250 945 287 0.048188075
303 72 327 103 0.04802477
499 150 533 194 0.047222696
868 149 894 181 0.047210664
714 130 738 162 0.04505394
97 64 126 100 0.044649404
508 93 536 129 0.044440843
459 125 486 159 0.043831553
384 342 414 380 0.042875115
431 250 461 287 0.042414118
564 120 589 153 0.04106124
583 147 613 184 0.038638428
431 297 460 333 0.03816834
363 225 389 259 0.036925152
483 96 511 132 0.03613811
277 195 304 230 0.03592199
261 121 288 154 0.034236982
555 147 588 188 0.033330347
645 179 705 251 0.032280233
875 126 897 154 0.03124563
713 228 744 267 0.03017895
813 148 841 184 0.029847488
844 170 874 207 0.029445184
867 375 902 420 0.02929853
539 119 566 153 0.02912843
354 307 380 340 0.028467748
585 249 620 296 0.028016146
413 277 438 308 0.02796317
277 150 305 186 0.027324818
583 122 608 155 0.027050383
477 374 513 418 0.026331041
715 174 745 214 0.026227403
305 201 330 234 0.025749184
420 144 457 189 0.025726544
964 244 997 283 0.02572333
813 269 844 310 0.025137432
944 229 974 266 0.02508619
461 171 491 211 0.024774613
50 69 75 102 0.024423128
174 101 204 136 0.02418977
479 279 514 325 0.023751296
29 99 59 136 0.023671424
919 200 945 235 0.023587748
480 122 508 157 0.023538094
401 303 433 342 0.02338935
962 22 990 55 0.023227917
150 302 177 336 0.022070788
413 100 441 136 0.021746032
327 148 359 190 0.021703387
78 152 105 186 0.021132963
208 298 236 334 0.021121623
592 168 627 212 0.02109247
456 390 495 443 0.021046236
710 325 744 366 0.020922022
863 333 893 372 0.020513607
331 69 358 102 0.020310612
847 126 871 156 0.020293087
917 172 943 205 0.020264683
