33_Running_Running_33_517
34
87 92 156 178 0.97561955
509 150 551 206 0.9628355
870 120 929 195 0.9588254
559 115 591 156 0.91066676
332 142 377 199 0.9102888
699 141 742 197 0.9031005
431 79 466 125 0.8105027
640 161 671 199 0.15803677
971 101 1007 145 0.11828356
288 116 322 158 0.10977632
211 149 249 194 0.095418304
537 226 563 260 0.092887715
942 165 978 207 0.05832266
424 170 453 207 0.055818975
483 65 511 101 0.053300135
470 46 497 82 0.052108567
43 -2 86 38 0.039171904
484 101 513 138 0.038464367
257 200 291 241 0.036828306
458 149 484 184 0.03370029
995 167 1025 211 0.027293181
555 380 580 411 0.026752666
143 370 175 407 0.025855726
485 28 516 66 0.024833562
384 101 412 137 0.023989696
513 67 544 107 0.022199757
381 357 405 389 0.022148823
867 274 903 317 0.021997117
507 21 538 59 0.021147514
283 172 314 210 0.02101274
971 166 1001 207 0.020985587
405 0 443 38 0.02087969
374 165 410 215 0.02080814
255 149 282 185 0.020680793
