33_Running_Running_33_107
20
458 164 493 209 0.96435434
746 167 780 212 0.9592169
595 192 625 232 0.8426035
590 389 624 432 0.17876033
476 384 508 425 0.11787354
728 373 763 418 0.11216048
771 251 803 291 0.05707753
428 402 458 441 0.051233664
415 256 442 289 0.04527972
643 303 668 333 0.03559144
716 457 745 494 0.032460462
635 372 664 410 0.028308654
759 357 791 396 0.025840133
417 423 447 467 0.025544185
588 424 617 461 0.024478767
793 272 824 309 0.024152681
594 456 621 490 0.024014447
660 324 690 361 0.023081299
636 279 662 312 0.02174611
618 562 643 595 0.020228406
