11_Meeting_Meeting_11_Meeting_Meeting_11_560
90
85 494 125 549 0.9489008
193 569 242 632 0.91430557
202 408 232 446 0.8015692
330 426 360 463 0.6453386
673 412 696 441 0.4831071
351 402 378 438 0.41899315
529 413 557 449 0.4119814
400 691 474 766 0.37457708
613 413 637 445 0.34994975
0 456 29 499 0.3022498
456 410 482 443 0.30213276
819 383 840 410 0.26698056
837 433 866 472 0.23951706
231 422 264 464 0.23932077
74 445 110 489 0.2208567
225 454 262 501 0.19326288
171 453 202 493 0.18344449
745 404 766 431 0.18256184
767 430 793 464 0.16935556
237 500 271 548 0.16396064
406 402 429 433 0.15025353
688 482 713 514 0.13722847
612 483 637 515 0.12529531
670 484 693 515 0.09199442
557 401 581 433 0.08820293
719 427 742 455 0.080680415
180 426 214 471 0.07879331
170 498 215 554 0.07683898
641 405 664 435 0.07396733
643 484 665 513 0.06841227
394 380 421 416 0.06822588
615 536 647 575 0.06703568
597 433 622 466 0.06030556
436 510 464 547 0.05738934
594 356 622 390 0.056622032
317 608 368 671 0.052355632
74 686 122 749 0.051672086
684 686 780 773 0.048727784
765 484 790 517 0.047243983
389 427 414 459 0.04405207
634 505 661 539 0.04362488
301 651 345 706 0.043527603
840 406 865 438 0.0361196
483 406 506 438 0.036018856
791 554 818 589 0.03589474
761 383 783 409 0.035802986
543 386 566 414 0.035612997
351 455 382 493 0.035552047
584 551 614 590 0.035370506
766 533 793 572 0.033652127
451 525 482 563 0.03354418
382 458 408 492 0.032958988
239 604 278 656 0.03255166
841 332 866 364 0.03240007
197 522 243 582 0.031144325
712 460 739 493 0.030609485
146 517 185 570 0.030595584
534 527 567 570 0.030431375
747 456 773 489 0.030099368
791 409 816 441 0.029822722
230 679 263 720 0.028102301
686 422 713 454 0.027400056
413 500 441 538 0.02699068
800 361 823 390 0.0269767
761 613 795 653 0.026316188
609 457 636 491 0.026162762
233 353 265 396 0.025979377
379 529 406 563 0.024806658
510 454 538 489 0.024292517
557 506 585 543 0.02429165
828 249 851 278 0.024039669
202 470 241 521 0.02402584
745 430 770 461 0.023973713
816 628 850 668 0.02320275
377 617 424 674 0.023064608
394 199 430 244 0.022692531
713 537 741 573 0.022615604
482 430 506 462 0.022578793
668 537 697 575 0.02209541
73 601 109 647 0.021785064
186 392 244 464 0.02167867
737 622 777 668 0.02158334
818 303 843 336 0.021494396
249 731 287 769 0.021439878
325 562 356 599 0.021343458
819 327 845 361 0.021152483
533 473 566 516 0.021135805
665 391 689 421 0.020530118
202 587 270 676 0.020374998
159 574 200 625 0.020165436
