11_Meeting_Meeting_11_Meeting_Meeting_11_574
145
712 323 740 357 0.6931235
957 326 987 367 0.3965482
291 271 322 309 0.35089067
354 248 379 282 0.31645286
847 286 873 320 0.30165133
793 256 819 289 0.2996221
349 307 375 339 0.2832268
789 325 813 355 0.27247328
973 283 997 317 0.22818069
941 247 966 279 0.21486893
867 246 891 276 0.19688155
921 373 951 412 0.19136813
197 291 224 326 0.1887163
771 209 795 239 0.17828746
455 250 483 284 0.17585978
532 226 561 261 0.14621656
846 230 871 262 0.142876
454 226 480 258 0.14079016
591 204 617 236 0.13526401
640 285 663 313 0.13180727
131 299 158 332 0.12879798
537 282 566 317 0.10733816
739 297 764 330 0.09833829
388 278 412 309 0.093839556
613 218 639 251 0.090102665
401 377 429 414 0.085189864
821 203 841 229 0.07721962
439 270 467 306 0.07538173
892 171 915 200 0.0737771
117 378 151 418 0.07253816
411 248 436 280 0.072026104
559 253 591 292 0.070785515
692 256 715 284 0.07055095
642 226 667 256 0.07008389
48 332 79 379 0.068799585
384 251 409 284 0.06868071
585 328 612 361 0.068645015
795 203 818 232 0.06352202
513 244 540 277 0.06252828
790 226 815 255 0.06152211
459 403 486 437 0.059927393
518 298 545 332 0.05969114
440 210 464 240 0.05942172
952 273 981 310 0.057192173
901 206 925 236 0.056440853
917 402 948 442 0.055825442
565 200 590 232 0.055820316
481 399 512 436 0.055766996
818 360 847 395 0.055534907
256 299 281 329 0.055512536
520 210 541 238 0.05451427
487 252 509 282 0.053384244
720 252 744 283 0.051567513
877 155 903 188 0.051563878
768 279 793 310 0.050958905
750 381 777 415 0.050773807
824 225 847 255 0.050427888
324 428 351 463 0.048940454
901 284 926 318 0.04843202
901 357 928 393 0.047596242
670 351 696 385 0.047248557
180 352 205 384 0.047001585
12 333 59 395 0.046665415
590 259 615 293 0.04631919
748 224 774 256 0.045451943
408 434 437 471 0.045356832
692 357 719 393 0.045244973
991 295 1016 331 0.045022912
772 305 797 337 0.04450252
919 203 941 231 0.04170469
823 278 848 311 0.04136989
355 275 381 309 0.041325986
297 328 327 363 0.040765036
558 224 585 257 0.040303074
695 199 720 231 0.039839614
436 385 464 420 0.03960646
147 355 179 393 0.03948326
433 348 459 380 0.039358236
664 176 690 206 0.038913585
974 230 999 265 0.038744174
950 450 979 487 0.03851647
617 275 640 306 0.037414707
817 328 843 358 0.037111394
201 381 227 413 0.037102688
481 359 509 391 0.03658097
664 202 690 235 0.03631251
377 453 406 490 0.035637543
969 377 995 414 0.033768177
229 332 258 371 0.033421464
928 228 951 257 0.03332143
658 151 685 182 0.033291154
918 302 945 335 0.03271287
725 278 750 310 0.032532785
869 324 897 358 0.03190389
206 403 234 439 0.031229682
647 474 675 509 0.031141596
115 191 147 230 0.030530922
65 321 106 381 0.030463804
303 235 331 271 0.03022298
873 207 896 236 0.030183557
714 317 760 370 0.02851568
565 301 595 337 0.028506685
203 355 226 386 0.026735907
434 429 464 465 0.026670426
488 206 512 238 0.02655423
406 276 432 310 0.02633981
228 385 255 419 0.02628286
361 426 391 463 0.025772648
681 403 709 439 0.025435977
146 325 177 363 0.024993395
978 404 1008 444 0.024795346
666 280 692 312 0.02446299
75 402 106 438 0.024398372
862 501 890 536 0.024282817
768 349 795 382 0.024181457
233 276 260 312 0.02410337
544 184 567 214 0.024053
534 353 564 391 0.02402346
718 176 741 207 0.023879947
895 250 922 283 0.02387303
845 325 873 358 0.023823027
562 346 595 384 0.023804149
675 379 703 414 0.023432767
183 148 210 183 0.023354234
670 251 694 282 0.023167407
621 182 643 209 0.02289083
171 123 197 156 0.022849668
233 250 262 287 0.022690406
838 369 873 407 0.02258761
943 399 974 438 0.022430908
198 460 226 495 0.022260508
721 430 747 462 0.022197172
720 230 742 259 0.021898245
60 431 103 478 0.021555616
866 373 896 407 0.021376565
692 227 717 258 0.021073947
644 180 668 208 0.020988623
792 352 820 385 0.020730231
458 302 484 335 0.02072743
308 372 338 408 0.020689158
612 302 637 333 0.02057536
609 348 636 381 0.020559387
722 151 746 182 0.020398503
206 327 233 362 0.020117821
145 281 174 318 0.020072594
