11_Meeting_Meeting_11_Meeting_Meeting_11_176
88
335 225 363 262 0.9054814
689 234 734 294 0.9002877
116 246 154 293 0.8803298
492 206 518 240 0.8331561
800 89 842 143 0.7525037
466 343 510 397 0.5530645
561 206 586 238 0.4082527
63 274 94 313 0.38023403
279 216 303 247 0.2725428
10 220 42 261 0.26789722
178 207 207 243 0.24942373
662 184 701 232 0.212092
400 340 451 400 0.1529878
29 324 68 375 0.15042016
232 265 258 298 0.14841813
582 270 619 321 0.11801454
301 275 329 312 0.10768417
741 233 774 278 0.102144115
206 266 231 298 0.09988279
764 248 797 287 0.098125935
251 257 278 291 0.09382488
92 371 128 417 0.09158307
415 250 442 283 0.09128724
608 292 651 349 0.08587162
284 297 316 338 0.07639688
410 227 435 257 0.07290507
572 382 608 425 0.07186965
135 411 182 471 0.06939802
657 293 692 337 0.06830783
540 218 574 258 0.06772717
552 290 598 346 0.06265407
323 377 366 433 0.06142345
159 305 184 338 0.058354404
155 145 188 185 0.056185853
182 278 208 313 0.05562958
79 389 157 494 0.054300793
300 330 335 376 0.052968737
425 272 458 315 0.05139742
163 72 189 106 0.04775597
346 341 404 415 0.0475632
174 336 200 368 0.04722484
45 296 82 344 0.0468553
392 474 478 591 0.046140455
172 391 212 444 0.043402124
198 372 236 426 0.043205477
2 351 36 397 0.042324163
508 315 550 371 0.041394953
368 129 399 167 0.041138932
0 296 29 336 0.040403765
577 409 628 472 0.04007714
321 207 381 279 0.039317105
467 225 494 260 0.039004713
836 91 868 134 0.03861943
770 44 801 83 0.03805689
720 169 749 206 0.037540484
467 281 497 321 0.037296437
254 296 287 334 0.03633709
302 431 349 492 0.035059124
40 369 88 427 0.03489966
202 152 228 186 0.03388025
435 228 459 259 0.0336857
388 224 414 258 0.03329266
712 -1 759 51 0.031531908
833 42 871 89 0.029845605
9 374 115 513 0.027774815
154 222 187 265 0.02752307
175 173 205 207 0.027315749
16 270 50 312 0.027291555
510 251 540 290 0.027111422
779 263 818 311 0.026032174
764 1 800 42 0.025494797
634 269 705 353 0.02547297
709 197 746 248 0.025450692
582 199 613 244 0.024783924
191 381 255 475 0.024518503
642 479 673 520 0.024429923
201 298 231 335 0.02434102
0 181 26 219 0.023930635
791 12 827 54 0.023286492
0 11 29 53 0.022927057
765 170 803 211 0.022431439
462 462 553 583 0.02185699
169 91 199 129 0.021708695
363 172 395 211 0.020872777
277 251 307 289 0.02068823
533 425 624 535 0.020523118
478 300 514 348 0.02013811
154 275 182 312 0.020013858
