11_Meeting_Meeting_11_Meeting_Meeting_11_295
65
120 452 188 556 0.986883
613 367 656 422 0.9729767
816 551 880 649 0.90815306
47 337 87 388 0.7882941
138 375 178 427 0.5051121
793 304 818 336 0.4797522
579 317 608 355 0.41178828
901 314 931 351 0.39721063
401 530 467 630 0.31938586
494 331 520 365 0.31745228
683 294 712 333 0.20868853
530 247 557 283 0.18328017
455 401 491 443 0.16652875
232 334 258 368 0.12019095
775 320 807 357 0.11219522
429 335 464 379 0.10802004
251 391 283 433 0.09132356
813 286 837 318 0.06648195
511 271 537 304 0.056378618
529 324 558 361 0.055004746
738 525 770 561 0.053328678
713 513 743 549 0.048049424
947 373 1012 461 0.046248656
893 519 941 582 0.043939095
478 369 514 416 0.040673953
460 552 526 640 0.03964009
207 140 241 181 0.038847283
175 322 209 363 0.038757816
712 329 740 365 0.036658354
869 352 897 384 0.036360353
204 331 237 372 0.032124925
363 491 421 561 0.03115812
668 321 700 361 0.030043297
659 524 696 564 0.029546205
508 307 538 344 0.029148268
346 582 405 651 0.028823752
430 425 468 471 0.028739177
491 273 516 305 0.028420493
437 225 459 254 0.028418647
839 278 872 323 0.028008377
409 270 436 303 0.027959736
819 347 850 387 0.026459644
517 231 540 263 0.026381409
605 330 639 371 0.026266785
592 526 624 566 0.026103612
250 420 292 471 0.024423555
434 268 463 303 0.024377843
716 403 745 440 0.024201648
646 204 672 240 0.023794087
839 331 870 369 0.023345388
429 122 457 157 0.023314383
210 174 241 212 0.023269089
458 257 486 291 0.023248252
735 373 770 412 0.022886826
159 303 188 340 0.022288844
226 252 250 285 0.022227237
472 496 515 550 0.02201763
228 378 262 427 0.021812089
406 306 438 344 0.021727895
455 309 486 343 0.02170897
677 661 711 701 0.021634487
107 378 141 420 0.02162689
737 327 766 361 0.02104242
458 125 488 163 0.020812552
943 327 973 367 0.020809585
