11_Meeting_Meeting_11_Meeting_Meeting_11_639
20
317 80 391 179 0.9919321
56 110 154 227 0.99028206
916 104 985 193 0.9833664
713 47 774 125 0.9257255
557 80 608 148 0.81929636
9 72 79 170 0.13690116
177 338 273 493 0.11549764
915 38 950 81 0.06749935
974 20 1004 57 0.05236876
938 20 969 58 0.03824434
837 299 918 393 0.035018515
82 390 252 574 0.03484307
437 165 473 218 0.031404275
760 15 799 63 0.026865376
142 -1 181 37 0.02530213
910 5 948 44 0.025240188
95 34 136 86 0.022757692
190 185 267 283 0.020696199
896 57 940 112 0.020515231
690 286 721 325 0.020421186
