11_Meeting_Meeting_11_Meeting_Meeting_11_702
160
895 249 933 297 0.9713092
751 324 806 390 0.9448839
794 185 833 232 0.929193
687 257 723 304 0.82120746
884 149 919 192 0.8155825
445 307 486 358 0.792675
972 180 1005 221 0.73847455
721 159 746 190 0.6704431
614 139 642 174 0.66607213
13 300 44 341 0.6574673
947 125 975 161 0.41080847
795 98 820 130 0.36918545
666 153 693 185 0.36112016
420 243 451 282 0.35910183
344 256 371 293 0.35772115
575 176 603 213 0.35137904
766 118 794 154 0.34560457
825 340 859 386 0.33708176
675 175 701 207 0.2636696
899 98 931 138 0.25348786
409 198 435 230 0.25115415
627 199 656 233 0.24553782
136 303 163 336 0.23386268
535 197 563 232 0.22657503
873 104 899 138 0.20152682
997 109 1025 151 0.16349345
530 145 555 176 0.16235852
927 117 956 154 0.15658104
641 347 685 396 0.15155724
199 303 227 338 0.13916425
766 246 793 282 0.13855731
588 318 627 365 0.13644706
668 123 693 155 0.13526998
160 354 185 384 0.13061912
47 350 75 385 0.13059868
929 376 967 424 0.1298672
23 358 53 392 0.12498924
564 280 594 317 0.121015176
611 219 644 258 0.116866216
893 353 933 398 0.11623438
299 303 325 336 0.11399374
737 45 765 81 0.11397933
277 256 304 290 0.11367953
390 180 412 210 0.110226
751 104 777 138 0.1090429
289 357 316 390 0.1054618
173 330 201 362 0.10114007
186 277 212 309 0.09961259
342 154 366 186 0.09955268
824 150 851 183 0.09718721
818 98 842 130 0.09687832
870 271 902 311 0.095592536
103 350 133 387 0.09405394
559 331 592 372 0.09168483
25 182 53 215 0.08918602
299 278 326 311 0.08889162
531 250 560 285 0.08791516
776 77 800 107 0.08769871
359 174 383 204 0.083857976
850 118 876 152 0.08262694
205 363 232 396 0.08159041
699 107 721 134 0.08019066
850 293 889 339 0.07988571
638 146 666 183 0.07542918
913 77 940 110 0.06827449
302 373 329 406 0.06482995
638 220 670 259 0.06373935
309 255 335 290 0.061396435
486 230 512 263 0.060911063
231 307 258 339 0.06041095
846 167 876 206 0.060279325
129 324 156 359 0.05906062
708 351 743 395 0.058745988
947 219 976 257 0.057304688
820 126 846 159 0.054263048
79 224 105 257 0.05139468
411 329 436 360 0.05102803
693 155 719 188 0.049312413
507 331 537 371 0.04892962
569 122 592 152 0.048672065
284 327 310 360 0.04855736
3 386 29 423 0.048177972
514 227 543 265 0.047985468
478 151 504 184 0.047328964
231 356 259 389 0.04596125
912 170 945 211 0.045737464
537 273 566 309 0.04567364
765 18 795 51 0.045025803
972 20 1006 64 0.044845443
725 25 752 58 0.044721615
795 16 827 51 0.04235995
464 173 491 205 0.04222232
889 188 925 231 0.042146612
182 256 205 285 0.04184051
440 175 465 206 0.04163271
390 332 414 362 0.041317794
687 330 725 373 0.041310146
477 325 509 365 0.041101743
316 225 340 256 0.040285308
74 336 100 370 0.039537206
596 129 619 160 0.03927761
388 252 414 287 0.038973317
5 205 28 237 0.03873183
259 276 285 309 0.038731348
583 17 609 49 0.038484573
235 283 259 312 0.037325073
436 345 467 381 0.037014972
331 236 356 267 0.03652781
231 252 257 282 0.035717193
302 158 327 190 0.035591654
407 158 429 186 0.03485159
253 305 278 338 0.0343999
634 268 667 308 0.03402468
251 329 277 363 0.03365739
683 195 711 231 0.03311831
925 194 960 237 0.032374144
718 103 741 133 0.030476416
748 222 781 264 0.029042015
385 355 411 388 0.029005976
851 71 879 108 0.02891044
534 299 567 340 0.02885175
365 355 392 389 0.028834283
464 248 494 285 0.02861034
843 9 880 50 0.0285924
589 249 626 292 0.02844465
970 146 1005 189 0.028379874
413 270 441 306 0.028029546
480 202 508 235 0.027931077
125 210 146 236 0.027723394
563 367 603 415 0.027708273
699 389 746 440 0.027189689
721 70 744 101 0.026812105
486 125 509 153 0.026798757
968 210 1005 255 0.02659443
384 123 408 153 0.02657994
105 305 129 336 0.025938615
388 228 412 260 0.025835233
206 257 229 286 0.025797594
356 310 384 343 0.025693392
651 104 674 134 0.025689587
410 353 438 385 0.025540993
278 231 302 262 0.024988689
555 219 590 261 0.024928741
518 174 549 211 0.024427487
393 310 417 340 0.024387192
368 198 394 230 0.024231702
687 287 728 339 0.024052948
559 252 591 290 0.023679702
762 51 790 84 0.02337753
108 279 131 309 0.022559877
639 305 675 348 0.022314724
332 203 356 234 0.02225346
122 258 147 290 0.022228073
53 279 77 311 0.021754747
361 230 385 261 0.021396736
285 208 307 238 0.021182844
485 100 510 131 0.021160545
918 227 952 271 0.021144215
81 302 106 332 0.020668872
597 128 659 199 0.020606108
