11_Meeting_Meeting_11_Meeting_Meeting_11_71
71
771 197 849 293 0.9863901
83 268 156 364 0.9823171
611 142 650 194 0.96127814
305 170 351 227 0.9602374
351 139 394 194 0.94668627
454 136 488 179 0.89027035
21 48 57 97 0.87598825
830 325 917 474 0.8386394
741 152 781 204 0.6758818
363 431 406 484 0.6171448
234 213 276 273 0.50250095
552 427 590 470 0.242371
10 156 53 215 0.23125042
481 201 514 245 0.19815117
665 258 707 308 0.17222008
536 451 578 503 0.16773406
59 124 100 180 0.11271969
589 423 623 465 0.09847375
562 236 595 277 0.08304955
294 320 335 372 0.07807274
452 5 488 47 0.07079411
10 345 65 425 0.06482231
437 307 465 343 0.06433069
212 477 266 546 0.06347981
757 499 830 589 0.06322835
430 193 463 236 0.058005963
681 682 755 792 0.057552516
486 279 513 311 0.055720955
512 473 551 522 0.05063678
362 303 393 343 0.047330815
560 327 586 359 0.043269936
609 274 642 316 0.043210678
644 399 679 443 0.042085227
223 603 289 688 0.039687622
84 512 177 637 0.038542073
788 155 822 194 0.03521256
708 798 758 857 0.035067875
219 257 261 308 0.03482837
277 464 320 520 0.033567503
411 360 440 396 0.032026462
457 318 487 356 0.03135224
452 64 492 112 0.031015905
507 279 533 312 0.029916508
3 112 48 175 0.028745953
591 349 622 386 0.02825881
381 239 415 284 0.028194146
-7 622 87 752 0.027560394
154 482 244 594 0.026788268
411 302 438 338 0.026329534
463 278 490 310 0.026191095
478 493 525 550 0.0259077
555 351 585 387 0.025183434
297 114 334 161 0.024735585
328 340 368 387 0.024623878
769 368 800 410 0.024461726
431 244 468 287 0.02434223
535 306 566 343 0.024039643
675 374 717 425 0.023916978
478 241 510 280 0.023682492
327 427 367 475 0.023589237
324 300 361 348 0.023300042
267 265 339 353 0.022786168
430 375 457 410 0.0222781
652 536 925 895 0.021949535
515 402 544 439 0.021542856
478 90 511 131 0.021500593
95 166 128 213 0.021182653
680 227 718 277 0.021036588
459 376 487 411 0.020359535
542 381 579 427 0.020123603
351 221 387 269 0.020112636
