11_Meeting_Meeting_11_Meeting_Meeting_11_26
50
769 355 805 401 0.19909479
134 371 223 507 0.115201496
747 250 771 283 0.1151505
240 252 266 285 0.083830506
29 144 132 282 0.07956747
204 281 233 316 0.07625646
40 315 107 407 0.069777235
790 263 831 309 0.067851745
590 71 625 108 0.06487911
276 382 360 518 0.06389592
835 449 879 503 0.058670167
177 258 208 295 0.055410434
865 299 895 335 0.051668648
954 505 1026 638 0.043278687
859 328 896 369 0.04301348
915 357 953 405 0.04206951
158 275 192 316 0.038771715
922 307 952 344 0.038112998
583 0 619 35 0.037193432
405 438 455 501 0.036750097
277 438 412 627 0.036479164
731 429 774 480 0.036080416
766 302 791 334 0.03432681
971 228 1000 268 0.034233753
4 458 97 625 0.033807304
744 358 776 399 0.033327468
848 281 876 321 0.032852333
896 256 922 291 0.029449321
761 93 793 132 0.028077366
436 399 467 439 0.027587451
75 425 149 548 0.027505137
559 309 601 359 0.025981499
793 336 822 372 0.025750238
310 249 333 278 0.025248874
816 346 847 387 0.025188383
694 249 719 279 0.024560187
412 384 444 423 0.024328638
763 424 813 481 0.023669468
328 277 361 315 0.023323152
721 247 747 281 0.023043187
608 93 640 130 0.023021307
898 323 932 362 0.022536056
361 5 390 36 0.02250082
742 303 769 337 0.022437345
840 310 909 397 0.021791613
277 295 308 334 0.02125651
722 281 747 312 0.020584028
772 238 847 325 0.020413224
139 269 219 364 0.020402038
897 344 971 433 0.020131553
