11_Meeting_Meeting_11_Meeting_Meeting_11_774
73
616 353 638 380 0.1651216
796 365 817 391 0.12109109
826 416 849 446 0.11267425
843 416 871 450 0.10722535
704 304 724 330 0.09407299
820 377 842 403 0.07427633
402 437 425 465 0.06028578
696 351 717 378 0.059644084
829 328 847 352 0.058158386
594 384 614 408 0.05774431
50 359 73 387 0.053982362
794 415 815 442 0.05321948
720 386 740 411 0.05231686
930 335 954 366 0.05106605
53 106 75 135 0.05087309
775 359 796 385 0.050484136
740 279 767 312 0.049455803
617 413 638 439 0.048919555
596 431 617 456 0.048595674
843 326 865 354 0.046792757
156 99 189 140 0.04432242
102 326 123 354 0.043530528
559 479 585 511 0.042948905
409 403 433 434 0.042652804
877 379 901 408 0.037356768
521 307 542 334 0.03693422
847 362 869 390 0.036603678
564 359 583 384 0.03647477
641 409 661 435 0.036369134
617 489 642 520 0.036197916
715 356 734 381 0.036148246
677 339 699 368 0.035616197
744 439 767 466 0.034894127
412 331 432 356 0.03449759
896 357 918 385 0.032289922
747 341 769 368 0.03144783
720 337 740 364 0.031080494
946 346 970 378 0.030700382
108 459 136 495 0.029256584
27 103 51 134 0.028784415
237 359 259 385 0.028332753
738 232 765 266 0.028126188
745 389 765 415 0.027968526
877 330 900 359 0.02679717
495 360 515 387 0.026371278
536 435 557 461 0.026339285
701 432 723 459 0.026038636
352 432 375 462 0.024995966
437 360 458 385 0.024603738
636 336 658 365 0.02459925
927 386 953 418 0.024134032
1 332 22 366 0.023912426
419 356 439 380 0.023115957
640 490 662 517 0.022753911
73 356 97 385 0.022728125
773 287 793 316 0.022587791
385 568 411 603 0.02237147
565 338 586 364 0.022121415
544 413 563 437 0.022089168
176 447 204 480 0.02202413
364 356 387 385 0.02194548
17 591 57 651 0.02190042
542 462 565 491 0.021625929
669 390 689 414 0.021581415
434 384 460 417 0.02155925
647 434 668 459 0.021269
895 459 924 491 0.020948395
994 90 1023 135 0.020880815
600 364 621 391 0.020740658
22 150 52 184 0.020616941
864 428 891 460 0.020586943
903 405 927 435 0.02034878
789 468 816 501 0.020134179
