11_Meeting_Meeting_11_Meeting_Meeting_11_339
66
889 252 972 371 0.9978787
164 150 202 198 0.8430484
123 216 159 263 0.77663034
672 142 709 192 0.7344542
281 138 307 172 0.50219095
719 190 753 236 0.40219632
615 118 641 153 0.36156952
790 259 835 313 0.3338503
460 114 484 144 0.24420136
35 200 63 239 0.24194936
460 212 501 259 0.13609
542 304 568 336 0.060584474
226 169 254 205 0.060546868
74 116 100 150 0.059533536
440 151 467 186 0.059424993
848 176 874 212 0.052539885
553 276 586 313 0.052324377
327 224 357 259 0.052070253
75 229 107 270 0.050432723
553 332 586 373 0.04666749
122 261 156 304 0.04430545
608 245 634 278 0.043972682
323 248 354 284 0.043561533
91 15 124 55 0.041612625
585 231 611 264 0.041157234
797 189 827 230 0.04115174
199 150 231 191 0.04087138
866 192 899 235 0.040746074
511 229 534 258 0.039931446
536 256 566 293 0.039336607
719 68 751 110 0.03912086
980 286 1019 345 0.038368292
264 131 289 164 0.038015652
275 272 303 306 0.036699563
590 297 619 333 0.033674695
508 252 537 288 0.033168014
751 193 789 242 0.032635294
70 64 97 98 0.032608572
718 25 744 57 0.032581236
732 90 765 135 0.032360803
480 145 507 179 0.03235266
748 278 778 317 0.030279318
253 170 282 207 0.029312236
118 175 153 220 0.02908234
618 1 649 36 0.028939089
384 248 416 285 0.028926076
72 168 101 205 0.028117215
637 145 665 182 0.026510729
54 103 80 138 0.026371097
687 161 748 240 0.026311249
277 221 304 256 0.025797263
44 175 72 212 0.025761312
3 199 29 238 0.02366259
252 278 280 313 0.023619443
407 222 432 255 0.023258882
579 149 610 187 0.02325247
980 86 1018 143 0.022625847
760 97 789 138 0.022523722
444 104 468 135 0.022412378
56 154 82 188 0.02166685
557 249 590 287 0.021294827
660 95 687 129 0.021291314
307 268 341 309 0.020714585
634 171 666 210 0.020431103
387 202 410 232 0.02037067
884 200 925 250 0.020369874
