11_Meeting_Meeting_11_Meeting_Meeting_11_406
18
868 254 961 374 0.9971439
115 253 191 346 0.9940189
530 218 571 272 0.99101186
707 242 778 334 0.95805323
254 261 319 344 0.95463014
365 232 415 296 0.91350734
259 123 292 164 0.15705085
230 186 291 270 0.14764816
241 138 293 199 0.0867176
556 349 595 395 0.043713275
459 372 489 410 0.04250985
979 300 1026 373 0.03756318
437 379 466 416 0.03727905
378 184 407 219 0.03529791
467 464 511 523 0.031061249
405 406 442 449 0.02226909
618 397 645 433 0.021132836
384 371 416 410 0.020807419
