11_Meeting_Meeting_11_Meeting_Meeting_11_441
113
253 307 290 360 0.8634193
457 272 483 307 0.75686127
741 289 777 335 0.71690047
126 372 170 440 0.6923776
555 267 581 302 0.5076829
415 356 448 400 0.50671524
398 276 426 312 0.42781445
168 487 237 566 0.38424113
381 301 414 346 0.3445862
842 352 876 394 0.28667617
747 326 780 369 0.2648455
639 428 671 467 0.22097193
534 391 565 430 0.19823138
232 422 289 507 0.18948105
654 356 681 390 0.17806913
337 296 366 332 0.17627017
592 230 619 262 0.16684328
617 333 642 365 0.14783973
372 544 418 596 0.13394728
644 402 675 439 0.13236992
557 331 592 373 0.12543024
983 187 1020 240 0.119536325
658 294 685 329 0.11914952
614 386 641 420 0.10549592
479 426 513 467 0.104786344
963 378 1006 431 0.10321328
926 565 986 641 0.09882797
639 329 666 362 0.09667108
505 481 539 519 0.09602932
791 350 820 386 0.09104475
718 451 751 491 0.08779443
433 500 467 543 0.07603691
870 0 962 73 0.073266335
295 349 332 395 0.07183067
988 446 1025 501 0.0687455
855 240 890 287 0.062719285
614 452 651 497 0.058905263
604 245 635 283 0.05791088
63 176 94 215 0.056962207
593 479 622 515 0.056911103
967 318 1011 375 0.056742925
591 331 617 366 0.056715965
616 174 647 210 0.052472882
695 433 723 469 0.051755775
741 526 776 572 0.0514211
487 350 511 382 0.050144035
549 557 585 600 0.047961432
274 611 314 657 0.04732566
7 254 34 293 0.046155024
595 383 621 419 0.044823945
787 403 826 451 0.041305773
178 393 220 446 0.039546
859 331 896 377 0.039043088
817 366 853 412 0.0386178
633 476 671 521 0.038562693
97 404 150 474 0.038414612
764 464 809 523 0.03818381
403 395 446 448 0.03798322
533 448 564 487 0.037940215
539 581 572 623 0.037365794
919 331 951 370 0.03681759
569 225 594 256 0.035084225
355 348 395 404 0.03502955
907 271 940 313 0.0347966
400 642 434 683 0.03453366
458 450 490 490 0.034473684
817 285 844 318 0.034414705
944 199 972 237 0.033986293
453 383 484 419 0.0324527
488 561 521 596 0.031637162
465 407 495 445 0.031481694
557 380 586 417 0.031344563
298 122 328 159 0.031064875
428 334 460 376 0.030996803
336 515 400 594 0.030873228
561 505 589 540 0.030835444
403 444 442 492 0.0301519
804 205 830 237 0.029683478
458 626 490 663 0.029441819
696 478 728 520 0.02914117
442 610 471 647 0.028888252
9 386 57 453 0.028629394
735 429 768 469 0.028566675
459 332 490 370 0.028226225
439 276 485 333 0.027613426
271 445 338 541 0.026709873
813 450 851 502 0.026630491
513 352 541 388 0.02654203
224 651 266 698 0.026482992
847 209 869 239 0.025684975
219 373 262 432 0.025466803
694 403 723 437 0.025278552
376 425 419 478 0.025222978
556 297 589 337 0.024659699
866 504 907 558 0.024348794
503 429 541 474 0.024302432
721 633 762 680 0.023960685
969 415 1013 470 0.023718936
895 348 924 388 0.022849176
794 299 829 341 0.022504028
585 427 615 465 0.022432832
886 546 958 653 0.022361653
153 332 188 378 0.022227889
510 579 540 616 0.022020841
696 174 729 219 0.021774549
581 267 615 307 0.02171838
333 320 368 367 0.02125404
114 429 188 535 0.020964466
848 270 877 311 0.020714449
816 332 846 373 0.020509642
264 177 289 210 0.02031515
378 200 409 238 0.02017304
401 483 469 566 0.020008612
