11_Meeting_Meeting_11_Meeting_Meeting_11_385
113
285 169 315 206 0.9054256
946 247 994 320 0.8314504
788 203 822 245 0.5260951
159 211 190 252 0.51285017
21 265 77 336 0.49265084
851 211 884 251 0.33909243
715 163 741 196 0.30785608
362 153 382 180 0.286343
512 122 536 150 0.24088016
347 307 375 341 0.2173211
79 219 118 269 0.16356665
598 146 623 178 0.15860897
655 152 677 181 0.15555458
379 256 402 287 0.1336734
390 178 414 208 0.11682327
314 226 342 260 0.11604167
798 159 824 191 0.11386213
644 278 668 309 0.10060518
770 146 795 179 0.097054765
818 172 842 206 0.09529021
846 97 869 128 0.08679392
182 254 212 291 0.08616777
750 225 775 259 0.08415777
737 351 772 394 0.08335945
378 151 402 180 0.08290344
593 225 620 258 0.08067759
909 157 935 189 0.08048547
516 153 541 184 0.07734412
439 131 462 161 0.07384677
962 158 984 186 0.073158324
326 203 352 234 0.07023686
308 355 338 393 0.06988893
571 180 596 210 0.066754304
535 173 560 205 0.066455126
869 177 897 212 0.06588719
843 176 873 214 0.065618776
351 278 378 311 0.065500766
382 199 408 231 0.06483214
825 378 867 428 0.062112007
692 367 728 413 0.05848268
745 149 769 181 0.057429787
609 206 634 238 0.05484827
331 323 360 358 0.053583827
306 104 330 136 0.052354068
619 276 645 310 0.050577775
344 157 367 187 0.049358953
557 250 585 286 0.047517635
697 124 717 151 0.0463343
433 209 456 241 0.043630444
366 227 391 259 0.042924847
895 202 926 242 0.042430874
638 410 668 448 0.041785575
687 255 715 288 0.041137133
467 177 490 205 0.040618356
797 120 822 152 0.039460443
769 281 803 321 0.03881401
533 124 558 156 0.0383487
269 157 327 229 0.038030084
568 102 591 132 0.03770561
823 100 846 131 0.037616085
499 106 523 138 0.036587387
667 378 698 418 0.036238343
850 121 875 153 0.035683077
588 248 613 280 0.034032747
659 301 686 335 0.033565532
147 195 206 268 0.033313986
182 120 208 154 0.033156384
664 325 690 360 0.033101544
891 273 932 325 0.033083826
493 156 518 188 0.03308144
719 123 740 151 0.03289221
40 217 102 292 0.032452893
414 200 438 231 0.032244816
418 125 443 157 0.032136954
643 173 667 203 0.031958453
456 129 481 160 0.030792309
948 204 986 252 0.029947024
764 5 791 36 0.02953242
385 306 410 339 0.029323662
721 224 747 258 0.028576357
544 105 567 136 0.028168699
413 224 438 258 0.028133035
743 279 776 318 0.028124653
768 244 800 282 0.027091477
818 419 865 478 0.026943296
531 196 559 231 0.026869854
50 119 78 157 0.026207797
408 252 433 285 0.02579857
51 178 82 217 0.025789326
786 298 823 341 0.025397982
817 122 841 154 0.02511435
736 174 762 208 0.024894468
844 238 886 291 0.024795335
718 253 743 284 0.024792938
514 21 540 52 0.02476702
542 20 567 50 0.024560107
766 371 799 413 0.024406508
713 197 743 234 0.023915105
304 19 332 49 0.023813259
616 175 639 205 0.023564363
788 398 828 446 0.023493964
326 102 352 135 0.023475388
687 306 718 343 0.023116168
464 200 490 234 0.022817004
814 267 850 308 0.021961145
43 355 74 398 0.0219177
174 4 207 37 0.021656988
359 21 385 49 0.021609997
700 351 763 427 0.021465851
638 200 665 232 0.021307126
23 2 57 36 0.021076122
592 280 618 314 0.020382574
410 304 436 339 0.020140227
