11_Meeting_Meeting_11_Meeting_Meeting_11_250
21
860 132 906 192 0.9826318
595 148 633 196 0.9292052
226 202 261 247 0.8979464
701 165 742 217 0.87523776
346 170 376 211 0.80779064
103 126 142 175 0.7848065
469 185 498 222 0.51049185
427 222 455 254 0.04340698
170 152 200 193 0.03932692
230 248 260 286 0.03871998
429 172 462 212 0.038150758
383 150 410 187 0.03513793
207 181 236 219 0.0270383
310 170 341 211 0.025584647
411 146 446 190 0.02420136
247 270 275 305 0.023016088
482 152 508 185 0.022739077
534 179 561 214 0.02231614
179 204 208 240 0.021636186
764 169 801 218 0.020912297
280 223 308 257 0.020002717
