58_Hockey_icehockey_puck_58_365
33
802 29 860 105 0.77809197
496 223 537 273 0.4452954
221 9 264 61 0.37116745
166 46 222 116 0.36920613
335 135 378 188 0.18906382
850 122 906 196 0.15327866
607 155 641 196 0.14653844
554 192 589 234 0.08482805
126 7 176 64 0.07567272
449 215 486 263 0.06962141
106 122 160 191 0.0640825
684 112 729 172 0.0556657
609 178 654 235 0.055321276
510 288 550 334 0.04983477
254 82 299 146 0.048942905
484 189 525 240 0.04739979
358 214 394 258 0.043489028
857 5 910 68 0.04124703
223 134 265 188 0.040300995
743 79 786 136 0.038081583
395 87 436 138 0.03805727
633 151 673 202 0.033746906
52 119 111 193 0.032220818
646 54 687 106 0.02984864
476 314 515 361 0.029342663
581 190 616 236 0.026601018
771 0 823 52 0.02473822
276 191 325 251 0.024301246
89 -3 145 55 0.023860002
456 283 492 327 0.023521114
385 -2 434 50 0.022629349
138 97 214 184 0.022103155
452 340 493 389 0.020720068
