58_Hockey_icehockey_puck_58_248
19
358 252 386 287 0.43308216
400 244 431 282 0.19545376
492 191 519 225 0.16164257
417 412 446 446 0.08837142
477 249 505 284 0.056456804
431 245 461 282 0.051293127
489 328 520 368 0.043719377
505 305 536 343 0.036542177
406 270 436 305 0.035884816
455 230 488 269 0.034908675
486 190 544 253 0.033981983
552 326 583 367 0.030451737
429 275 461 313 0.028928133
518 106 885 566 0.027490782
287 251 312 285 0.02493833
377 264 411 302 0.024752777
402 301 432 336 0.024380531
381 45 407 77 0.022705814
75 47 98 76 0.020820076
