58_Hockey_icehockey_puck_58_285
40
561 164 608 220 0.8136086
428 125 460 168 0.7862855
288 139 324 184 0.7358349
503 31 547 91 0.67758596
960 252 1012 316 0.5478478
776 118 811 165 0.2933603
325 47 370 99 0.17948359
835 321 902 400 0.15630236
923 67 952 102 0.09125997
667 286 697 324 0.08967396
46 121 73 155 0.07634236
373 46 410 89 0.07423006
345 103 392 161 0.07216382
440 217 470 254 0.06509936
33 100 62 137 0.06205914
837 68 863 99 0.061823316
914 274 949 319 0.050155107
349 244 380 280 0.049267076
907 319 955 383 0.049194966
558 96 591 135 0.040237736
386 248 416 283 0.036882974
532 178 576 232 0.03640163
73 151 101 185 0.03600056
542 123 581 175 0.034752212
815 158 851 206 0.03458104
944 56 972 94 0.033943646
500 400 636 561 0.033637956
716 43 753 91 0.032755066
397 60 434 104 0.031433318
458 26 490 70 0.030740129
343 31 417 114 0.0282292
926 384 1028 540 0.027601153
742 122 782 172 0.025036912
260 146 293 189 0.023413783
602 192 638 238 0.022518855
322 137 360 186 0.022006033
449 247 488 294 0.021535857
306 106 333 141 0.020913355
387 276 414 308 0.020637294
67 124 95 159 0.02053321
