58_Hockey_icehockey_puck_58_290
62
502 456 532 496 0.52564055
736 251 765 288 0.2621396
58 16 86 51 0.23019522
537 549 580 602 0.21953882
770 370 816 424 0.21448152
252 46 277 78 0.1805832
892 206 917 240 0.121562704
862 5 893 39 0.117086604
560 40 587 74 0.116379224
375 24 404 62 0.09362085
318 328 349 367 0.09035185
762 301 801 352 0.08702546
484 67 512 104 0.08685422
179 21 203 50 0.07789011
716 316 756 366 0.073219545
123 19 149 50 0.06609903
429 66 454 98 0.06457566
536 480 567 521 0.06050591
203 387 237 429 0.05570703
662 510 699 556 0.055121798
358 64 385 99 0.04931011
301 73 327 107 0.04868462
75 97 101 129 0.043647487
561 502 590 538 0.04346547
357 5 388 40 0.04292993
412 53 440 89 0.04009501
742 39 772 77 0.039367653
662 28 688 62 0.038899217
916 44 954 89 0.03825581
149 70 173 100 0.03385758
179 43 204 74 0.033456456
108 129 134 162 0.032001827
298 381 332 425 0.03159441
874 173 900 205 0.03115812
0 118 22 150 0.03037319
815 18 846 53 0.029686509
70 126 97 160 0.029369172
268 406 344 496 0.028944025
78 316 109 353 0.028779548
687 452 727 501 0.028354494
30 25 56 56 0.027946612
3 207 26 240 0.027296986
332 18 360 55 0.026600266
174 395 210 438 0.02655111
888 21 925 63 0.025992554
235 23 265 59 0.025917418
384 460 413 496 0.025380226
325 379 357 422 0.024992477
107 3 137 37 0.024529714
703 3 742 39 0.02375848
585 45 614 82 0.023445794
720 326 793 411 0.022953065
844 251 872 286 0.022035789
313 49 338 84 0.022001954
277 50 303 83 0.021773528
56 149 82 181 0.02146053
130 45 156 76 0.021451008
197 20 225 52 0.021382438
917 0 948 30 0.020953996
21 203 48 237 0.020720756
844 277 874 316 0.020598289
661 67 690 106 0.020067189
