58_Hockey_icehockey_puck_58_403
27
556 179 643 280 0.79335827
266 93 333 175 0.73489714
91 189 130 240 0.17974728
70 138 122 197 0.14060748
0 -4 48 63 0.11738651
264 225 306 279 0.11170441
299 200 358 275 0.08849632
97 19 135 63 0.080404274
374 329 421 388 0.07794468
84 284 130 341 0.07243667
772 320 811 369 0.061044063
571 282 648 374 0.049509663
228 354 276 413 0.048264567
580 442 682 558 0.045410346
137 183 183 239 0.036972687
74 180 151 272 0.036273576
995 153 1022 198 0.035457972
151 256 191 306 0.03380437
650 222 699 281 0.032804634
210 212 283 306 0.030601496
516 363 568 425 0.028588532
71 32 108 79 0.027290197
227 107 271 167 0.023397168
48 243 88 293 0.022837587
704 249 740 294 0.02212807
792 400 833 451 0.021039339
223 173 345 338 0.0207907
