58_Hockey_icehockey_puck_58_835
99
854 411 891 458 0.7270472
878 305 910 346 0.7002025
697 194 731 236 0.6928741
164 399 199 444 0.63537073
151 249 179 287 0.5724772
705 403 736 444 0.4956279
314 410 348 454 0.45007062
358 241 388 278 0.35208347
55 312 86 354 0.28856096
768 255 799 294 0.17862374
448 240 478 278 0.17106493
251 252 278 287 0.1565429
313 556 347 597 0.12176831
628 194 656 230 0.11952689
352 177 381 214 0.0982941
563 403 593 440 0.09174404
439 411 475 454 0.091303386
600 251 629 287 0.08711912
770 207 796 241 0.08427206
358 409 388 445 0.082733355
903 368 938 415 0.076550364
608 418 642 457 0.073030874
565 351 593 385 0.064923204
684 254 710 287 0.06484478
735 377 763 414 0.059822988
785 539 813 574 0.059634533
849 508 881 546 0.056380082
172 485 209 533 0.056342453
765 310 795 345 0.05214822
846 357 874 393 0.051799603
250 450 286 494 0.049926993
329 299 358 334 0.049570438
556 180 587 220 0.04954356
311 484 346 526 0.04758972
741 460 768 495 0.04713863
255 328 289 371 0.046680447
928 302 959 342 0.04663832
274 537 304 572 0.04627037
790 272 819 308 0.045767125
920 513 947 548 0.04556311
178 302 204 335 0.045345232
823 409 850 447 0.04496986
66 362 128 439 0.044759177
956 560 997 614 0.042456806
388 347 418 388 0.04048295
787 324 816 359 0.039705947
128 501 168 550 0.03753016
664 351 690 385 0.036105476
213 178 243 218 0.03556639
773 424 812 468 0.035182152
823 540 854 576 0.034959495
537 248 562 282 0.034948338
127 543 161 587 0.034841947
819 279 843 310 0.034659546
358 527 388 565 0.034362335
303 348 331 387 0.033618685
292 178 320 213 0.031330783
379 427 407 463 0.031145617
944 280 974 317 0.031107765
202 373 230 411 0.030063344
230 304 262 342 0.0296231
448 182 474 217 0.029235482
151 329 182 369 0.028956344
24 320 64 371 0.028889276
685 454 713 488 0.028476043
107 529 139 574 0.028176703
690 308 717 341 0.027167695
587 406 621 448 0.02709408
714 480 744 517 0.02689185
149 300 180 338 0.026745351
592 300 618 333 0.026347607
771 348 799 384 0.02614523
17 480 108 609 0.025811324
172 570 207 614 0.025742352
204 246 231 281 0.025342526
669 409 696 444 0.02499581
844 282 871 316 0.024988092
171 278 198 313 0.024781916
917 423 951 466 0.024776606
511 303 540 341 0.024692615
895 279 921 315 0.024442606
408 428 439 467 0.0243444
491 426 526 467 0.024204772
450 503 495 559 0.024082426
528 428 560 465 0.02344241
196 603 268 695 0.023128232
430 297 460 337 0.023095703
816 482 850 523 0.022267211
772 511 797 541 0.022239136
196 454 229 494 0.02196641
405 453 440 499 0.021959206
228 503 258 539 0.021851832
556 224 586 262 0.021219764
232 537 265 578 0.021062344
818 651 865 711 0.020981187
410 250 434 281 0.020962086
609 227 640 265 0.020908568
923 547 957 592 0.020453922
926 613 955 653 0.020177122
