58_Hockey_icehockey_puck_58_244
76
363 275 389 308 0.87715447
239 482 267 518 0.80885386
460 252 482 281 0.7940142
806 486 831 518 0.3270766
711 470 737 501 0.28352797
532 410 553 437 0.23576666
544 282 566 311 0.1933703
454 454 481 484 0.11973476
523 489 550 521 0.11657551
409 415 432 444 0.11476184
360 335 386 367 0.091624096
407 480 431 509 0.08764762
460 504 485 532 0.08184965
586 464 609 492 0.079828724
676 435 696 461 0.06771114
489 412 511 438 0.06744982
431 633 459 666 0.065794416
635 460 659 490 0.0643365
306 353 330 385 0.06241414
391 564 415 593 0.05727342
349 425 380 461 0.054321907
200 509 226 540 0.04758035
253 533 280 564 0.047206696
534 558 557 588 0.046613153
517 284 540 312 0.04573378
336 302 360 332 0.045369387
477 253 500 283 0.04485628
383 643 406 672 0.0418875
442 436 465 464 0.040310096
411 639 436 670 0.039942436
412 508 436 537 0.039849117
347 563 370 592 0.03969833
436 509 457 536 0.039333135
218 603 258 648 0.038905066
326 611 355 645 0.037921682
392 462 418 495 0.037908595
517 428 539 454 0.03774915
400 585 427 619 0.03562735
670 489 693 516 0.035206933
224 466 281 537 0.0351061
667 583 692 613 0.03428823
557 300 581 329 0.034122057
528 587 554 619 0.034085993
837 529 861 561 0.033147845
563 437 585 464 0.032940287
382 332 406 362 0.032393347
392 426 419 459 0.031870786
403 254 433 290 0.03049181
518 567 539 593 0.0298476
482 613 508 643 0.029202282
520 386 542 414 0.027756419
345 260 403 328 0.02775442
409 332 432 360 0.027751448
483 201 508 231 0.027685262
440 535 462 561 0.027093632
343 583 367 614 0.026424658
896 614 925 652 0.025688842
513 255 535 283 0.0251183
436 487 460 518 0.025072044
134 603 184 660 0.024938792
403 225 429 254 0.024865327
462 537 485 563 0.024591068
384 230 407 258 0.024345974
463 616 486 644 0.02423512
612 386 637 420 0.023853201
513 231 537 261 0.023457557
745 508 769 537 0.023351166
567 592 589 619 0.022489337
637 538 660 566 0.022366093
440 564 463 593 0.021791102
592 511 616 540 0.021715872
492 303 515 331 0.021495193
837 611 865 644 0.020906076
825 637 850 667 0.020458175
639 618 663 648 0.020403665
670 616 696 648 0.020091206
