58_Hockey_icehockey_puck_58_507
59
719 111 780 188 0.9626183
848 215 914 296 0.89948136
522 92 554 134 0.2786754
427 102 455 138 0.19493993
457 70 485 105 0.1469476
131 6 161 41 0.11801522
965 407 1002 452 0.10441356
987 468 1020 527 0.10225948
462 42 491 77 0.09410731
901 583 959 642 0.07977408
690 251 753 327 0.0746011
359 41 388 77 0.0738241
413 45 440 79 0.07264896
716 67 750 110 0.06863187
284 40 310 73 0.061958008
623 59 660 104 0.05557238
481 27 507 60 0.053443443
479 69 508 104 0.051476244
363 68 393 104 0.04179548
228 213 263 257 0.04109711
462 146 492 182 0.040815033
167 159 230 244 0.039231405
512 17 543 56 0.039119944
381 46 408 82 0.038335938
628 10 676 66 0.037998803
384 119 417 160 0.036923297
345 149 388 199 0.0365452
425 20 455 56 0.035835676
482 127 510 161 0.035771172
759 294 792 335 0.035114788
531 3 563 35 0.03322827
301 27 329 63 0.032421518
652 207 694 267 0.031981215
91 197 121 236 0.031044427
905 198 941 249 0.02965266
333 28 361 63 0.02746041
804 209 849 270 0.027457915
630 242 677 297 0.027354538
21 2 52 33 0.026839437
203 1 230 29 0.026814613
935 5 976 56 0.025456036
27 78 56 115 0.02499129
222 368 263 424 0.024672283
893 430 927 474 0.02416716
183 101 210 135 0.024098283
793 17 825 55 0.023656284
514 146 545 184 0.02363069
558 71 586 107 0.0234027
384 -3 413 29 0.022922244
128 117 161 156 0.022377728
303 308 336 348 0.022213193
213 235 274 309 0.02186301
515 49 542 84 0.021783587
317 335 397 429 0.021195265
49 2 81 33 0.021153016
182 2 210 31 0.02111174
503 370 587 470 0.020893559
295 486 335 537 0.020583168
305 73 332 106 0.0203865
