58_Hockey_icehockey_puck_58_262
104
202 247 228 279 0.23056392
434 54 462 91 0.17274335
375 273 398 302 0.14984377
430 223 458 259 0.12819824
870 90 898 124 0.11213301
554 41 580 73 0.08193293
202 272 232 309 0.07887478
307 355 329 382 0.07679353
596 25 622 58 0.06927467
889 88 920 126 0.06805021
255 354 280 384 0.065475404
792 44 814 73 0.064512275
558 222 584 255 0.062160682
311 331 331 357 0.062122874
329 329 350 355 0.059149537
458 176 480 205 0.05810207
454 198 478 230 0.055046253
960 116 988 152 0.054619014
329 405 352 433 0.053721692
284 357 307 387 0.053463057
335 479 359 510 0.053012427
542 250 568 281 0.05233465
369 254 393 283 0.051842604
302 511 328 543 0.05066636
609 42 634 75 0.04880468
359 43 387 77 0.048363518
254 331 278 360 0.048043758
279 308 301 336 0.047860138
850 43 874 74 0.047745846
313 410 335 437 0.045855608
484 229 506 257 0.045803867
766 93 791 123 0.0444505
179 328 205 360 0.04389113
333 307 356 336 0.042380907
468 250 491 279 0.040398646
237 335 260 363 0.038486086
417 74 441 105 0.036941454
459 224 486 258 0.03690904
891 0 918 29 0.035689823
512 28 536 59 0.035223264
379 79 408 112 0.03502139
484 155 511 188 0.03480612
329 357 351 383 0.03469035
310 432 333 461 0.03460853
283 326 307 355 0.034347475
819 78 844 109 0.034134034
593 78 619 112 0.034068007
312 310 332 337 0.033866722
416 246 440 276 0.03369892
196 382 223 416 0.033668533
306 457 333 491 0.03315882
308 276 330 304 0.032504126
414 307 438 337 0.03236108
202 433 228 466 0.03187926
792 78 815 109 0.031866886
539 4 568 36 0.029990558
427 16 454 50 0.029978996
335 235 355 261 0.029795237
486 29 510 60 0.029744064
44 353 74 393 0.029443331
205 335 227 362 0.02913746
253 378 278 408 0.029007833
646 74 669 104 0.028950427
914 96 942 131 0.028682956
843 1 871 30 0.028400578
861 24 891 61 0.028244708
813 26 842 62 0.028092103
743 76 769 109 0.026917964
255 408 279 437 0.026859842
761 23 789 59 0.026796961
305 253 328 283 0.026608182
309 378 333 406 0.026585571
846 77 871 110 0.026504675
385 237 406 264 0.026421305
489 100 516 133 0.026363973
664 48 691 83 0.025917407
687 53 713 87 0.02570921
439 157 465 190 0.025541976
719 53 744 86 0.024945555
44 451 72 487 0.024687966
434 284 456 310 0.02403524
901 48 926 79 0.023996875
792 125 821 160 0.023882156
486 203 509 232 0.023674753
129 335 153 365 0.023458485
386 149 415 182 0.02339521
379 330 402 360 0.023350563
327 9 356 44 0.023195034
728 273 768 316 0.023162037
328 431 351 460 0.022942564
143 47 173 83 0.022529054
285 412 307 439 0.022317054
463 20 489 53 0.021693511
201 486 227 518 0.021504235
510 149 539 183 0.02147362
668 21 697 56 0.021354474
334 282 357 311 0.021137146
115 617 143 649 0.021112971
670 352 701 394 0.021019569
763 124 792 158 0.020857561
993 90 1022 133 0.02083736
948 46 978 84 0.020801267
535 333 558 362 0.020725368
330 507 355 539 0.020115051
