58_Hockey_icehockey_puck_58_94
85
764 114 806 169 0.9521943
129 32 165 80 0.92985946
439 116 479 169 0.88228834
530 239 568 285 0.77290654
692 164 733 216 0.76889473
560 297 593 338 0.6176881
502 41 535 84 0.6176799
822 224 862 275 0.5485979
312 94 340 129 0.5189239
616 39 653 83 0.46144664
571 147 612 197 0.42389652
686 261 719 303 0.3970591
156 138 188 179 0.36077675
239 199 273 242 0.278822
642 283 674 325 0.18977943
59 17 97 66 0.16368203
605 97 638 140 0.16272783
978 107 1009 150 0.12267132
717 299 749 339 0.10664269
302 198 331 233 0.09500365
314 110 353 158 0.09384313
891 218 921 254 0.089353666
582 218 614 260 0.08892972
538 152 568 192 0.08153828
664 174 697 216 0.07593219
300 168 333 210 0.0704931
332 195 359 231 0.06802392
594 375 632 421 0.06779375
660 89 690 128 0.06600126
767 200 802 242 0.06505625
640 176 669 214 0.062063087
67 163 101 212 0.053861756
482 192 514 231 0.052261528
348 198 379 243 0.05041269
870 139 908 189 0.048660744
513 202 552 249 0.047506943
554 227 593 278 0.046690665
788 218 821 263 0.046640117
634 89 669 135 0.04586534
289 96 314 130 0.044690825
539 310 579 359 0.042248927
280 216 319 263 0.040518153
873 202 903 241 0.038833667
690 214 722 253 0.038831037
737 281 767 321 0.03854742
610 195 643 236 0.038394835
512 89 544 131 0.038121555
481 278 516 320 0.038009055
511 150 540 186 0.03664945
17 220 48 255 0.036600295
939 341 977 395 0.03623062
409 146 437 183 0.0313198
462 253 492 293 0.030960405
589 68 622 110 0.030951425
640 221 671 262 0.029512344
563 194 595 235 0.029278021
791 40 822 80 0.028416438
372 220 405 264 0.028099352
581 25 621 71 0.027655924
888 45 932 97 0.026739072
895 300 932 344 0.026593428
663 330 700 374 0.026560998
642 150 672 186 0.025226321
433 244 466 285 0.024907019
171 46 202 84 0.024532553
402 19 432 56 0.023278022
636 371 676 420 0.02319028
537 264 604 340 0.0228692
529 71 563 115 0.022835983
457 39 487 79 0.022801068
104 63 140 105 0.021995027
6 7 75 101 0.021772528
793 325 822 362 0.021733534
739 313 773 358 0.021423532
912 140 946 185 0.021411898
152 105 183 145 0.021376073
907 323 948 372 0.021285163
819 322 854 362 0.020975646
47 535 78 573 0.020678699
740 3 775 41 0.020645808
807 375 844 417 0.020639917
915 220 944 258 0.020598967
692 123 729 171 0.020227844
94 241 130 281 0.020059207
524 22 561 68 0.020025391
