58_Hockey_icehockey_puck_58_940
20
696 286 735 332 0.33836418
825 256 851 289 0.18801875
424 377 468 436 0.15548547
560 324 588 363 0.1060851
833 274 862 310 0.049980357
545 309 571 341 0.04978732
767 379 791 408 0.04563898
873 379 898 413 0.036864113
946 202 978 241 0.030251719
840 295 872 335 0.030226368
527 341 570 400 0.028778799
414 283 443 321 0.028687576
422 317 465 368 0.027343389
300 221 326 251 0.02659028
824 230 854 268 0.026418231
995 191 1024 236 0.022903875
773 180 802 217 0.022790734
729 295 767 342 0.022046914
682 580 721 627 0.021522101
896 199 922 233 0.020732457
