58_Hockey_icehockey_puck_58_221
94
102 362 141 413 0.56358457
253 337 296 393 0.45172116
8 449 57 514 0.45137826
78 577 129 642 0.31769136
539 478 578 528 0.24384277
658 468 699 522 0.2245645
441 360 487 418 0.21984936
108 457 154 514 0.20915802
464 528 516 599 0.19561271
207 476 251 533 0.16799165
99 92 137 141 0.16200162
5 689 54 757 0.15094386
148 508 191 562 0.12904145
75 388 115 440 0.11488604
820 151 853 193 0.11342014
135 332 172 379 0.10707059
190 186 229 238 0.10524875
735 161 774 207 0.097943015
368 293 413 354 0.096745394
628 192 671 246 0.09366782
518 443 558 491 0.08579889
45 62 84 111 0.07859671
595 425 636 476 0.07854363
305 255 345 305 0.0753059
477 441 517 490 0.07315034
504 245 542 292 0.06756778
831 173 869 221 0.067071654
859 321 900 375 0.06653823
71 75 112 127 0.06335361
474 321 514 372 0.056966156
582 59 623 111 0.05672736
821 498 869 557 0.05095189
145 179 181 226 0.050665047
107 254 146 302 0.04966542
3 186 38 240 0.0493932
734 217 779 273 0.04702712
470 392 511 442 0.045832355
517 499 559 554 0.044573586
28 257 71 306 0.043944243
260 102 309 163 0.041028067
225 135 263 183 0.040694818
65 185 103 232 0.038105816
504 539 550 601 0.037633367
511 785 552 838 0.037207924
555 294 592 341 0.036801074
483 214 527 268 0.03669779
288 650 333 708 0.03588586
34 182 78 237 0.035083618
253 288 292 335 0.035070177
74 331 114 381 0.03423485
330 280 374 337 0.033822518
427 290 469 348 0.033730064
540 540 585 597 0.033655185
484 169 529 225 0.032769028
363 538 400 585 0.03266111
625 258 662 306 0.032056306
584 98 624 148 0.031432968
834 208 878 264 0.03090631
514 357 557 407 0.030820588
404 260 452 320 0.030570742
523 626 562 673 0.030506553
549 92 592 147 0.03020602
30 329 78 381 0.030031506
46 539 92 596 0.030004263
0 69 33 117 0.029069733
187 113 228 162 0.028888224
102 138 142 188 0.028785307
116 212 156 261 0.028665204
399 584 436 632 0.028134044
114 495 164 556 0.02802386
709 175 750 227 0.027801253
432 755 472 806 0.02683214
185 254 228 307 0.026668482
77 437 117 491 0.02605356
612 38 655 91 0.025729977
580 466 622 521 0.025448402
152 146 186 190 0.024707792
505 293 545 344 0.024595847
839 62 892 126 0.024127193
518 402 559 447 0.023957713
43 396 88 451 0.023003794
700 213 742 268 0.022513738
78 255 116 303 0.02235083
139 252 179 304 0.022012448
443 626 480 675 0.02192629
28 0 75 50 0.021794973
131 401 172 452 0.021342747
211 4 259 55 0.021295639
580 507 620 558 0.021050422
403 513 441 563 0.020638825
882 145 921 190 0.020502882
390 174 437 230 0.020489711
42 96 85 147 0.020367458
653 256 692 306 0.02025516
