19_Couple_Couple_19_743
58
396 290 433 337 0.74161184
155 459 196 510 0.44878432
656 382 698 433 0.4300914
449 303 480 344 0.30606297
122 309 155 351 0.29662883
148 304 179 345 0.26789504
518 269 554 317 0.24383797
689 407 727 450 0.18483211
801 293 840 342 0.17853929
524 354 570 419 0.17086142
387 379 428 429 0.15342158
860 318 913 384 0.1360746
121 399 153 441 0.11548642
60 370 97 421 0.11535761
457 516 505 569 0.096692756
630 485 666 526 0.09441016
585 233 634 293 0.08188198
163 665 210 729 0.08072534
584 276 650 358 0.07487023
246 225 281 272 0.07237594
535 179 576 231 0.06869495
350 174 380 216 0.060134746
368 421 407 470 0.056972902
536 497 571 542 0.055044226
656 484 692 527 0.052377474
312 222 344 264 0.048879154
246 456 278 498 0.041849494
551 456 583 498 0.041549545
480 451 512 491 0.038079545
275 411 304 448 0.03722372
253 425 283 462 0.036886703
174 329 205 369 0.036837805
765 382 804 432 0.035221282
328 146 366 193 0.034850914
200 349 231 389 0.032435052
912 344 970 422 0.032083806
143 364 182 417 0.031875186
329 191 369 245 0.031463772
530 422 563 464 0.03037273
220 374 251 414 0.029317467
810 302 871 384 0.027787369
99 372 136 424 0.027298568
750 203 779 240 0.026891759
674 416 745 500 0.026203448
741 392 779 440 0.02597914
155 520 196 578 0.02538542
309 276 337 316 0.02525935
873 276 916 330 0.02457199
546 215 593 276 0.02408451
248 262 283 310 0.0240217
459 164 491 206 0.023573663
350 468 391 523 0.023308875
278 222 309 265 0.023105968
326 402 364 453 0.022786085
424 638 459 682 0.021429181
202 244 240 292 0.021346569
453 569 497 629 0.021339877
600 348 639 399 0.020039456
