4_Dancing_Dancing_4_319
95
731 43 771 97 0.8719356
953 20 985 63 0.7560146
480 58 517 101 0.73712677
213 155 245 196 0.5998127
558 29 589 69 0.5738416
435 44 461 79 0.55603105
962 74 997 120 0.53708696
331 49 363 88 0.52271825
309 48 339 86 0.51996297
613 128 657 185 0.50648123
244 85 277 126 0.47521046
148 57 176 94 0.4263323
327 144 359 184 0.3745442
811 462 871 542 0.27729157
201 24 228 58 0.2587831
410 74 436 108 0.25651494
660 52 689 88 0.2475244
447 143 475 180 0.22540197
334 240 366 280 0.15666632
554 183 603 244 0.15096377
289 42 315 76 0.13729537
580 113 622 168 0.13458279
89 85 132 135 0.13431989
749 474 811 545 0.119366236
0 16 25 54 0.117463544
249 138 286 186 0.11644556
198 69 228 107 0.11624236
462 47 491 87 0.114751026
184 49 213 88 0.112659425
592 0 625 36 0.10726132
376 243 410 289 0.10160138
687 45 719 88 0.08644559
104 346 133 382 0.082238436
326 4 354 36 0.07896648
6 278 29 312 0.073939316
547 442 651 554 0.07081297
166 223 202 270 0.058923464
2 344 30 391 0.057646465
103 280 129 315 0.053897183
407 216 438 258 0.05215565
226 49 253 85 0.050195858
982 325 1019 377 0.046901643
23 52 53 88 0.045859504
345 167 381 213 0.045219894
530 88 573 140 0.042914893
580 227 639 297 0.042332865
44 7 79 46 0.040614706
458 98 486 132 0.03961378
583 76 616 119 0.03959566
993 19 1023 61 0.03812728
425 245 457 284 0.03762043
387 195 416 235 0.03686233
615 40 648 83 0.03560898
259 26 289 63 0.03553215
92 46 127 86 0.034237407
512 113 564 179 0.033481084
886 325 913 360 0.033105344
651 303 721 380 0.033027723
285 70 314 107 0.032149248
834 347 868 389 0.031139148
254 222 283 256 0.031074252
221 21 249 58 0.030235313
812 12 845 54 0.029933145
433 97 458 129 0.02985361
22 3 56 43 0.029379258
270 97 303 140 0.028618371
228 218 258 254 0.026928319
350 255 390 306 0.026328422
704 469 826 614 0.025829507
527 376 619 484 0.02562374
636 23 676 75 0.025131421
147 95 179 137 0.024320029
738 130 773 179 0.023497153
20 223 49 261 0.0233586
457 201 484 237 0.023087585
451 224 483 265 0.022251576
156 264 188 310 0.022136986
414 25 476 101 0.02182925
489 125 519 164 0.02151956
6 199 33 241 0.02143394
312 229 342 268 0.021325737
763 333 795 374 0.021319358
331 91 365 133 0.021302167
390 92 418 130 0.021214938
454 167 485 206 0.020862935
197 244 228 281 0.020670839
127 147 158 187 0.02065342
80 279 108 316 0.020554077
491 195 521 234 0.02048312
579 38 613 81 0.020459745
122 112 159 158 0.02038912
2 113 37 163 0.020226698
725 418 775 482 0.020216597
276 229 304 264 0.020109829
541 20 601 92 0.020022325
