4_Dancing_Dancing_4_156
48
910 23 966 88 0.92235667
506 119 566 211 0.7321956
159 9 200 56 0.51818067
555 63 608 142 0.50554955
647 0 699 60 0.45690596
686 123 751 202 0.3696942
306 197 343 243 0.35070065
97 10 134 56 0.28286624
500 52 547 114 0.25381017
586 -1 658 64 0.24795772
462 127 512 189 0.1366175
74 30 118 93 0.11580458
277 5 319 58 0.11350765
234 10 266 52 0.11203021
423 263 489 349 0.11148498
95 60 211 223 0.10575801
398 95 447 164 0.10236412
764 -1 809 44 0.07790552
304 433 349 490 0.071448736
722 51 785 135 0.07102862
988 164 1020 220 0.05720737
748 371 824 494 0.049556702
482 13 523 63 0.047910858
957 242 990 287 0.04722132
277 94 320 151 0.046790514
843 44 890 105 0.042080898
376 216 421 276 0.039717946
784 49 852 138 0.03856442
527 -2 573 40 0.037220858
118 0 157 43 0.03688266
972 219 1009 273 0.0329198
888 -3 928 41 0.03184291
267 401 307 449 0.0306561
863 102 908 165 0.029657856
887 53 961 150 0.027914843
868 199 908 247 0.02719247
195 18 237 68 0.026368422
978 8 1019 62 0.025100334
374 236 443 334 0.024856703
297 128 337 183 0.024734633
460 34 505 93 0.023701087
905 225 946 271 0.02348126
865 158 909 215 0.02306952
446 195 527 298 0.022767037
658 434 747 566 0.021903893
277 168 315 223 0.02171253
942 142 1009 235 0.021159183
419 3 469 62 0.020705238
