4_Dancing_Dancing_4_228
24
848 36 897 99 0.91900945
452 115 492 167 0.5491507
283 153 319 200 0.3471399
610 92 656 151 0.32537225
820 127 854 174 0.16240755
583 120 624 177 0.10972327
790 87 822 128 0.100637995
206 268 245 316 0.100347854
0 697 42 761 0.091043435
971 177 1026 256 0.05575775
577 125 658 235 0.055218637
617 268 659 321 0.04395615
813 155 853 212 0.04356558
543 233 588 287 0.036419917
656 94 694 146 0.0356093
432 317 471 367 0.03520893
763 118 798 161 0.031308662
835 188 874 241 0.029531252
524 166 562 213 0.02696087
845 -2 883 37 0.023437718
685 110 725 158 0.02300747
763 271 803 324 0.022933083
708 209 750 258 0.021266121
330 172 362 212 0.02060554
