4_Dancing_Dancing_4_489
92
783 238 827 296 0.9904856
399 127 443 183 0.9899851
605 213 647 269 0.9818284
531 62 571 113 0.98175275
276 239 320 295 0.97829425
174 238 225 300 0.9744703
252 136 293 188 0.95428467
612 78 655 134 0.95199436
485 105 528 158 0.947523
123 112 169 170 0.94708645
293 66 335 119 0.9313615
667 100 711 155 0.92802346
702 278 745 336 0.9176958
693 24 732 72 0.871758
188 71 229 125 0.87080127
748 111 788 163 0.86963665
419 62 459 111 0.8615598
396 231 438 286 0.82933325
910 43 942 84 0.7993366
803 12 843 60 0.7922679
919 134 958 185 0.78950953
541 231 583 284 0.7790201
346 78 385 127 0.7363937
827 108 867 157 0.65360945
885 102 920 148 0.44455996
753 40 790 86 0.43805113
486 12 525 59 0.33308032
949 202 986 254 0.29942608
618 147 654 193 0.2821108
125 276 162 323 0.2369745
907 276 952 329 0.23638023
97 19 127 57 0.1672955
478 248 509 287 0.16317865
935 3 965 37 0.15963809
20 39 50 78 0.14991528
77 191 110 233 0.13310616
398 0 444 47 0.098879136
51 20 77 55 0.095495
975 18 1008 56 0.09258521
891 62 929 110 0.0862808
143 2 176 38 0.078152604
769 173 808 221 0.07806303
974 110 1013 163 0.0716509
300 5 341 48 0.064515516
867 67 899 110 0.063021384
887 1 916 31 0.060947094
154 47 183 85 0.0597241
528 14 569 62 0.053320095
124 17 153 53 0.052191753
3 19 31 60 0.048078947
845 46 877 88 0.04637847
731 225 769 274 0.046274796
798 389 844 448 0.045283888
634 7 678 55 0.04409853
937 159 977 214 0.043548714
711 4 748 43 0.040461846
431 293 466 338 0.04008158
789 62 828 109 0.039247643
351 4 391 48 0.03845399
860 144 895 191 0.038198274
839 0 872 36 0.037741717
50 190 86 236 0.03734556
707 348 742 395 0.03699248
679 218 723 269 0.0362951
866 16 896 53 0.034930587
248 0 291 41 0.034588207
278 298 314 343 0.032751765
486 353 517 399 0.03255105
960 264 999 316 0.032517567
331 101 377 159 0.032285437
224 16 256 56 0.031675756
581 3 628 52 0.031189544
939 220 992 295 0.028312555
94 223 128 266 0.028309327
781 92 819 142 0.027980454
102 486 135 528 0.02677599
375 293 409 337 0.02509708
230 162 267 211 0.02461224
23 3 53 39 0.024465607
704 529 752 582 0.024133954
910 96 950 149 0.02382408
512 273 543 312 0.023174753
4 165 35 210 0.022761041
75 34 107 74 0.022726376
304 173 341 219 0.022594927
121 227 156 270 0.02257999
151 159 187 209 0.022179404
64 270 101 315 0.02150607
125 317 160 362 0.02139455
175 19 207 57 0.021132253
902 166 940 214 0.021031067
383 457 411 491 0.020873494
