4_Dancing_Dancing_4_378
19
680 50 753 145 0.9932151
148 79 234 177 0.9875101
775 90 844 178 0.9802608
331 146 393 233 0.22988996
220 44 264 102 0.16627203
710 167 767 245 0.086781465
148 4 184 40 0.08581678
612 399 644 442 0.06273859
406 38 438 77 0.04791469
304 88 345 136 0.0411635
255 220 413 386 0.03695136
170 5 215 56 0.036232274
49 173 143 285 0.034759924
356 0 394 37 0.034161896
443 142 497 214 0.031285115
406 5 439 38 0.026135726
948 44 995 101 0.024932012
281 6 321 49 0.023929961
377 12 415 55 0.022884497
