7_Cheering_Cheering_7_57
78
744 341 786 394 0.90604776
28 159 71 213 0.8385465
435 347 474 393 0.81440866
334 316 366 355 0.7855564
794 275 835 327 0.7498728
126 303 173 360 0.71388376
742 154 776 197 0.58113724
665 351 696 391 0.57259977
726 242 764 285 0.5279612
819 193 850 234 0.44427532
6 311 45 365 0.31828663
540 709 578 760 0.29395372
560 354 590 392 0.27130336
891 119 920 158 0.27000964
395 228 421 262 0.25424397
600 188 629 226 0.22004654
310 245 336 277 0.18546519
695 216 726 257 0.17196454
692 250 724 291 0.16858876
489 302 521 343 0.16316853
134 245 167 288 0.16316022
274 222 304 261 0.15369773
535 227 559 258 0.1481813
991 218 1017 255 0.14599426
599 243 629 283 0.13730949
547 377 581 420 0.105152056
484 246 509 278 0.100180775
999 348 1025 387 0.079959475
761 203 791 238 0.07954563
567 252 591 284 0.07898906
254 356 286 397 0.07720505
427 376 476 434 0.07503577
509 282 539 318 0.06884536
43 322 77 370 0.06715698
105 90 138 134 0.06259801
382 275 414 317 0.06087923
950 378 982 423 0.057844102
375 355 410 401 0.057513915
665 309 697 351 0.0560525
360 273 389 309 0.05555362
324 255 354 291 0.053947926
255 712 291 762 0.051619757
924 221 952 258 0.051442023
516 249 543 281 0.05023276
485 691 514 729 0.04210357
144 270 180 317 0.039954543
672 270 701 308 0.039535467
256 241 287 280 0.039255045
646 316 710 396 0.03763165
669 532 702 569 0.037380595
635 537 665 572 0.034657743
353 204 378 234 0.03409452
400 298 430 335 0.033044863
767 244 800 287 0.031254046
766 290 805 335 0.030884944
800 179 828 216 0.030597618
888 301 919 340 0.029944742
732 531 763 569 0.029860113
-3 374 34 435 0.029835865
561 298 588 335 0.029102461
580 373 611 414 0.028359186
64 97 101 143 0.027149731
938 249 974 293 0.025392609
490 728 524 771 0.025297694
535 276 563 311 0.024933795
587 270 620 311 0.02419878
876 140 908 182 0.024160465
961 200 1023 283 0.023692135
864 280 895 321 0.02363639
383 210 412 245 0.022039616
307 271 342 313 0.021848112
789 220 823 262 0.02178922
659 578 689 616 0.02169253
227 329 258 372 0.021039497
799 180 861 254 0.021002404
895 221 929 268 0.020617006
561 228 588 262 0.02031384
687 512 718 552 0.020132767
