7_Cheering_Cheering_7_530
109
706 239 732 271 0.19602461
690 142 722 182 0.15529287
132 240 152 267 0.14354345
412 38 435 71 0.14181902
825 179 849 210 0.11850708
68 240 89 269 0.11830018
715 138 745 175 0.116035916
27 159 51 186 0.11575671
735 148 764 184 0.11110289
17 128 41 156 0.10321608
540 149 570 187 0.09500319
222 197 241 221 0.08773564
869 152 890 181 0.08361068
941 244 962 271 0.079069585
902 282 929 316 0.077817395
870 176 891 205 0.07625891
901 180 923 207 0.07514852
948 202 971 231 0.07330109
248 240 269 267 0.07131758
920 241 941 266 0.06859511
139 177 160 204 0.06805983
354 43 376 73 0.06724074
914 197 935 224 0.062641464
949 110 970 137 0.061128654
772 265 800 300 0.058865387
174 249 198 278 0.058233947
807 224 830 254 0.05808511
114 239 137 268 0.05771894
858 128 883 160 0.05707608
600 132 630 172 0.055143878
512 296 550 343 0.05438453
829 153 850 178 0.053406067
938 154 961 183 0.051425975
144 155 163 178 0.051094085
954 134 981 166 0.047845583
626 127 655 166 0.04746293
182 320 210 352 0.047434583
923 131 946 159 0.046272397
575 94 605 134 0.045458365
811 135 833 163 0.043739974
754 103 784 140 0.04356061
205 219 225 244 0.043244716
178 110 200 138 0.04251967
784 222 805 250 0.04247963
88 242 111 271 0.04018863
565 300 600 341 0.037580673
175 207 196 233 0.037397787
269 199 289 224 0.03732998
867 310 896 344 0.03701547
109 179 128 204 0.03677247
69 153 87 175 0.036691852
70 134 89 158 0.035957117
250 182 270 207 0.035948634
901 239 924 266 0.035888862
23 196 45 222 0.03553453
266 223 286 248 0.035440516
828 79 854 112 0.03517465
558 168 584 202 0.034702275
130 80 151 108 0.033835713
71 114 90 138 0.03294028
877 227 898 253 0.03246674
672 106 706 151 0.032246567
295 36 318 66 0.031871628
901 155 923 183 0.03172944
223 87 246 115 0.030972658
1008 243 1030 274 0.030944906
296 246 317 273 0.030597307
666 27 723 99 0.030557435
825 239 851 270 0.030444589
874 46 895 74 0.030205535
752 169 780 205 0.0299199
827 109 854 144 0.02903185
735 81 765 117 0.028688364
876 270 900 297 0.028011883
222 219 243 246 0.027883241
108 155 126 178 0.027698373
916 301 943 333 0.027436085
223 35 247 65 0.026388155
313 181 334 208 0.026318982
24 244 44 269 0.02628591
699 259 728 293 0.025958464
578 173 604 206 0.025840916
0 155 24 187 0.025816612
-1 224 16 253 0.025554014
40 267 61 294 0.025121534
919 80 941 109 0.025067858
734 240 759 271 0.024904108
111 133 130 159 0.02456841
341 247 361 272 0.024307515
238 327 268 354 0.024031008
71 202 91 227 0.0239196
229 245 251 272 0.023866072
129 261 152 288 0.023533946
381 12 406 44 0.023047278
202 83 224 110 0.02285313
23 224 45 250 0.02261024
987 264 1011 293 0.022560764
723 168 749 202 0.022468397
742 31 774 72 0.022453045
976 292 1007 326 0.022169773
642 108 675 148 0.022011053
955 242 981 273 0.021886325
760 308 787 340 0.021777589
181 88 203 115 0.02163407
89 114 110 142 0.020961657
83 260 112 292 0.020639852
420 47 453 88 0.020379616
539 91 563 121 0.02015768
981 172 1002 199 0.02011439
