7_Cheering_Cheering_7_386
79
765 433 803 480 0.65937376
219 435 282 514 0.3069944
576 456 625 515 0.2890354
768 288 800 329 0.26274374
23 516 120 661 0.19808428
660 431 702 486 0.19765595
23 359 98 457 0.17343757
380 384 417 433 0.17096514
812 397 847 446 0.1706551
201 516 274 605 0.16878253
726 553 766 604 0.16082245
980 493 1020 549 0.15885192
592 570 661 647 0.14296591
0 194 75 308 0.11090613
872 370 910 420 0.1058746
360 434 390 473 0.09905668
667 398 700 438 0.0965191
992 332 1020 374 0.09168099
950 320 983 361 0.09113549
298 404 333 448 0.09105505
755 509 801 568 0.085346065
375 512 435 591 0.08455167
127 347 162 395 0.07229591
790 497 825 548 0.06397645
696 343 729 385 0.063526385
969 422 1008 476 0.061642453
808 473 847 524 0.050154556
887 556 931 613 0.048945244
758 328 802 382 0.04820017
811 523 851 580 0.047133043
292 441 341 508 0.04463538
946 402 979 443 0.041148093
175 417 209 464 0.040976737
411 454 440 489 0.040556666
329 404 356 442 0.040346883
586 409 616 448 0.039774638
639 333 666 369 0.039575975
114 476 192 589 0.03915222
955 474 990 520 0.0385925
233 377 258 408 0.038101353
279 375 311 414 0.037988763
603 657 660 724 0.03735875
996 369 1027 416 0.037079133
259 380 284 413 0.036890175
721 474 758 526 0.03403424
739 406 772 453 0.0336962
94 363 165 461 0.03356678
356 360 385 398 0.032909602
564 357 589 388 0.032196227
616 333 641 367 0.03209296
539 445 579 500 0.030974824
555 485 608 551 0.03087504
636 388 674 433 0.03015985
547 529 687 686 0.02892983
914 373 950 420 0.028916277
508 379 540 421 0.028526902
546 354 568 383 0.028431801
319 537 402 635 0.02781985
843 423 878 472 0.027740365
512 434 545 476 0.026840502
924 426 963 475 0.026728354
684 264 716 307 0.026699856
868 338 898 374 0.026242023
594 336 619 366 0.026164291
661 350 693 390 0.025315689
610 405 645 449 0.025285166
355 473 394 521 0.025283782
133 696 223 772 0.024945915
708 304 751 357 0.024831105
993 300 1022 342 0.02423272
538 385 565 421 0.024103133
423 354 455 395 0.02365208
38 147 77 198 0.023497568
12 365 167 579 0.023425994
813 312 847 355 0.022835694
712 398 748 448 0.022662137
486 359 513 393 0.022310514
856 530 906 589 0.021283645
433 447 465 488 0.020984478
