7_Cheering_Cheering_7_427
18
476 85 529 152 0.68011135
828 70 905 166 0.5193623
123 79 185 160 0.1475424
459 246 493 291 0.10955144
339 7 380 53 0.05754294
17 20 47 58 0.041390203
189 80 235 141 0.030653646
404 424 433 466 0.030579831
199 476 241 535 0.025239047
477 265 514 308 0.025165902
116 21 147 56 0.024610776
13 75 49 120 0.02430153
115 469 169 541 0.023204684
529 168 567 216 0.0220525
400 449 438 501 0.021520536
721 29 746 62 0.020983234
67 66 100 106 0.020487968
376 561 419 609 0.020201368
