7_Cheering_Cheering_7_345
162
585 382 615 420 0.48998424
754 382 788 427 0.46266633
45 408 72 443 0.39931023
855 354 883 391 0.36744076
447 154 479 195 0.30332923
536 339 566 379 0.25545818
919 350 947 388 0.2416878
249 376 275 410 0.23806259
581 171 608 206 0.20972185
335 371 363 408 0.195841
478 384 521 435 0.18913831
355 477 383 514 0.1797779
407 295 450 352 0.17937015
202 409 228 440 0.17873588
510 510 537 546 0.15751992
480 298 514 342 0.15630497
608 325 640 367 0.14932421
955 298 981 332 0.14597845
840 526 872 565 0.12510082
130 462 158 499 0.11784997
927 412 951 441 0.1122346
816 405 844 440 0.1120245
346 401 378 442 0.111288756
867 427 897 464 0.109969
812 430 843 468 0.10714085
818 503 845 540 0.10644742
949 508 978 544 0.09479172
631 230 669 284 0.0929728
154 426 181 460 0.09277391
183 404 207 435 0.09199684
689 429 720 467 0.08727435
231 424 257 457 0.0843976
920 515 947 550 0.08388806
793 397 823 435 0.08257647
610 74 637 109 0.08130677
655 443 691 489 0.07378935
635 325 668 369 0.07208024
408 193 441 233 0.071613796
22 378 51 419 0.069642335
155 362 180 392 0.06871445
569 509 599 549 0.06778401
557 667 591 709 0.06652093
893 377 920 412 0.06582414
443 101 470 136 0.065766215
358 503 387 540 0.06522534
100 399 133 438 0.06443468
482 73 511 109 0.06277168
429 238 464 282 0.062340807
304 405 330 438 0.061815735
608 426 647 473 0.061070047
412 530 447 568 0.06090517
250 430 276 463 0.058208924
357 532 390 571 0.057547353
656 300 682 335 0.057369664
158 279 187 315 0.055848
199 384 223 413 0.053561166
82 382 107 413 0.05196573
848 453 876 488 0.051119197
-3 451 21 488 0.05078045
747 255 777 292 0.050372507
683 517 721 564 0.050151244
953 481 984 519 0.04960581
254 455 278 487 0.048969314
729 72 764 115 0.048448965
249 483 275 517 0.048154533
966 529 993 563 0.0480266
969 386 997 424 0.047843456
843 411 869 444 0.04707595
311 380 340 416 0.045557592
130 427 156 462 0.044488437
405 377 435 412 0.044427194
787 357 811 387 0.044241212
736 488 765 527 0.043911476
336 458 363 495 0.043704808
681 245 709 280 0.04369588
460 347 496 388 0.04302083
900 514 926 549 0.042251512
626 525 664 569 0.042083606
804 484 832 521 0.042021777
505 345 542 386 0.041509286
348 73 376 107 0.041252352
71 402 99 438 0.04049699
2 361 30 403 0.040042218
899 331 925 363 0.039980285
1 308 24 343 0.039072447
920 81 957 127 0.038872156
126 512 151 544 0.038714167
617 198 647 237 0.038547255
436 382 465 419 0.03852364
547 692 589 744 0.036940996
462 502 491 540 0.036614303
722 401 754 442 0.036290452
180 486 207 520 0.03621554
104 531 133 566 0.03486193
973 457 1005 502 0.0347319
251 402 277 436 0.034257498
335 91 363 126 0.03415337
898 454 925 489 0.03408899
843 278 872 314 0.032487575
560 90 591 130 0.03219389
993 429 1021 472 0.031967845
199 505 227 539 0.031840004
301 662 329 697 0.03140741
977 555 1006 592 0.031362403
486 501 516 542 0.03126679
535 374 565 412 0.03113903
890 430 918 465 0.030736906
223 79 248 110 0.030231168
377 356 412 399 0.029587697
172 453 200 488 0.028854342
352 335 383 371 0.028829664
686 206 713 238 0.02881042
461 74 489 109 0.028554073
708 17 740 56 0.028365199
794 445 825 483 0.028296594
130 360 155 391 0.02814816
535 435 577 486 0.028143074
951 372 978 408 0.02796467
233 500 263 537 0.027423505
273 539 305 574 0.02713136
176 359 201 390 0.026902452
587 87 618 126 0.026841365
789 530 818 565 0.026789486
157 323 187 359 0.026398892
861 512 896 555 0.026200691
945 406 972 442 0.02611042
311 480 338 514 0.025681788
333 504 364 540 0.025636248
73 524 108 566 0.025556983
613 125 640 160 0.025428312
745 530 776 569 0.02496419
374 242 408 286 0.0247271
447 282 511 366 0.024557078
765 12 801 55 0.024268461
352 653 383 692 0.024244716
995 534 1020 569 0.024199974
528 503 563 547 0.02389501
210 252 238 285 0.02376249
74 447 109 489 0.023710202
866 256 893 291 0.023675378
103 454 136 495 0.023203947
279 386 304 420 0.022986673
665 412 698 455 0.02296806
972 321 1000 357 0.022850465
305 126 331 159 0.022782987
45 449 74 485 0.022647385
712 498 746 541 0.022583043
374 551 410 594 0.022380807
522 329 583 404 0.022209499
945 332 973 367 0.021524122
767 454 797 489 0.021309528
284 427 313 462 0.021289108
153 530 182 565 0.021018706
994 264 1024 307 0.02073417
311 97 335 128 0.020669797
994 348 1022 386 0.020572236
453 527 486 568 0.020383611
924 300 951 335 0.02037609
705 449 737 488 0.020357514
532 253 559 287 0.020183494
276 451 306 488 0.020172512
355 15 388 56 0.020030847
