7_Cheering_Cheering_7_404
21
301 345 348 401 0.3746523
711 466 749 517 0.2974372
583 353 623 400 0.17770681
467 211 506 259 0.12261772
814 132 926 270 0.108275525
576 414 615 465 0.04449546
410 548 447 602 0.03991272
413 273 452 323 0.03708447
450 626 482 669 0.036183976
339 184 504 379 0.031454418
298 688 330 728 0.031279504
612 611 647 660 0.029769307
707 443 777 538 0.029484496
4 531 142 716 0.02799817
312 428 343 468 0.027748935
349 546 397 605 0.026594201
416 492 456 550 0.026324157
382 616 409 652 0.02501921
166 378 262 515 0.024596496
533 616 560 651 0.024025235
404 627 434 662 0.0233131
