7_Cheering_Cheering_7_118
66
567 252 656 364 0.99803156
883 298 994 440 0.99765635
784 227 880 348 0.99738795
31 291 118 403 0.99631965
423 242 504 342 0.9962734
299 236 386 341 0.99061537
312 101 358 164 0.86017317
9 219 53 277 0.71781236
159 176 209 240 0.5288476
890 172 926 221 0.32069382
587 45 617 81 0.20061514
218 329 263 387 0.14954539
917 169 956 220 0.13279763
282 48 314 87 0.11962069
308 421 350 476 0.10867552
896 36 922 71 0.088069946
445 -2 495 49 0.08524012
768 137 797 175 0.075802475
460 67 495 112 0.07274831
516 19 545 54 0.065547034
856 71 885 110 0.063589215
43 193 77 240 0.063444726
949 19 979 58 0.056256898
818 140 849 178 0.055274237
575 69 613 116 0.054891866
765 32 802 78 0.050718404
231 164 263 208 0.049665295
791 513 864 605 0.04815424
250 153 292 210 0.047673292
928 26 955 63 0.04665912
377 149 409 194 0.04521523
415 72 447 114 0.044242248
927 93 956 130 0.04268546
376 101 408 143 0.04258042
737 33 774 79 0.041503966
676 62 709 106 0.041193444
409 145 442 188 0.03751103
788 126 818 167 0.037273716
990 345 1034 425 0.036075782
746 174 777 216 0.035212796
655 25 684 61 0.032049753
873 44 904 83 0.031741243
-1 445 33 504 0.029899929
846 118 875 158 0.028169146
527 147 559 188 0.028000602
279 377 312 422 0.027992543
15 448 86 541 0.026910529
498 204 544 267 0.026867297
942 76 973 114 0.026505522
378 44 413 85 0.026444167
764 106 799 148 0.025006056
162 297 199 352 0.024856817
145 287 215 392 0.024357403
995 199 1026 245 0.024071578
946 118 976 156 0.024030091
645 42 673 80 0.023749745
999 168 1028 211 0.023420813
0 237 65 347 0.02220181
840 0 871 32 0.021654028
94 204 127 245 0.02162334
481 47 513 86 0.021354727
283 445 356 552 0.02080764
607 59 643 103 0.020491967
509 75 542 118 0.0204654
301 30 334 68 0.020445831
32 379 131 494 0.020037891
