7_Cheering_Cheering_7_334
118
167 135 214 196 0.9970239
403 355 443 405 0.979122
303 200 347 254 0.9760478
512 345 557 401 0.9742346
494 246 536 299 0.9714732
378 246 421 299 0.9689484
711 287 752 338 0.9526528
780 287 818 337 0.94113594
683 168 725 223 0.9410926
806 149 844 199 0.9235952
646 380 685 430 0.92346853
465 122 505 173 0.8998366
291 304 334 357 0.8877516
568 178 609 230 0.83020246
616 255 659 308 0.8248275
201 281 244 334 0.82443064
188 323 227 373 0.24329086
167 406 207 458 0.23116556
660 299 690 337 0.20773311
143 346 176 385 0.18976265
577 397 609 437 0.18455827
375 166 408 208 0.13388641
583 121 618 163 0.13089049
426 296 465 344 0.1275796
126 244 165 292 0.11823718
331 369 364 409 0.117544435
437 227 470 270 0.11233928
738 406 768 446 0.096810855
178 250 209 292 0.09016983
556 300 592 345 0.08825563
816 351 845 389 0.07910055
219 111 255 157 0.07843074
610 320 642 361 0.067458645
348 144 387 193 0.06500592
452 306 493 351 0.06475466
530 451 563 492 0.06262316
733 226 764 262 0.06045649
816 247 847 286 0.057292152
609 447 640 485 0.057157267
506 97 536 136 0.05574252
784 421 823 468 0.04903851
432 174 462 213 0.049017128
135 51 163 85 0.048891854
371 196 409 242 0.04854019
407 475 441 517 0.04610555
97 219 130 258 0.044914838
662 244 693 283 0.04478836
453 197 485 235 0.043286186
635 294 669 338 0.04275098
453 241 491 288 0.041635457
124 485 159 531 0.040925365
52 190 87 232 0.040689863
707 453 738 491 0.039567657
865 320 902 369 0.0395376
463 411 497 454 0.039523
301 411 342 459 0.03945927
276 420 312 464 0.038745325
686 348 715 385 0.03837742
405 145 442 192 0.03773391
767 222 797 259 0.03741475
603 98 637 138 0.036690444
93 342 134 396 0.03660729
764 354 796 393 0.036564134
70 492 114 543 0.035698358
958 42 988 80 0.035236757
222 218 252 256 0.034710605
716 380 746 415 0.03399144
326 43 357 81 0.033626847
358 419 390 460 0.033233535
891 489 928 538 0.033224925
303 149 335 187 0.03306124
772 450 809 494 0.032799505
256 251 288 293 0.032781046
630 201 663 242 0.032374192
685 376 717 418 0.031784907
585 427 618 469 0.030607635
316 271 355 321 0.029693505
432 120 468 167 0.029548436
304 370 340 413 0.029186439
813 274 844 316 0.029048389
489 454 517 490 0.028997328
327 168 363 212 0.02835649
380 480 412 519 0.028118746
792 349 823 388 0.027751548
742 352 771 389 0.027699858
763 249 793 285 0.02767979
507 430 537 467 0.027109146
609 142 646 189 0.027005617
176 77 208 114 0.027000656
100 248 136 292 0.026875054
791 251 822 289 0.026785986
893 65 923 101 0.026658406
350 21 378 55 0.026271982
561 145 598 191 0.025769422
691 430 724 471 0.02560571
714 537 746 580 0.025304366
432 72 465 113 0.024999037
819 3 849 36 0.024901446
763 407 796 448 0.024792189
506 194 541 238 0.024774024
819 95 851 134 0.024215044
559 448 589 486 0.024003012
71 251 105 293 0.023882413
837 223 868 261 0.023859015
277 172 309 213 0.023723403
145 300 186 347 0.023450116
253 370 287 409 0.023205398
743 174 776 215 0.023150962
837 272 868 310 0.022954894
535 99 565 137 0.02284377
225 402 254 439 0.022047753
400 65 435 108 0.02197103
586 154 740 344 0.021872345
120 92 158 139 0.021275572
273 121 308 163 0.021217223
155 91 184 131 0.02095563
153 446 187 488 0.020591756
46 515 122 616 0.020377195
