7_Cheering_Cheering_7_29
337
762 326 788 360 0.28688985
28 144 52 173 0.27535263
558 250 589 287 0.24301593
945 95 967 123 0.23056021
78 310 102 339 0.22599076
48 259 73 290 0.21895346
539 154 561 182 0.20822357
460 150 483 178 0.20800996
938 167 961 197 0.18457061
849 225 871 254 0.17762248
890 351 913 379 0.15934266
153 308 175 338 0.15910976
529 226 554 258 0.15218337
224 378 249 409 0.14789487
619 201 642 231 0.14777118
866 250 887 278 0.14722523
666 152 688 180 0.14472589
363 354 387 383 0.14147153
455 75 479 105 0.13892683
409 96 433 126 0.13486072
404 175 426 202 0.13411471
540 324 566 354 0.12809661
155 402 182 435 0.12465225
971 331 994 361 0.12094347
331 183 355 213 0.1177793
534 97 557 126 0.11715151
362 146 385 175 0.11585698
484 353 508 383 0.11389312
764 254 784 279 0.11162833
739 125 761 154 0.11059473
172 381 202 416 0.10945614
616 281 642 312 0.106260136
864 126 889 157 0.10464389
794 224 817 252 0.100324035
921 385 947 418 0.09949008
307 255 330 283 0.09910468
230 286 252 315 0.09901527
381 329 403 356 0.09888035
103 356 128 386 0.09838465
434 92 457 121 0.097824134
331 405 356 435 0.09774069
255 97 277 125 0.096109085
619 98 641 127 0.0955923
358 180 380 210 0.09446587
275 151 299 180 0.09213662
203 286 227 317 0.09005587
484 378 507 407 0.08994148
4 382 27 417 0.08852397
516 81 538 109 0.08850932
656 382 682 414 0.084985726
690 304 712 331 0.08483013
202 439 230 471 0.08467825
615 177 637 205 0.0843775
764 96 785 123 0.08314827
43 403 72 437 0.08288744
48 132 73 163 0.08193644
695 282 719 312 0.081689954
664 127 686 153 0.081525624
282 231 302 258 0.080592014
712 297 735 326 0.08030032
536 354 560 382 0.08001427
897 97 919 124 0.07818975
205 250 226 275 0.07787981
305 233 328 260 0.07724424
897 380 923 412 0.077204764
484 257 507 286 0.07708599
688 250 712 279 0.07695584
156 104 176 129 0.07651919
403 153 426 182 0.07491177
641 336 663 364 0.07387469
819 280 842 307 0.073784985
261 223 282 251 0.072889686
591 103 612 131 0.07282403
672 308 694 334 0.06876326
537 246 563 281 0.06859931
405 123 429 152 0.06825269
480 331 503 362 0.06676017
943 384 966 414 0.066676706
892 171 916 200 0.0663726
614 381 636 408 0.065455124
821 174 841 199 0.06483328
487 178 508 205 0.06382549
668 71 690 98 0.063421525
204 403 230 433 0.062852904
995 245 1018 280 0.0628173
946 279 967 305 0.062665835
23 278 46 306 0.06216089
516 204 540 232 0.0621066
378 380 401 407 0.06011985
869 52 892 80 0.05986928
235 99 258 129 0.059120085
614 156 636 183 0.05853998
714 361 738 390 0.0584925
721 128 744 156 0.058188546
817 205 837 232 0.055636138
339 330 363 359 0.054819725
19 433 53 475 0.054778345
868 100 891 127 0.0543644
303 436 326 465 0.054122567
566 105 588 134 0.05400177
871 147 897 179 0.053944327
224 457 248 485 0.053814463
47 362 71 391 0.053812705
355 405 379 434 0.052476663
815 258 837 285 0.052473456
34 231 57 259 0.052317258
668 105 690 131 0.052114666
329 124 354 157 0.05159896
80 80 102 107 0.05155719
281 459 304 487 0.051542617
361 100 383 126 0.051422793
719 99 740 125 0.05090521
688 154 710 181 0.05036719
513 251 537 282 0.0500277
81 429 106 460 0.049581617
19 305 43 334 0.049303688
411 388 434 415 0.04929002
734 51 755 78 0.04923155
928 98 950 126 0.049191616
273 172 298 203 0.048666015
461 381 485 411 0.04855727
746 101 769 129 0.048529103
152 458 179 492 0.048461642
125 431 149 461 0.048437376
390 100 411 127 0.04818084
358 278 379 304 0.04804149
461 172 484 201 0.047943
441 404 464 433 0.047755264
611 409 634 437 0.047487378
96 461 122 493 0.047379285
465 251 488 280 0.047144085
261 462 286 491 0.046771962
610 227 634 257 0.04667487
878 337 902 367 0.04651564
695 380 720 412 0.04647747
945 259 965 285 0.04628266
975 308 997 335 0.04614342
952 353 975 381 0.045924604
869 275 892 305 0.045909334
179 51 201 79 0.045900326
182 127 204 153 0.045715034
561 175 583 204 0.045484457
441 353 464 382 0.045273833
511 276 533 302 0.045225732
105 409 130 440 0.045211274
922 222 944 250 0.045109056
207 101 227 127 0.04492583
643 49 665 78 0.043158486
105 100 127 128 0.042790428
811 352 834 381 0.042278174
202 125 221 150 0.042195052
384 402 409 431 0.04162881
459 354 484 385 0.04138351
310 410 333 438 0.04108752
280 79 302 107 0.041055027
619 122 643 151 0.04071593
690 405 715 436 0.04055782
182 153 203 179 0.040422037
75 278 100 307 0.039771814
23 378 52 414 0.039672293
515 309 538 338 0.039404817
871 76 893 104 0.039215427
280 306 303 335 0.039206877
258 411 282 440 0.03891116
535 125 557 152 0.038797602
187 281 210 310 0.038702793
232 435 256 466 0.03868002
642 403 666 433 0.03858899
563 385 590 416 0.038535263
796 383 819 411 0.038406473
639 75 660 102 0.038391463
310 130 332 159 0.0380385
670 279 693 307 0.037681065
520 151 542 180 0.037230127
180 204 201 230 0.03709515
843 280 865 308 0.0370134
154 24 175 51 0.036633242
947 304 970 332 0.036383454
443 154 464 182 0.03625338
717 152 737 178 0.03623231
557 308 582 338 0.03619286
895 283 918 313 0.03614174
182 75 203 101 0.035749383
869 462 896 494 0.0356192
994 303 1015 332 0.03505803
203 80 223 106 0.03488882
513 356 537 387 0.0348648
874 176 896 202 0.034796946
743 235 763 260 0.034783084
663 329 686 358 0.034761935
590 232 615 263 0.034679048
842 178 863 204 0.03444148
186 256 207 283 0.034399495
637 123 660 151 0.0343839
488 201 511 228 0.03400804
970 100 991 128 0.0339564
614 251 639 280 0.03388264
280 407 306 436 0.033856623
901 205 923 233 0.033462983
613 354 636 383 0.03331427
132 457 156 489 0.033283703
438 383 461 411 0.033111308
43 456 73 489 0.033014193
837 410 861 440 0.032780845
181 301 204 331 0.032467563
278 378 305 410 0.03231793
182 454 213 491 0.03202708
812 125 836 153 0.03141246
845 381 869 410 0.03131046
659 356 682 384 0.031181347
644 152 667 181 0.030997995
640 462 668 495 0.030813491
438 173 461 203 0.030571815
686 73 709 101 0.030331682
355 433 380 463 0.030228248
929 255 950 283 0.030070847
153 257 175 284 0.030069636
972 153 997 187 0.030067349
183 360 209 392 0.030025514
799 252 820 279 0.029666828
851 99 873 125 0.029387971
689 173 712 202 0.029377205
712 177 736 205 0.029286856
42 182 67 213 0.029270379
591 177 614 207 0.029246798
105 181 129 212 0.029239042
252 125 275 153 0.029118925
515 125 538 154 0.02897759
91 330 117 362 0.028865384
81 353 106 384 0.02883636
160 201 181 226 0.028793732
368 50 391 79 0.02879275
57 310 81 340 0.028744936
405 200 429 229 0.028714843
738 28 762 57 0.028686617
465 308 488 336 0.028629959
775 203 795 229 0.028629346
638 302 660 329 0.028553076
410 330 432 358 0.028208908
123 358 149 389 0.02820647
251 430 275 460 0.028019594
814 102 837 128 0.02795896
437 334 459 361 0.027707076
972 207 995 236 0.027626857
791 331 816 364 0.027319044
241 51 263 80 0.027304463
201 22 225 53 0.027260408
155 177 178 205 0.02711157
275 202 298 231 0.0270412
229 230 252 259 0.02678894
592 355 616 385 0.026757408
565 200 588 228 0.026697587
128 103 150 131 0.02658233
689 327 712 354 0.026537184
312 74 335 102 0.026523625
711 249 735 278 0.026520109
584 281 609 312 0.026446503
482 229 506 259 0.026315859
488 82 508 108 0.026314357
920 300 945 331 0.026222503
253 357 279 389 0.026220268
261 301 285 331 0.026209263
720 75 743 103 0.026147502
388 126 411 156 0.026135731
257 281 278 309 0.026123328
670 233 692 260 0.026067825
154 277 176 306 0.025924198
761 274 784 301 0.02592288
480 155 502 183 0.025841784
383 75 405 103 0.025563894
440 127 463 156 0.025534684
201 154 224 180 0.025286624
109 233 130 260 0.025128854
690 103 713 130 0.025034806
181 331 205 360 0.02496052
180 27 204 57 0.024920356
406 432 431 462 0.024872739
1 449 31 491 0.024833718
324 54 345 80 0.024756186
511 181 533 208 0.024537578
893 124 916 153 0.024512688
823 301 846 329 0.02442594
792 307 814 336 0.02430524
359 258 381 285 0.024255944
889 252 912 282 0.024199292
997 174 1017 204 0.024075033
238 77 261 105 0.023913829
238 204 262 233 0.02389202
330 258 352 285 0.023848182
332 458 356 487 0.023667287
635 176 659 205 0.0233586
841 333 863 360 0.023273814
22 79 43 106 0.023244405
535 382 560 410 0.023095781
7 127 32 161 0.023031417
307 305 331 334 0.022956638
764 124 786 153 0.022948312
57 80 79 107 0.022903552
182 101 203 127 0.022813391
595 151 619 181 0.022784496
845 355 868 383 0.022755835
438 306 460 333 0.022510387
126 76 148 103 0.02250257
480 404 505 433 0.02242899
454 55 476 81 0.022369843
338 355 363 386 0.02230776
384 281 408 310 0.022294816
869 406 893 436 0.022279723
590 406 615 436 0.022266563
428 458 455 489 0.02220799
158 48 180 77 0.022197952
333 428 358 459 0.02209809
155 155 178 183 0.022051983
436 277 460 307 0.021977056
183 227 205 255 0.02188804
365 76 388 102 0.021832654
991 325 1016 358 0.021818224
969 380 994 413 0.021787005
843 150 865 180 0.021676533
411 354 434 382 0.021631362
974 283 996 313 0.021563811
387 433 412 463 0.02156226
309 381 338 414 0.02155867
287 253 309 281 0.021505386
127 180 148 208 0.021448929
103 78 124 105 0.021428974
743 307 766 335 0.021383362
585 383 609 411 0.021232205
76 381 99 409 0.021201879
713 332 737 360 0.02106992
4 326 26 358 0.02082273
689 126 711 154 0.020743709
865 206 887 234 0.020691955
824 429 849 459 0.020366803
744 182 767 210 0.020258868
947 205 969 234 0.020180538
993 406 1019 445 0.020132639
