7_Cheering_Cheering_7_469
27
570 336 653 437 0.55818176
907 646 964 717 0.15820614
382 584 423 642 0.14357798
478 481 531 545 0.0793885
93 909 134 961 0.07544349
304 722 343 773 0.054071736
956 763 1004 829 0.05263123
203 776 239 819 0.052370332
228 932 274 990 0.052180808
997 576 1034 632 0.049327057
462 564 508 624 0.04455617
154 834 189 876 0.041391734
461 735 501 789 0.04103621
26 970 67 1020 0.038624182
574 475 629 547 0.03405063
303 765 344 817 0.033209547
19 758 67 813 0.030533882
102 961 145 1010 0.030237552
118 832 155 879 0.02975892
493 329 564 414 0.026482647
411 565 461 631 0.025909169
40 686 77 731 0.025141485
997 948 1034 1005 0.024758078
598 429 662 511 0.024691546
386 719 436 778 0.023122668
763 602 808 661 0.02100449
200 267 245 323 0.020479916
