7_Cheering_Cheering_7_536
101
895 245 927 285 0.7860519
524 347 559 391 0.74418133
330 304 356 337 0.685633
518 262 552 306 0.423589
250 232 273 262 0.3805129
850 285 883 327 0.3708403
728 215 769 271 0.36905074
133 236 159 269 0.34789872
203 254 230 288 0.3033567
333 252 358 286 0.28277323
640 329 688 387 0.27590266
317 229 342 261 0.18384746
203 228 227 257 0.18263057
231 254 259 291 0.14891776
45 224 71 254 0.13523276
228 349 255 382 0.1294372
334 279 361 314 0.12728278
458 274 495 317 0.12659806
409 248 436 280 0.12489691
998 240 1027 284 0.1219071
407 438 440 478 0.10512152
105 236 131 268 0.10340533
355 275 381 310 0.10332131
2 343 26 378 0.09768732
932 293 977 345 0.09434671
382 248 413 285 0.090217374
611 233 678 316 0.08916861
976 467 1017 525 0.07609516
3 227 28 267 0.07349243
432 246 460 279 0.07260325
252 384 277 415 0.07157279
19 223 53 262 0.07024792
278 585 317 629 0.069293596
234 382 259 413 0.06922534
757 300 792 343 0.06827692
484 225 511 259 0.06729643
676 380 741 462 0.06635759
426 300 459 340 0.063198924
479 298 511 337 0.06141865
123 296 151 330 0.061341293
908 303 989 399 0.060349084
103 285 128 316 0.05690876
251 354 277 385 0.054633215
153 295 179 327 0.054142036
75 454 103 494 0.052346565
563 252 591 288 0.05125621
558 475 599 526 0.048991416
274 276 306 315 0.04883511
479 250 508 287 0.047070753
44 247 75 281 0.045374613
791 299 824 342 0.045019396
128 353 154 384 0.042420175
120 473 149 512 0.041634396
251 326 279 360 0.039280336
47 141 80 179 0.03815964
365 231 389 264 0.03800114
681 458 731 518 0.03710999
350 348 384 391 0.036347575
284 408 308 437 0.036336236
45 391 77 430 0.03500821
549 330 588 378 0.034663934
993 372 1021 419 0.032231968
150 351 177 384 0.03181596
616 366 648 409 0.03181229
100 354 126 388 0.03168022
513 482 548 522 0.031097475
154 566 182 602 0.030602228
906 306 1001 436 0.03017233
923 481 958 525 0.030128106
180 275 205 307 0.029932044
467 476 500 518 0.028784266
16 94 45 129 0.028128255
817 128 844 164 0.027983107
305 409 330 440 0.027914697
402 274 434 312 0.027880704
820 294 852 337 0.02739843
152 479 175 510 0.02715406
309 323 339 361 0.027079802
228 403 254 436 0.026155477
667 143 695 179 0.025828985
338 489 365 519 0.025471421
76 229 102 260 0.02505781
734 309 804 398 0.024851028
587 346 621 391 0.024746206
285 458 312 490 0.02474089
283 431 309 462 0.02453834
148 384 176 416 0.023779642
552 366 592 412 0.023544364
83 303 108 332 0.022382248
686 121 717 164 0.021805499
20 285 47 318 0.02169966
2 120 30 160 0.021668607
287 351 313 383 0.021633683
994 108 1023 153 0.021525187
262 436 286 467 0.021184376
508 233 539 272 0.020931998
432 409 460 444 0.020920452
58 103 86 139 0.020843549
110 229 171 299 0.02073359
739 271 777 323 0.020613639
286 485 319 523 0.020580592
