23_Shoppers_Shoppers_23_294
18
202 141 246 195 0.8142771
743 122 787 180 0.77051264
564 130 597 172 0.23759662
399 112 474 203 0.13301699
904 77 947 135 0.081403285
371 404 407 447 0.07395947
201 146 271 239 0.05891833
550 109 615 187 0.04569099
148 163 185 213 0.041330043
301 290 345 349 0.031302013
450 -2 485 33 0.029344348
656 12 726 99 0.028545076
932 62 979 124 0.027847938
221 471 250 511 0.027570888
476 100 520 158 0.027238073
846 259 878 296 0.02599851
357 372 389 411 0.025338428
894 280 938 343 0.023406725
