23_Shoppers_Shoppers_23_364
26
276 215 346 303 0.96138436
586 181 681 297 0.95927274
457 227 509 295 0.94108796
375 201 433 273 0.08519457
35 168 67 208 0.05999682
-3 567 35 640 0.057272464
68 375 98 412 0.05344986
755 115 792 163 0.051930454
776 195 855 295 0.04978133
88 218 120 257 0.042791266
53 460 84 499 0.038935382
91 255 124 296 0.035794873
51 305 77 338 0.034061816
703 167 743 222 0.03318136
956 55 1028 175 0.032454744
21 226 46 259 0.03126893
168 247 200 291 0.029393949
160 332 187 368 0.026598569
506 218 546 274 0.026217489
52 256 77 287 0.025660736
24 251 48 282 0.023457272
98 380 125 414 0.023302248
723 116 758 170 0.022591412
688 226 728 285 0.022572462
60 532 103 588 0.020622611
104 432 131 467 0.020615188
