23_Shoppers_Shoppers_23_60
18
135 506 161 540 0.18826409
263 544 283 568 0.12043444
207 555 234 586 0.08545929
181 614 209 649 0.05735793
196 588 226 626 0.0384346
0 678 23 722 0.03327084
382 589 406 618 0.032878976
228 539 251 567 0.032096975
105 509 133 542 0.031453483
593 566 615 594 0.029720657
138 524 173 570 0.029608691
614 570 638 600 0.026119884
589 529 611 558 0.026038824
770 407 793 437 0.024894176
478 614 504 646 0.023842474
737 641 765 675 0.02194476
96 608 131 648 0.021881463
269 550 298 586 0.02142444
