23_Shoppers_Shoppers_23_328
57
133 349 203 429 0.8686094
317 208 352 254 0.6221025
155 221 183 255 0.47523212
481 204 515 246 0.2811229
96 216 125 251 0.1964141
204 251 240 298 0.15395336
5 413 57 474 0.15316723
404 268 441 312 0.15022929
268 221 298 258 0.14310835
323 162 355 202 0.10562065
509 218 538 252 0.07189592
287 307 315 343 0.07033079
174 250 210 294 0.06430774
225 196 249 227 0.06314543
302 283 329 317 0.059235875
379 380 414 427 0.058681954
259 243 294 286 0.057963036
48 245 86 292 0.05049432
518 281 548 317 0.05025125
659 307 687 344 0.049289595
462 385 502 432 0.048834793
436 198 463 233 0.048773635
900 94 930 132 0.048280213
357 282 386 318 0.042528804
219 317 258 363 0.042008508
459 179 486 214 0.040701054
688 10 718 51 0.038636304
394 223 429 265 0.03754121
970 375 1009 429 0.03637314
542 224 565 254 0.03504511
813 101 842 138 0.0335885
127 253 158 293 0.03297407
913 161 943 199 0.03068564
838 67 863 100 0.030559538
976 226 1011 276 0.03053083
49 200 74 231 0.029320901
25 232 55 270 0.028928943
134 203 162 241 0.027797721
739 123 766 155 0.027014002
978 451 1010 496 0.026740229
559 198 585 230 0.026719477
148 265 189 312 0.02664135
990 85 1024 139 0.024660721
88 250 131 302 0.024436012
61 400 106 453 0.024392612
542 182 563 211 0.024315631
149 72 177 111 0.023559565
505 334 532 366 0.023335429
668 469 736 586 0.023319354
669 95 701 134 0.022466663
1 280 26 314 0.021718336
332 295 365 332 0.021572307
459 201 526 275 0.021377264
70 323 111 373 0.02077988
353 200 380 241 0.020684155
767 54 792 85 0.020404788
22 180 54 218 0.020296253
