23_Shoppers_Shoppers_23_459
81
744 302 768 333 0.21115361
649 514 670 541 0.13451594
15 565 50 612 0.11974973
257 349 293 394 0.08832346
375 356 407 395 0.08803352
722 356 746 386 0.080274485
275 328 304 362 0.07731559
595 559 619 592 0.07624857
681 582 708 616 0.07283761
197 460 224 495 0.059204005
835 411 861 445 0.05899975
567 510 590 541 0.052206267
205 402 229 434 0.050884232
516 633 542 666 0.05085583
276 457 309 499 0.045939602
292 125 322 162 0.04590784
178 431 203 464 0.04425789
233 464 258 497 0.04293121
587 516 609 545 0.042842444
181 139 213 182 0.04231408
200 429 226 463 0.04202943
419 255 442 283 0.041717302
389 609 416 644 0.04090498
8 247 38 292 0.040547453
94 498 131 543 0.04047201
435 516 457 545 0.039584193
485 533 509 562 0.038115777
184 407 208 439 0.038036164
667 612 696 650 0.03776131
592 534 615 564 0.036483437
54 11 83 44 0.035444457
916 378 941 409 0.033476274
814 373 840 406 0.033357047
244 71 275 111 0.03314096
227 424 255 460 0.032461707
223 511 254 552 0.031198852
364 326 389 357 0.030619578
430 637 453 666 0.030472996
796 437 822 470 0.030442173
739 489 764 520 0.030299287
528 615 553 648 0.030179255
460 300 483 329 0.030068642
739 324 764 355 0.029932205
411 305 436 334 0.029842868
416 325 441 355 0.029814485
653 528 681 561 0.029575154
267 402 307 450 0.029534414
413 465 437 495 0.02904137
762 398 792 437 0.028542062
305 306 333 341 0.027967753
412 279 437 309 0.027641334
651 493 671 519 0.027165487
918 444 963 501 0.02691108
645 611 672 646 0.026899595
102 547 140 596 0.026688833
165 508 200 552 0.026542246
820 427 845 459 0.02629854
540 510 565 543 0.025991915
254 470 283 507 0.02577072
973 445 1018 504 0.025236525
326 325 360 363 0.025212009
765 513 794 551 0.024862828
462 535 488 567 0.024693767
51 130 73 157 0.024463592
610 621 633 652 0.024400376
665 566 692 598 0.02431288
328 299 356 333 0.023431953
248 358 320 442 0.023375576
358 129 382 158 0.023319714
360 661 391 700 0.023186779
305 425 336 463 0.022996187
715 657 739 686 0.022679519
118 477 155 527 0.022359364
179 475 212 515 0.02221795
691 631 717 664 0.02200803
407 528 434 563 0.021805855
434 279 458 310 0.02140146
385 302 409 333 0.021177098
511 298 535 327 0.021096297
433 354 465 394 0.020938175
147 477 179 519 0.020583613
