23_Shoppers_Shoppers_23_65
21
480 101 519 153 0.5677928
355 158 390 203 0.4767644
419 201 452 241 0.3142768
528 144 564 189 0.19127609
273 50 305 92 0.18698452
599 117 631 160 0.0963869
379 118 409 158 0.093633436
502 78 537 124 0.088391714
624 213 660 263 0.05331906
401 114 438 165 0.053056225
591 144 627 192 0.033186667
226 119 256 155 0.03212406
453 294 490 337 0.030166617
525 95 561 146 0.029758114
433 98 473 151 0.02889793
362 102 393 139 0.02674837
549 204 591 256 0.026250765
294 42 329 87 0.025765106
726 266 924 471 0.024642665
363 330 391 368 0.022595635
252 177 280 213 0.022245586
