23_Shoppers_Shoppers_23_25
21
453 61 498 124 0.8692713
384 192 421 241 0.68376154
100 339 145 396 0.19716969
46 378 91 445 0.19075808
234 269 268 311 0.08130309
904 36 945 86 0.051484577
353 190 417 259 0.045987897
322 278 363 330 0.045584254
314 333 348 380 0.0439512
477 261 579 374 0.03789666
621 140 656 184 0.030923044
-3 482 56 570 0.028954234
227 151 257 188 0.024615457
203 140 234 180 0.02412674
284 248 315 291 0.023570485
253 154 280 188 0.022858359
346 239 390 289 0.021723967
614 218 659 275 0.021375896
222 269 292 353 0.020788074
519 543 615 646 0.020574713
74 331 109 372 0.020478794
