23_Shoppers_Shoppers_23_271
79
606 234 661 303 0.98494035
496 228 541 290 0.92991656
22 279 50 314 0.8295549
610 464 650 514 0.6456428
671 559 728 613 0.40390396
128 232 158 269 0.3077119
473 375 511 423 0.29322234
484 460 523 509 0.2004545
172 306 199 336 0.14260732
526 383 565 430 0.12466937
772 268 814 318 0.12451317
227 433 254 468 0.124420606
662 482 697 527 0.12422869
376 332 407 370 0.109467596
222 244 252 282 0.10659002
557 226 598 281 0.105142646
429 374 460 413 0.10299649
262 272 288 306 0.08785236
161 381 186 412 0.08334291
516 290 550 336 0.077243514
157 357 183 388 0.06897356
226 479 254 515 0.06514585
460 306 493 349 0.06443928
6 420 32 460 0.06331006
106 378 132 409 0.060302615
379 304 410 341 0.057696786
199 328 227 365 0.05655711
287 354 314 390 0.053262457
236 307 263 341 0.052880853
387 532 422 578 0.050553832
451 470 487 518 0.05026722
484 326 518 368 0.049805753
108 230 132 263 0.048425928
133 325 156 356 0.04726855
563 478 600 524 0.04713228
151 325 180 361 0.04686216
106 305 134 340 0.045790125
298 397 327 435 0.043989975
142 565 179 603 0.039040778
832 424 864 468 0.038302016
176 324 205 361 0.038139317
47 333 77 373 0.034770727
228 274 257 310 0.034722794
16 8 96 88 0.034209367
349 558 383 600 0.03414628
157 281 184 313 0.03376915
305 540 337 577 0.033611484
172 400 200 437 0.03359862
409 325 438 362 0.032520205
452 246 491 294 0.032101713
253 322 283 358 0.031835202
180 483 206 515 0.030326916
40 562 91 611 0.029511074
207 383 232 413 0.028532386
341 308 369 346 0.02697807
121 403 150 438 0.026532926
823 283 853 322 0.026521912
257 513 289 552 0.026170043
2 224 29 263 0.026035931
246 429 276 465 0.02531792
17 449 50 491 0.025264418
2 507 31 552 0.024801826
433 323 462 360 0.024525186
412 353 443 393 0.024489034
124 274 154 309 0.024150709
225 530 255 568 0.024102217
48 432 79 472 0.024046695
212 455 241 493 0.022733146
7 262 65 334 0.02228819
616 549 675 615 0.022262616
831 486 874 539 0.022007601
129 358 154 390 0.021968162
717 320 754 365 0.02193091
22 329 55 371 0.02086438
840 304 871 342 0.020763382
357 239 395 284 0.020647118
259 348 290 387 0.020354345
527 315 565 363 0.02021228
523 416 574 477 0.020149292
