23_Shoppers_Shoppers_23_461
26
345 20 411 130 0.53613883
170 15 276 148 0.28364792
609 178 640 217 0.10527986
993 141 1019 182 0.06625665
743 142 769 175 0.0655181
808 544 854 601 0.04898224
632 196 664 235 0.048738252
976 128 1004 164 0.044580236
759 175 790 212 0.041894335
918 149 943 181 0.040220287
706 178 738 217 0.04015851
948 122 973 154 0.03537188
947 96 975 131 0.031560965
860 220 889 258 0.031248907
866 126 898 165 0.031235918
794 149 823 185 0.031081237
794 207 819 238 0.030590523
720 123 751 160 0.028150687
791 78 815 109 0.02708218
812 205 840 240 0.025157046
716 95 745 131 0.024516094
528 227 558 264 0.020787233
900 250 940 299 0.0207666
772 93 800 128 0.02073063
664 153 690 183 0.020494914
993 86 1021 126 0.020123992
