23_Shoppers_Shoppers_23_91
83
644 116 676 158 0.93128705
955 230 988 270 0.38397232
292 251 320 286 0.20529693
361 225 390 263 0.19510488
301 201 327 234 0.13878936
209 299 232 328 0.11837873
379 250 409 289 0.11330245
405 253 434 289 0.11037101
564 246 590 277 0.108469784
850 225 876 259 0.10609307
583 237 612 272 0.09419161
744 219 772 253 0.09337523
712 225 738 258 0.09134034
657 231 687 268 0.08684257
618 120 653 166 0.08680571
797 230 825 264 0.08205037
615 249 641 279 0.08199267
898 232 926 266 0.079190716
30 249 56 280 0.07896898
51 251 77 282 0.07888688
337 224 364 259 0.0767739
849 151 878 190 0.07353803
70 229 94 257 0.066171005
431 256 457 288 0.06448025
630 198 657 231 0.06317986
819 173 846 207 0.06240666
453 173 482 208 0.061264846
305 227 331 260 0.061181933
765 229 795 264 0.06106112
104 257 130 291 0.05862283
405 229 433 261 0.05795132
534 123 567 163 0.056874182
179 200 205 234 0.056477938
276 377 304 411 0.05546281
119 272 146 306 0.05545604
283 271 312 307 0.05470971
158 209 183 239 0.05089144
240 256 267 289 0.048528936
284 226 311 259 0.040917333
688 247 721 283 0.04009722
489 172 516 206 0.03926267
504 256 532 290 0.037253436
872 246 903 282 0.03674863
607 271 638 306 0.036683735
349 371 381 410 0.03427363
869 170 899 207 0.033336286
401 124 434 166 0.03326952
-1 481 25 528 0.033099182
382 142 412 180 0.032516733
513 147 538 178 0.032362483
592 140 622 179 0.03227882
809 116 839 155 0.031876225
740 254 774 294 0.031637985
102 201 127 232 0.030958308
668 169 697 207 0.030199273
435 191 466 228 0.029466704
871 279 901 314 0.029465808
255 226 280 258 0.029428802
402 327 429 359 0.029156296
79 273 106 308 0.028700085
30 284 55 313 0.028543437
46 273 73 306 0.02818609
187 254 211 285 0.027361993
283 184 314 223 0.027328188
280 299 308 333 0.027163707
840 279 870 315 0.026789548
200 198 227 233 0.025761481
284 459 309 492 0.025380073
263 203 288 234 0.025375463
504 195 533 232 0.024554897
888 323 915 357 0.023899961
867 305 895 341 0.023358926
362 153 389 187 0.023346148
898 200 924 233 0.022932304
379 207 408 243 0.022830311
456 250 481 283 0.022721257
868 200 898 237 0.022543296
664 268 697 305 0.021378713
75 207 102 238 0.021240788
302 328 330 362 0.02082911
202 225 228 258 0.02068708
502 224 531 257 0.020629076
98 227 122 257 0.020352993
