23_Shoppers_Shoppers_23_22
39
624 250 680 321 0.6778468
416 286 452 331 0.6762948
231 248 269 297 0.5369229
345 281 386 333 0.4876706
330 248 366 298 0.37165362
790 162 844 230 0.33247024
476 272 507 312 0.15665011
531 324 561 365 0.14012937
707 253 744 307 0.13077013
453 379 485 422 0.1281686
806 269 842 317 0.06113018
589 255 636 324 0.04649929
306 275 361 345 0.041964132
414 401 444 438 0.041826267
478 174 510 214 0.03768457
201 259 244 309 0.03616818
39 89 77 138 0.035995156
529 260 565 307 0.03448126
176 20 204 54 0.034343828
501 479 532 519 0.034093894
305 227 346 277 0.033188544
966 8 1013 66 0.031028487
413 321 446 362 0.030250475
871 1 910 40 0.029505894
436 431 466 467 0.029013712
740 101 771 141 0.028897008
531 423 561 463 0.028629886
71 216 120 280 0.02662047
868 255 910 307 0.025630886
98 85 139 139 0.025491513
847 297 879 341 0.02440004
658 227 707 287 0.024086164
813 144 893 239 0.02357024
378 352 405 387 0.023386234
581 218 622 273 0.02331945
995 162 1027 211 0.023083402
461 330 493 371 0.022859616
3 93 29 134 0.022420533
281 269 318 318 0.021660978
