23_Shoppers_Shoppers_23_450
38
418 607 478 680 0.20461449
569 615 619 676 0.15540875
234 229 277 280 0.14156601
841 224 884 280 0.13726066
521 183 565 238 0.11046131
81 500 124 555 0.08691972
879 417 916 465 0.081438
376 214 426 271 0.078908816
85 303 119 345 0.07159176
854 559 898 617 0.06722802
29 311 68 358 0.059719007
515 226 559 281 0.044667438
878 225 927 286 0.042985693
334 111 384 170 0.04274914
189 257 229 306 0.042320646
884 381 921 430 0.042246304
257 253 303 305 0.039477076
72 392 109 440 0.039451536
374 153 434 219 0.03772097
114 269 157 319 0.036506973
654 347 694 399 0.0365039
155 268 194 313 0.034503736
923 254 965 302 0.033322096
896 350 931 395 0.0326172
155 182 197 233 0.030609788
119 385 157 432 0.025279827
494 702 542 760 0.024454575
465 178 505 230 0.02367381
184 141 227 197 0.023027727
81 570 127 625 0.022863602
109 192 155 245 0.022537606
570 772 607 817 0.022532795
152 224 195 274 0.0223212
355 265 396 316 0.022196148
336 142 449 269 0.021981766
506 339 547 388 0.021823876
539 566 588 625 0.02074215
118 341 156 386 0.020246768
