23_Shoppers_Shoppers_23_514
19
738 252 805 341 0.2907282
493 536 537 600 0.22995745
761 148 803 197 0.04788609
275 18 312 60 0.042702623
246 582 280 626 0.042110648
227 508 262 551 0.04137903
642 190 786 374 0.034307893
278 164 315 211 0.030718464
527 46 567 98 0.029596986
272 369 314 417 0.02754523
757 421 796 472 0.02736403
201 564 232 608 0.02714811
656 82 689 128 0.026051415
207 525 237 566 0.025475316
729 126 808 221 0.022752335
449 253 481 295 0.022517916
248 526 285 570 0.022395287
698 34 743 88 0.020869195
278 532 308 569 0.020634823
