23_Shoppers_Shoppers_23_10
54
64 385 100 432 0.59363717
772 303 803 338 0.4500055
636 297 664 331 0.36260828
8 371 47 423 0.29390115
272 309 308 353 0.28375006
468 329 494 363 0.1351303
740 97 775 138 0.10615091
845 282 871 316 0.07015663
797 195 827 231 0.07004537
473 348 506 388 0.06411124
104 331 128 363 0.06365745
995 330 1021 370 0.05823202
148 526 178 566 0.05308005
935 25 972 64 0.052241668
656 299 685 336 0.050559
692 299 719 332 0.04244745
513 77 536 106 0.041442
576 240 609 282 0.03890992
972 349 1003 391 0.038678136
227 482 252 516 0.036636736
815 294 845 330 0.036145896
884 0 919 32 0.035528053
123 329 149 363 0.0352293
746 49 778 85 0.033544153
199 265 231 306 0.032590218
79 360 110 400 0.031516507
230 630 262 673 0.031412747
204 481 233 520 0.031343058
593 22 619 55 0.031341463
377 451 409 490 0.03103439
891 188 932 240 0.030642299
481 308 509 343 0.03035191
723 81 795 164 0.030002343
4 137 48 209 0.027656551
943 436 969 468 0.027500406
528 552 557 592 0.026946433
996 298 1022 338 0.026814263
982 556 1014 602 0.02638245
939 285 977 337 0.025401913
864 610 897 652 0.024728764
866 284 892 318 0.024576023
509 221 585 311 0.023509566
201 392 233 433 0.02317447
48 411 88 465 0.022948341
49 360 79 407 0.02264169
151 322 177 357 0.022267407
620 285 684 358 0.022042142
921 -2 955 30 0.021946616
471 153 614 320 0.021622801
282 476 313 513 0.021612825
229 293 265 340 0.021334533
760 282 824 352 0.020911051
253 389 297 449 0.020798458
897 277 926 316 0.020435425
