5_Car_Accident_Accident_5_448
337
926 558 25 31 0.99214524 
297 539 26 32 0.9850721 
50 436 20 25 0.96703833 
86 393 17 20 0.96127164 
230 373 14 17 0.9493779 
15 340 13 14 0.94828427 
801 430 18 29 0.94184506 
292 390 16 19 0.93881357 
136 347 14 18 0.9335998 
189 446 18 24 0.9278535 
206 412 17 20 0.9212829 
983 238 9 11 0.9019872 
866 232 8 11 0.8733122 
889 406 16 26 0.86365503 
927 259 10 13 0.8348967 
230 293 10 13 0.8104322 
313 260 9 11 0.74374753 
968 246 8 10 0.74135935 
701 403 14 23 0.71481264 
980 317 13 15 0.6953688 
302 276 9 12 0.59548473 
204 353 12 17 0.59157723 
293 470 18 24 0.5399286 
428 239 8 10 0.52868474 
241 619 27 30 0.5228453 
450 219 9 12 0.51399904 
261 346 14 17 0.49240512 
270 262 8 10 0.4903609 
337 267 8 10 0.4528986 
175 284 9 11 0.4461507 
150 311 12 15 0.43582705 
230 333 11 13 0.4303098 
357 248 7 9 0.39250636 
294 432 15 20 0.3858544 
181 323 12 14 0.35635757 
446 239 9 11 0.3346343 
254 347 14 17 0.32530236 
391 440 14 15 0.3183732 
315 367 12 16 0.29668078 
271 213 8 10 0.28232217 
11 364 12 15 0.26657146 
237 239 8 10 0.26049566 
494 406 10 12 0.25498194 
263 263 8 10 0.23386605 
336 237 7 10 0.23278639 
172 341 14 17 0.22952478 
204 333 12 16 0.2279081 
257 264 9 11 0.2098837 
842 199 7 9 0.20572415 
589 472 16 21 0.20042361 
198 307 10 13 0.19865355 
111 223 9 12 0.19795401 
741 469 14 24 0.19781898 
63 296 8 11 0.18930443 
75 371 11 15 0.17648454 
225 265 8 10 0.16526185 
912 201 6 8 0.14901978 
211 344 13 19 0.14851055 
388 206 7 9 0.14484496 
302 210 8 9 0.13623223 
197 286 10 11 0.13219409 
271 294 9 11 0.1307384 
286 441 13 16 0.12918757 
372 230 9 11 0.12893322 
190 422 16 18 0.12875117 
109 238 9 10 0.12753202 
265 287 8 11 0.12534367 
921 232 7 9 0.12524438 
401 238 7 10 0.12489604 
887 201 7 8 0.12215743 
1004 205 8 10 0.12075121 
111 262 9 11 0.120578445 
135 246 8 10 0.118366145 
147 292 12 16 0.11280404 
127 427 14 20 0.11044761 
109 308 8 12 0.10852591 
110 303 8 12 0.10231657 
253 308 9 11 0.10110032 
270 288 8 10 0.101043135 
817 238 10 14 0.0984787 
229 268 8 10 0.09786369 
200 239 6 8 0.087121226 
792 189 7 10 0.08440989 
269 339 13 19 0.08289598 
257 228 8 10 0.08273117 
255 206 8 9 0.08252404 
279 240 8 9 0.08161567 
254 268 9 12 0.08105273 
157 325 14 18 0.08072079 
969 269 9 11 0.0801532 
830 204 8 9 0.079305984 
110 267 11 13 0.07899903 
882 231 7 10 0.078464285 
144 332 11 14 0.076961555 
475 415 14 15 0.076624736 
105 302 9 11 0.07628142 
184 216 7 9 0.07535918 
312 238 8 10 0.074333504 
169 241 8 10 0.07410163 
273 333 12 16 0.073051095 
263 229 7 9 0.07263582 
383 245 7 9 0.0717519 
287 474 17 20 0.07027653 
149 270 9 12 0.06974513 
383 257 8 9 0.068777665 
214 325 9 13 0.06740582 
295 262 8 10 0.0659734 
309 458 15 19 0.06592952 
288 214 7 9 0.06514193 
499 406 9 11 0.064525634 
930 197 7 8 0.0635396 
182 250 8 9 0.06345894 
298 270 10 13 0.06235944 
161 232 7 9 0.061967567 
48 316 9 11 0.061142378 
295 258 7 9 0.059737887 
95 268 9 11 0.05955925 
799 185 7 8 0.05949969 
344 335 12 14 0.059166946 
120 271 10 13 0.058655944 
198 279 9 11 0.05829559 
194 264 8 10 0.058198754 
180 285 9 12 0.05813714 
40 314 10 12 0.05783699 
424 214 8 9 0.057496022 
826 201 8 10 0.0562813 
376 215 7 8 0.05625577 
817 189 8 10 0.056125622 
151 245 7 9 0.055906963 
272 229 7 9 0.05564135 
295 296 9 12 0.05553252 
193 217 7 9 0.05546678 
224 323 12 15 0.055222444 
197 416 19 23 0.054816898 
236 332 10 14 0.054516934 
854 192 6 8 0.053405188 
965 315 9 11 0.053246662 
154 315 14 16 0.05235512 
207 327 12 16 0.051260985 
326 269 9 11 0.050177258 
308 338 12 16 0.049986202 
170 363 17 18 0.049231753 
102 297 10 11 0.04767489 
1001 230 8 10 0.047445588 
375 371 11 14 0.04724827 
221 341 13 17 0.046805304 
274 476 23 24 0.046435636 
496 255 7 10 0.046255555 
649 259 8 10 0.046218168 
887 222 7 9 0.046086367 
520 405 7 9 0.045616638 
176 260 8 12 0.045324013 
128 293 9 12 0.045268033 
239 201 10 11 0.045234457 
325 277 9 11 0.044481546 
164 358 15 18 0.044446666 
322 273 9 11 0.044259783 
390 254 8 10 0.043904006 
470 222 8 10 0.04380237 
117 262 8 11 0.04344877 
1008 239 10 13 0.042866763 
614 271 9 12 0.042692564 
264 280 9 11 0.042233713 
937 207 8 10 0.041529544 
235 293 10 12 0.041347414 
881 215 7 8 0.040766425 
218 226 7 8 0.04064328 
177 255 8 12 0.0404855 
592 478 18 20 0.040115386 
224 193 7 9 0.039848324 
141 285 12 15 0.039790574 
53 373 11 14 0.039739978 
846 199 8 9 0.03952444 
963 247 8 10 0.039287265 
251 270 8 12 0.03898861 
406 238 8 10 0.03889756 
224 214 7 9 0.038705297 
944 208 7 8 0.038546007 
904 238 8 10 0.038237292 
145 238 8 10 0.03791818 
297 473 23 28 0.037287552 
967 284 10 13 0.037181497 
201 233 6 9 0.036644496 
297 231 7 9 0.036563545 
104 263 9 12 0.036206696 
232 255 7 9 0.036180604 
312 209 7 9 0.035969738 
886 217 7 8 0.03586158 
53 310 10 12 0.035670053 
854 254 9 10 0.03540349 
201 207 7 8 0.03534941 
89 268 9 11 0.03530826 
28 362 12 15 0.034605186 
632 448 13 24 0.034384564 
239 284 9 12 0.03410363 
336 201 8 9 0.034068353 
336 206 7 8 0.03396908 
817 186 7 8 0.033883803 
406 378 11 13 0.033175074 
966 251 8 11 0.033097968 
928 333 13 17 0.033066094 
468 215 10 12 0.03304771 
1001 201 8 9 0.033031244 
752 253 9 11 0.032788184 
127 263 8 10 0.032716665 
53 344 12 15 0.03270264 
232 206 8 10 0.032178905 
855 284 9 11 0.032065414 
165 230 8 10 0.032052856 
286 224 8 9 0.031892627 
207 232 6 9 0.03170671 
261 247 8 9 0.031618517 
305 241 8 9 0.031551134 
143 297 13 15 0.03146754 
930 222 7 10 0.031452514 
929 237 7 10 0.03136806 
1001 223 8 9 0.031074237 
102 266 9 13 0.031008495 
272 280 8 10 0.03079907 
196 272 9 10 0.030676695 
793 185 6 8 0.030560456 
306 434 14 15 0.030452609 
839 204 8 9 0.030284287 
369 239 7 9 0.030121056 
176 246 8 10 0.029383326 
809 199 8 10 0.02933007 
150 240 7 10 0.029018106 
926 232 8 9 0.028804785 
204 337 17 23 0.02873078 
228 631 36 30 0.028729977 
193 246 8 10 0.028712044 
239 213 9 10 0.028664283 
301 462 21 26 0.028650194 
303 244 8 10 0.028588116 
215 318 11 14 0.028306063 
296 214 8 10 0.028289592 
992 217 8 9 0.027937107 
147 330 14 17 0.027788796 
197 246 7 9 0.027770229 
224 279 9 10 0.027686996 
906 202 7 8 0.02764718 
217 229 7 8 0.027583964 
402 442 12 14 0.027422134 
551 403 9 12 0.027405083 
89 294 8 11 0.027176498 
377 246 7 9 0.027016493 
224 256 7 9 0.026641559 
246 206 9 10 0.026556449 
336 255 8 10 0.02632054 
129 299 10 14 0.026209453 
344 246 8 9 0.026120929 
458 198 8 10 0.026055261 
225 209 7 9 0.02591967 
146 262 9 11 0.025589012 
370 216 7 9 0.025209239 
400 247 7 9 0.025156677 
275 239 8 10 0.025108712 
189 431 17 24 0.025066545 
248 215 8 10 0.025020981 
462 197 8 11 0.02502047 
468 189 10 12 0.024981162 
849 254 8 10 0.024829451 
425 233 8 11 0.024798816 
240 190 7 8 0.024758395 
296 308 10 12 0.02472631 
173 240 8 10 0.02460535 
250 303 9 13 0.024580827 
985 200 7 8 0.024510384 
319 233 7 9 0.0244572 
959 223 7 9 0.024249982 
328 264 8 10 0.02417283 
414 238 8 10 0.024092456 
1013 238 10 14 0.023999736 
477 238 8 10 0.023786537 
239 264 8 10 0.023745969 
280 214 7 9 0.023725292 
933 194 7 8 0.023650605 
210 332 12 17 0.023529075 
352 207 7 9 0.023301685 
746 451 19 21 0.023186157 
316 237 8 9 0.023178741 
143 278 10 12 0.023161521 
342 201 8 9 0.023026908 
465 221 8 11 0.022994323 
137 224 7 9 0.022963542 
52 315 10 13 0.022922263 
761 181 6 8 0.022835266 
128 239 8 9 0.022786452 
303 308 11 13 0.022715656 
279 231 7 9 0.022714645 
253 275 9 12 0.022702252 
961 253 8 11 0.022690792 
194 239 7 9 0.022614166 
303 368 15 18 0.02260908 
935 215 8 10 0.022598172 
901 232 9 10 0.022589274 
313 233 7 9 0.022368439 
280 244 8 11 0.022236343 
184 237 8 9 0.022196215 
206 293 9 12 0.022177888 
415 223 7 9 0.021975508 
953 252 8 11 0.021946315 
344 323 10 14 0.021866689 
292 447 16 20 0.021787126 
287 245 8 10 0.021785175 
742 455 18 29 0.02176417 
277 279 9 10 0.02172166 
161 245 7 9 0.02152757 
266 350 14 19 0.021456175 
313 214 7 8 0.02145163 
228 336 12 18 0.021434741 
250 255 7 9 0.021408267 
71 340 13 16 0.021398144 
527 405 7 9 0.021383679 
55 302 9 11 0.02136567 
678 324 10 12 0.021294406 
469 185 9 11 0.021290962 
879 207 7 9 0.021272374 
889 285 6 9 0.021203347 
953 248 7 10 0.02113832 
113 296 8 11 0.021131465 
949 285 9 12 0.0210849 
960 263 8 10 0.021067072 
977 322 12 14 0.021046538 
880 200 7 9 0.021028562 
446 201 7 9 0.021024285 
424 221 8 10 0.02092382 
161 239 8 11 0.02087552 
438 173 7 9 0.020852853 
229 311 10 11 0.020833965 
880 271 8 11 0.02062659 
470 412 23 24 0.020609299 
961 230 7 9 0.02044351 
224 651 30 27 0.020291077 
217 256 7 10 0.020088265 
305 333 13 16 0.020019868 
406 198 7 8 0.020015363 
