5_Car_Accident_Accident_5_474
40
553 135 19 23 0.98714614 
801 143 18 22 0.97340876 
346 141 18 24 0.967986 
241 119 19 24 0.9584596 
621 139 21 25 0.9410437 
591 147 20 27 0.9044609 
602 147 17 24 0.586513 
307 150 11 16 0.58218795 
612 144 18 26 0.4871194 
164 98 23 29 0.3284085 
714 132 16 22 0.19862318 
299 142 13 17 0.1776282 
268 177 19 26 0.1401595 
837 37 33 40 0.13069382 
837 141 15 20 0.12062585 
491 124 21 29 0.07204519 
509 125 12 16 0.0713393 
499 122 14 18 0.050573777 
854 340 12 15 0.045480177 
139 105 14 18 0.045078322 
307 142 12 17 0.044559404 
859 30 38 44 0.044271424 
176 98 18 22 0.043098018 
621 126 17 17 0.04282147 
401 140 15 20 0.041903753 
899 157 15 19 0.040146325 
460 284 15 18 0.03706785 
490 139 21 28 0.034424007 
455 81 14 19 0.03269644 
154 109 22 29 0.03238253 
144 105 22 30 0.030357808 
631 143 19 22 0.030164326 
412 117 22 28 0.02864764 
454 74 13 19 0.023095518 
284 140 13 15 0.022966303 
838 339 12 15 0.022461219 
288 258 30 34 0.022454822 
291 170 21 27 0.020814633 
582 152 20 24 0.02053264 
636 133 16 21 0.020284627 
