5_Car_Accident_Car_Crash_5_574
27
778 150 28 39 0.99260384 
729 151 30 31 0.97843117 
354 162 16 21 0.8973617 
133 171 12 15 0.87642443 
87 163 12 18 0.32882977 
416 140 19 25 0.24945839 
163 177 13 15 0.088202834 
255 670 13 18 0.08561624 
48 177 16 22 0.054653965 
424 138 15 19 0.052194823 
10 177 13 18 0.045677584 
235 678 14 21 0.04466481 
409 147 14 17 0.044056788 
295 149 13 16 0.04366469 
33 164 17 21 0.04131927 
294 155 14 19 0.03719574 
80 164 14 18 0.03640081 
24 142 10 12 0.032070305 
41 169 18 24 0.031101104 
312 552 10 12 0.028821431 
217 135 21 35 0.027719732 
727 461 11 12 0.02762669 
90 167 15 18 0.02758761 
399 422 9 11 0.025994418 
13 154 12 15 0.02376135 
97 164 13 16 0.022783717 
384 162 15 19 0.020509206 
