5_Car_Accident_Accident_5_243
19
389 111 12 14 0.8510592 
455 100 10 13 0.68612736 
470 109 11 15 0.50513655 
476 106 11 14 0.42114937 
928 613 9 11 0.13476337 
439 102 10 12 0.102687374 
418 115 13 16 0.052074756 
619 120 18 22 0.04517878 
449 100 10 13 0.04000092 
415 124 11 12 0.031165605 
624 78 23 26 0.030762738 
611 123 24 29 0.028175894 
357 197 115 171 0.025765335 
420 123 11 12 0.024630906 
408 98 10 13 0.023659276 
464 112 12 16 0.022358207 
433 104 9 11 0.02150615 
430 108 9 12 0.02130246 
439 96 10 13 0.020144796 
