5_Car_Accident_Accident_5_202
19
821 74 15 21 0.9843088 
759 82 15 19 0.9385643 
744 88 17 21 0.9248917 
897 83 15 17 0.91841036 
991 71 19 23 0.87138724 
969 66 16 19 0.31515414 
930 79 19 21 0.2429838 
791 83 13 16 0.16090342 
710 85 12 15 0.11193639 
918 76 13 18 0.08454599 
694 95 10 12 0.07767568 
790 97 14 18 0.074354246 
726 87 11 14 0.07050591 
966 149 14 17 0.061661366 
924 77 18 19 0.048697136 
714 88 14 16 0.024999991 
559 96 8 9 0.022523588 
882 101 12 16 0.022159759 
792 89 15 19 0.02075474 
