5_Car_Accident_Accident_5_340
35
38 220 28 33 0.99803144 
195 234 22 29 0.99458545 
986 35 26 32 0.99360967 
101 211 24 30 0.9921079 
886 50 23 30 0.9879066 
688 66 25 30 0.9840152 
844 109 25 32 0.9826676 
950 97 30 32 0.9814517 
266 212 20 25 0.9773536 
167 205 17 22 0.8786811 
765 116 23 28 0.87058187 
343 220 14 17 0.8655112 
555 98 16 19 0.750815 
509 232 24 29 0.70632356 
294 217 11 16 0.695479 
773 112 24 28 0.64629847 
221 224 16 19 0.38686693 
3 204 11 13 0.34798554 
802 106 23 29 0.27803203 
297 206 11 15 0.21686982 
297 212 12 17 0.08756201 
888 83 19 23 0.074295245 
12 213 12 15 0.061597385 
7 245 11 13 0.06119613 
6 208 13 16 0.055971004 
496 91 10 12 0.042641617 
12 207 11 13 0.03848355 
256 221 10 15 0.03423984 
188 205 11 15 0.032574486 
0 209 10 14 0.032403093 
565 131 9 12 0.029841162 
120 223 14 20 0.027922414 
290 213 12 17 0.025457727 
7 221 10 13 0.023603596 
758 143 25 28 0.021768516 
