5_Car_Accident_Accident_5_777
26
759 147 14 20 0.9454894 
824 151 15 19 0.9037894 
501 147 22 25 0.8981941 
633 149 19 22 0.89420253 
796 150 11 16 0.8083485 
724 168 14 15 0.69478965 
598 170 13 15 0.6241287 
628 173 16 17 0.48656327 
549 158 13 14 0.4238505 
524 149 14 17 0.31945646 
729 170 15 17 0.21756925 
378 226 14 16 0.15582559 
539 165 17 19 0.08185453 
883 157 15 20 0.07953694 
381 238 13 15 0.07647054 
243 262 10 13 0.055099323 
987 207 10 12 0.05090952 
513 149 17 20 0.039682753 
779 146 13 16 0.036157787 
628 163 18 20 0.033753186 
532 167 18 20 0.03254973 
984 211 13 15 0.027017334 
602 172 16 21 0.023304904 
426 232 10 12 0.022365145 
161 310 42 52 0.020947052 
592 165 13 17 0.02015123 
