5_Car_Accident_Accident_5_77
58
886 56 27 37 0.9983754 
628 60 24 33 0.9981012 
930 48 37 46 0.99763227 
812 54 25 31 0.9974201 
758 34 25 32 0.99704 
573 65 24 34 0.99675375 
717 65 24 30 0.9956234 
653 60 23 30 0.99443096 
376 61 22 30 0.99430335 
184 77 23 27 0.9938367 
693 68 23 32 0.9929051 
230 68 22 27 0.99276143 
289 77 22 27 0.99070096 
796 56 16 22 0.98566264 
445 85 24 27 0.98431164 
490 68 20 27 0.9780246 
541 77 20 25 0.974625 
438 55 22 27 0.9562275 
113 89 20 24 0.95580244 
589 44 17 23 0.9551177 
979 46 21 28 0.897005 
711 8 12 16 0.8878248 
519 38 15 19 0.87639177 
912 54 21 33 0.872233 
794 22 12 14 0.85308254 
873 58 12 16 0.8513027 
737 53 15 17 0.8007793 
970 45 20 28 0.7793716 
391 0 13 11 0.756904 
960 42 21 29 0.72676504 
32 10 11 14 0.7095994 
83 59 20 40 0.58176816 
737 27 10 12 0.54688483 
800 54 22 27 0.5004962 
677 27 10 13 0.43540588 
2 0 13 14 0.41909635 
616 1 10 9 0.35386127 
22 27 12 14 0.21959372 
138 189 16 20 0.17806636 
321 0 11 10 0.16377088 
473 1 11 9 0.15027273 
477 43 16 21 0.107766 
707 63 23 32 0.08566785 
439 65 24 28 0.06732691 
671 25 11 13 0.059114635 
715 31 16 19 0.037789784 
877 59 22 28 0.037019044 
882 44 12 14 0.034133926 
637 27 13 16 0.03221442 
32 38 11 15 0.03218948 
48 4 11 13 0.031754903 
164 0 14 10 0.02870709 
683 29 11 14 0.028473891 
563 3 19 29 0.027356384 
687 1 9 9 0.026062766 
997 65 13 16 0.024818225 
665 29 10 12 0.023682501 
482 38 15 19 0.023545722 
