59_peopledrivingcar_peopledrivingcar_59_763
18
753 426 818 515 0.95308566
444 204 501 275 0.73338544
983 396 1018 446 0.059822418
538 218 566 253 0.045473598
944 648 1021 723 0.039854582
764 358 795 397 0.037326545
371 457 402 496 0.036552705
914 446 974 528 0.034342818
820 356 853 395 0.03275302
431 371 471 422 0.029265797
681 448 730 519 0.028184375
788 358 821 397 0.027435776
976 326 1009 368 0.027205506
923 355 953 392 0.026530886
631 271 664 314 0.023808483
973 451 1010 501 0.0228535
281 403 315 452 0.021238245
565 206 594 244 0.02116216
