59_peopledrivingcar_peopledrivingcar_59_532
39
735 119 762 154 0.39706233
871 96 896 129 0.18323901
136 56 158 83 0.1721191
57 81 87 117 0.15004937
171 78 201 114 0.13417986
285 73 314 107 0.110737205
0 65 24 104 0.096492074
523 218 556 264 0.07418654
772 103 798 136 0.06801048
86 57 111 87 0.05745523
228 44 255 77 0.055985488
849 100 875 133 0.05098074
149 479 191 529 0.04689393
336 42 366 80 0.043259762
840 156 868 189 0.034177367
459 48 483 80 0.034015503
844 0 872 31 0.02985701
787 122 810 151 0.02938055
854 70 877 101 0.02867279
608 102 639 141 0.028131273
699 120 726 155 0.027797543
738 192 765 228 0.02760697
750 53 775 84 0.02759505
891 123 916 154 0.025311088
932 126 961 163 0.024423666
491 277 519 312 0.024257636
692 252 727 292 0.02420522
194 69 232 113 0.023824053
262 69 291 105 0.023550415
582 263 619 306 0.02336755
253 13 288 53 0.022307869
822 98 848 131 0.022229424
915 169 943 204 0.022188907
513 94 539 126 0.022087405
686 69 714 105 0.021851638
454 182 496 234 0.020508723
435 111 473 156 0.020496188
302 52 328 86 0.020280806
380 97 407 130 0.020124199
