59_peopledrivingcar_peopledrivingcar_59_172
24
778 178 808 215 0.56066716
739 449 771 488 0.15371796
749 126 774 160 0.13870664
681 402 718 448 0.11878695
692 179 719 214 0.064504474
735 295 766 336 0.051252116
815 347 847 390 0.046170022
642 205 668 238 0.04109976
771 373 801 411 0.03691283
664 173 690 207 0.031342622
866 226 892 257 0.029886305
789 354 821 393 0.029037127
794 482 824 517 0.028267052
704 193 735 231 0.027413046
862 169 892 204 0.02439898
951 225 977 258 0.024195097
991 171 1020 214 0.023503048
762 166 822 240 0.023464236
865 120 893 155 0.023131885
971 202 999 239 0.022365011
762 109 788 143 0.021607473
843 331 868 365 0.021060433
707 380 736 416 0.020617554
926 179 950 209 0.020052176
