10_People_Marching_People_Marching_2_307
47
514 155 606 264 0.9980179
661 222 713 284 0.8596891
255 179 336 274 0.6389033
706 331 747 377 0.4396128
79 202 136 271 0.35957482
22 -1 103 81 0.3016219
346 478 412 565 0.21174406
361 620 414 695 0.17537735
857 163 891 207 0.16602778
764 182 799 224 0.13254775
355 361 403 432 0.132365
123 32 172 90 0.07870826
971 231 1020 320 0.075436875
147 14 219 100 0.07492782
790 269 819 308 0.071844146
211 0 283 67 0.058882035
961 103 1022 200 0.0585786
759 270 792 312 0.05675631
607 716 658 763 0.05406727
370 96 418 161 0.049138613
734 228 765 268 0.048419315
323 616 365 667 0.045958914
693 158 726 199 0.044855032
22 318 62 368 0.04320703
736 294 772 338 0.040871162
732 379 776 433 0.038377527
821 242 855 290 0.035827518
347 1 411 64 0.03322605
362 337 465 466 0.032514144
712 239 747 286 0.030809484
918 165 949 207 0.030191354
46 225 96 289 0.030003417
892 164 928 209 0.029629776
478 368 522 434 0.02787269
711 274 751 323 0.027409665
35 125 160 293 0.026833873
690 250 766 342 0.024937226
767 327 800 368 0.023468023
682 333 761 426 0.02331302
652 505 743 610 0.021531677
228 639 299 735 0.021350393
738 187 778 235 0.020864539
579 129 612 171 0.02070123
746 157 779 198 0.020680621
299 287 345 348 0.020675894
99 14 140 66 0.020253556
904 220 934 260 0.02004931
