10_People_Marching_People_Marching_2_2
130
762 416 791 453 0.605444
895 383 927 422 0.409988
737 476 771 520 0.28721642
661 489 692 531 0.2752123
916 487 959 543 0.27509692
876 359 902 394 0.2516263
433 452 458 486 0.25063163
659 392 685 426 0.23412457
244 473 280 528 0.22411671
593 506 627 551 0.2070378
79 386 103 416 0.20353715
515 452 540 484 0.14426862
969 377 994 410 0.14041634
737 249 766 288 0.13286598
792 504 830 551 0.12908119
586 477 619 519 0.12523156
277 407 302 440 0.123732045
824 704 878 759 0.122359045
205 412 233 447 0.11560344
588 403 613 435 0.1139235
964 476 1003 526 0.109740555
533 456 558 487 0.10794577
495 532 532 579 0.10561295
305 450 338 493 0.0974332
810 407 836 440 0.09624486
488 400 513 431 0.0956333
186 499 226 545 0.08996504
562 384 586 414 0.088135876
181 376 206 408 0.087828256
541 399 564 429 0.08472874
512 479 542 518 0.08410763
488 482 513 514 0.08111669
105 496 137 539 0.0790543
719 383 742 414 0.078280434
795 383 819 413 0.07720263
633 425 660 464 0.076266915
620 377 643 408 0.07620752
508 388 531 419 0.07608539
483 434 510 469 0.07517096
405 436 434 473 0.07450084
275 453 308 500 0.07248402
132 429 159 464 0.07133721
146 410 171 442 0.07078343
239 384 264 415 0.06978186
459 554 498 607 0.0684241
229 404 253 436 0.06589279
330 436 358 473 0.061859284
456 453 482 487 0.060105707
766 384 788 412 0.060008597
52 386 76 415 0.059093244
745 385 769 415 0.05854478
100 527 136 576 0.05852658
356 381 380 411 0.057146627
768 500 801 544 0.056763772
456 479 485 515 0.052621305
287 382 312 413 0.052471574
681 499 713 538 0.0516303
300 399 325 432 0.050987396
434 475 464 513 0.0506088
694 381 720 416 0.05046157
410 386 434 416 0.050334163
30 399 60 435 0.048596654
144 474 183 529 0.04843274
251 431 282 471 0.04834073
464 404 489 435 0.047795232
805 476 842 523 0.047632735
613 450 643 488 0.04758727
852 408 879 442 0.047120847
354 453 387 494 0.046529327
98 396 124 431 0.04647748
559 431 584 463 0.04576368
786 455 823 501 0.044763956
794 354 819 386 0.04395691
531 498 572 547 0.043934338
862 425 894 466 0.043640107
382 457 413 499 0.043576792
157 383 180 412 0.04276029
893 448 926 492 0.041986533
490 506 518 542 0.041689936
618 404 643 436 0.041035566
129 380 152 409 0.038730364
813 610 853 664 0.036225576
280 357 305 389 0.03600492
847 377 872 410 0.035710204
353 400 383 438 0.034692362
783 425 815 466 0.033307686
437 402 461 433 0.03225336
815 383 840 414 0.031071013
-2 428 21 462 0.030864267
301 512 330 547 0.030741878
718 500 751 542 0.030447122
792 328 819 362 0.03021017
917 321 949 362 0.029836332
844 449 877 491 0.029792162
689 428 719 466 0.029477702
385 401 412 435 0.029270891
407 476 436 515 0.028864935
183 403 214 442 0.028344255
337 361 359 391 0.027157854
275 501 307 544 0.027103659
840 552 874 598 0.02683484
991 350 1020 392 0.026606407
953 397 983 434 0.02647676
379 111 412 154 0.026306039
909 423 945 468 0.02618181
6 472 44 520 0.025704535
993 297 1023 343 0.025682444
330 507 363 548 0.025643012
108 453 136 493 0.02555561
590 428 617 462 0.02554949
821 328 847 361 0.025011236
816 354 842 388 0.024277035
921 350 952 389 0.02423044
331 476 362 515 0.024033116
565 363 586 390 0.023635536
478 283 511 321 0.02332211
635 360 659 391 0.02267346
11 531 53 578 0.02261171
825 300 855 338 0.022596454
772 360 794 389 0.022516651
384 362 407 391 0.022298345
-2 583 134 743 0.022184415
661 423 692 464 0.022063024
846 661 933 749 0.022048375
745 406 807 478 0.021331498
561 456 589 493 0.02115479
641 551 677 597 0.020948254
992 406 1022 448 0.020909868
25 426 58 464 0.020684779
838 496 875 550 0.020254739
