10_People_Marching_People_Marching_2_277
184
57 183 107 249 0.87720263
327 329 358 367 0.4121089
629 192 655 224 0.30205202
72 343 107 388 0.2846112
111 261 152 312 0.28166816
539 247 566 282 0.2533069
577 348 610 391 0.2434611
559 246 587 282 0.17700383
650 330 679 368 0.16033399
456 255 483 290 0.14979556
490 203 514 233 0.14552175
694 298 723 335 0.14225103
185 247 210 278 0.13366435
738 471 777 518 0.12975727
544 378 572 416 0.12600012
439 273 466 308 0.12199507
458 330 487 367 0.12045571
642 409 674 447 0.11887225
693 181 719 213 0.11741011
659 256 686 290 0.11523319
697 249 721 280 0.11395646
730 376 756 410 0.110823974
262 153 288 185 0.10976436
308 355 335 389 0.10308124
5 212 45 265 0.09843756
427 299 454 334 0.09836881
381 282 410 316 0.09498412
20 273 64 325 0.08997017
750 180 774 211 0.089914
283 281 314 319 0.08875097
351 278 380 313 0.08541353
201 281 229 319 0.084568135
349 420 384 462 0.08444966
433 196 456 225 0.08269474
487 282 510 312 0.07945063
483 222 509 257 0.0792134
227 172 253 205 0.07909252
334 300 366 340 0.07889925
581 276 606 308 0.07168156
543 309 569 341 0.07076261
448 386 483 429 0.070419684
382 198 406 226 0.06856409
510 183 533 212 0.067818746
435 329 463 366 0.06742204
154 297 184 337 0.06633428
974 197 998 230 0.06453542
378 249 404 281 0.06235236
378 483 407 519 0.06022743
225 290 254 328 0.060057353
869 245 894 278 0.059428845
782 278 809 310 0.058614083
249 248 274 278 0.058384348
363 175 385 203 0.05767656
0 345 37 405 0.057510562
507 303 533 335 0.056577552
228 374 256 410 0.056078196
818 193 843 223 0.05597454
976 305 1002 340 0.055864483
666 178 691 211 0.055837333
842 182 866 211 0.055488206
353 353 382 388 0.0548784
255 282 285 321 0.05463798
563 199 587 229 0.053631652
564 326 594 364 0.053403944
234 230 260 263 0.05277841
782 303 813 342 0.052642755
463 152 488 184 0.05091646
384 356 414 391 0.048932385
417 181 441 211 0.047393333
920 234 945 265 0.047380812
519 244 547 280 0.04712936
362 228 386 258 0.04651229
359 203 382 232 0.046280134
560 151 583 179 0.046046216
352 154 378 186 0.045710586
51 463 82 504 0.045534477
942 355 965 385 0.044627555
74 401 106 442 0.04305495
117 458 168 517 0.042871438
172 468 206 512 0.041815948
384 320 416 356 0.041808534
480 249 506 284 0.04154299
839 278 864 310 0.04142597
334 207 357 237 0.041117094
303 201 331 237 0.04066542
464 200 487 229 0.040494915
620 253 647 288 0.040311065
892 347 916 379 0.04023958
732 401 760 436 0.040129766
843 300 869 333 0.039822653
17 621 55 664 0.039705615
590 197 613 227 0.039476734
52 621 89 664 0.03929751
740 625 772 667 0.039025754
304 130 327 161 0.038625695
892 198 916 227 0.038305048
538 179 561 209 0.037954114
587 149 611 179 0.037934344
299 255 328 289 0.037667878
510 430 538 464 0.037368152
457 300 484 332 0.037077416
951 198 975 229 0.03691362
479 485 508 519 0.036834277
785 250 810 282 0.036468793
18 172 57 223 0.036377776
665 305 691 338 0.036330845
918 193 944 223 0.035568804
334 257 358 287 0.0346664
710 232 735 264 0.034297876
768 324 795 357 0.03424747
614 410 643 445 0.03347955
503 401 529 434 0.03321388
872 200 896 228 0.03259279
285 222 312 258 0.03247859
869 301 893 331 0.03246802
322 376 351 411 0.032188427
891 229 919 264 0.032133628
100 153 129 191 0.031191392
582 413 609 446 0.031077549
171 321 204 360 0.03100052
281 403 308 438 0.030928975
684 378 709 412 0.030869197
872 351 895 380 0.030369418
408 282 434 316 0.03021505
558 417 586 453 0.030050116
255 607 304 665 0.029995156
821 249 848 282 0.029200047
488 180 511 210 0.029051542
487 382 516 419 0.028998
947 329 970 360 0.028919945
286 354 313 389 0.028868567
173 534 208 576 0.028813422
531 429 558 464 0.028749006
902 183 926 211 0.028626816
335 174 357 201 0.028565142
478 348 506 383 0.028502055
611 521 655 574 0.028470594
47 395 84 446 0.028256744
845 252 870 283 0.02809275
770 230 797 263 0.02757174
121 196 152 239 0.027150396
168 373 206 416 0.027116172
977 273 1003 308 0.027101552
940 275 963 306 0.02701457
332 401 362 441 0.026460528
151 224 178 260 0.026303047
152 253 179 290 0.026259422
610 156 633 184 0.025469255
180 179 204 212 0.02533828
838 329 863 360 0.025089743
204 426 229 457 0.024832724
486 455 516 492 0.024779504
996 219 1021 256 0.024765316
125 153 154 190 0.024670035
604 457 635 495 0.024425583
810 118 843 157 0.024199557
583 229 608 261 0.02418103
231 197 258 230 0.02403282
710 158 736 188 0.023871128
402 482 436 523 0.023832403
93 374 127 417 0.023626316
827 432 864 476 0.023360515
248 510 284 550 0.023319645
436 226 460 255 0.023258742
797 198 822 228 0.023195546
616 327 643 361 0.022588506
2 415 37 476 0.022542031
685 403 712 437 0.022300607
458 102 483 133 0.0222448
306 177 330 207 0.021935217
249 377 277 412 0.021921253
0 300 36 350 0.021903858
666 233 692 266 0.021449758
130 318 165 361 0.0211722
158 174 184 209 0.02097384
214 156 237 186 0.020629464
95 428 135 476 0.020557387
407 225 431 255 0.020552212
583 300 611 333 0.020541439
412 403 440 440 0.020532764
942 378 970 412 0.020457393
431 146 458 179 0.020442285
717 425 744 457 0.020376634
10 114 49 160 0.020301355
