10_People_Marching_People_Marching_2_395
149
586 192 614 226 0.6189502
229 171 255 204 0.59633577
838 221 863 251 0.58521616
930 146 960 184 0.46663406
468 195 499 232 0.45157057
410 218 439 253 0.44468397
332 230 357 262 0.4211234
747 220 775 254 0.4154341
971 192 1000 228 0.40274537
98 191 129 229 0.40026295
274 404 301 441 0.29504755
898 225 926 258 0.28909013
161 183 186 214 0.25039962
58 224 85 257 0.24271224
641 282 665 313 0.20894577
285 250 314 286 0.2027151
310 230 338 264 0.19984294
575 350 611 392 0.16345502
697 251 721 282 0.1589293
521 199 547 233 0.14962935
310 335 337 369 0.14319912
357 230 384 265 0.13565339
768 248 796 284 0.13520549
635 251 661 284 0.13276638
49 203 75 237 0.12863456
790 251 817 285 0.12640412
951 173 983 214 0.11799055
405 342 440 382 0.097678244
662 283 687 315 0.09172852
713 178 739 212 0.08650013
917 249 945 282 0.08612909
477 329 513 368 0.08553064
384 225 411 260 0.08523941
327 347 356 383 0.08214728
916 282 943 315 0.081920244
665 224 689 255 0.08086608
716 300 741 330 0.07892555
524 377 552 412 0.076588474
245 463 272 500 0.07658495
188 279 219 316 0.075355984
798 204 821 235 0.07345241
817 277 841 308 0.07195413
277 350 304 383 0.06924494
878 204 901 235 0.06903082
539 281 564 313 0.06595021
644 230 669 262 0.063035
311 466 344 509 0.061723236
950 251 974 282 0.060557846
103 341 136 382 0.058734838
699 279 724 311 0.05661499
951 229 976 260 0.05545067
896 361 921 394 0.055240925
820 334 846 367 0.054193277
795 352 819 382 0.050172694
640 333 666 366 0.049659573
607 179 635 215 0.04932116
738 98 767 138 0.048006576
513 256 537 286 0.047787398
737 305 764 336 0.04754652
796 383 822 414 0.04647418
906 300 933 335 0.04395864
645 204 669 234 0.04376243
944 514 969 546 0.042699058
12 250 41 283 0.041632
796 179 819 208 0.041062452
121 177 152 214 0.04065131
716 120 744 155 0.03981863
248 155 276 190 0.038847823
479 220 508 255 0.03883741
118 272 149 310 0.038587414
998 379 1022 415 0.03837157
300 273 328 306 0.038287055
610 226 639 261 0.037130404
921 358 946 391 0.03691531
513 221 541 255 0.036824886
769 346 797 382 0.03655352
739 350 770 387 0.03617919
769 175 795 206 0.03606355
875 359 903 396 0.03583238
330 273 358 305 0.035511523
839 249 866 282 0.035402324
148 218 179 254 0.035115115
210 156 235 188 0.034146473
514 279 539 311 0.033865683
427 250 454 281 0.03385104
426 152 455 191 0.033779304
509 303 534 334 0.033642158
146 309 178 348 0.033199016
407 375 440 416 0.033101663
539 257 566 288 0.032993324
281 304 307 335 0.03297572
558 278 584 310 0.03288849
820 178 846 210 0.032018635
820 151 846 182 0.03198569
798 301 824 332 0.031976387
619 414 644 447 0.03183092
992 177 1022 217 0.031390592
720 230 746 264 0.0313047
262 328 287 361 0.030662367
461 303 487 336 0.030181246
692 153 719 187 0.029946612
837 274 865 307 0.029629076
971 218 1001 255 0.02930108
817 385 843 418 0.02920836
175 222 203 255 0.028894538
945 274 973 308 0.028707791
694 331 719 362 0.028650017
260 254 286 288 0.028293246
744 173 773 209 0.028213063
404 11 440 52 0.027346427
946 301 975 336 0.026619215
358 353 385 388 0.026236752
28 195 56 229 0.025959745
951 331 983 368 0.025914583
901 327 927 359 0.025559975
307 305 334 336 0.025403013
669 152 695 187 0.02513069
588 213 622 253 0.02505362
841 333 867 366 0.02494844
433 334 460 370 0.024735881
381 370 415 412 0.024582494
227 327 259 364 0.024495564
669 249 696 283 0.024136458
922 407 947 438 0.02391545
915 202 946 240 0.023543932
487 248 516 282 0.023506403
696 203 721 234 0.023371706
435 275 465 310 0.023339322
299 403 328 443 0.023273706
660 331 690 367 0.023076544
742 276 770 310 0.023010707
870 45 897 80 0.022941567
21 277 47 308 0.02234812
312 433 337 467 0.022120198
691 51 717 84 0.021965662
203 194 232 228 0.021890735
641 116 670 152 0.021813117
532 11 570 54 0.021720696
712 152 739 184 0.021358443
623 303 646 332 0.02135587
158 461 189 502 0.021281347
663 121 689 155 0.021106416
560 255 587 287 0.020950837
259 426 288 462 0.020845901
484 374 515 411 0.020691069
589 248 620 284 0.020560777
410 44 443 86 0.020487653
620 95 647 131 0.02042341
375 272 407 309 0.020016061
