10_People_Marching_People_Marching_10_People_Marching_People_Marching_10_499
22
787 1 820 36 0.12214095
813 13 846 51 0.084104635
799 174 832 213 0.060532313
793 120 824 159 0.053652324
718 148 747 186 0.04857371
377 228 414 273 0.045475863
455 357 480 387 0.037674602
898 1 933 39 0.033583395
936 30 981 89 0.032621082
834 2 871 40 0.032211103
744 72 770 106 0.02971564
487 311 512 341 0.028668964
706 122 740 164 0.025609965
492 360 518 390 0.024948407
614 325 637 353 0.024401182
590 55 618 89 0.021837924
560 21 585 52 0.02129521
638 49 669 86 0.02107882
963 119 1015 176 0.021013407
431 299 459 332 0.020913638
859 90 894 133 0.020825492
888 21 965 113 0.02023489
