10_People_Marching_People_Marching_2_173
69
792 506 818 539 0.45686877
179 676 243 750 0.33302632
457 663 501 715 0.15655954
746 508 770 539 0.121587396
564 529 591 565 0.086950906
926 487 952 521 0.08327298
844 429 871 462 0.08263826
939 447 970 485 0.08017885
816 460 841 491 0.06891024
811 481 836 514 0.06390179
894 456 921 490 0.061771564
836 609 861 640 0.058708984
967 540 1003 589 0.05697073
717 507 741 539 0.05691502
866 436 894 471 0.056790207
457 489 480 517 0.046911124
866 507 892 540 0.044483196
691 488 714 517 0.042732418
785 588 812 624 0.041904792
969 431 995 468 0.04163072
333 500 360 534 0.041183937
440 485 461 512 0.03985743
902 481 925 511 0.039116483
356 496 382 529 0.038973533
771 522 800 558 0.038967308
769 604 803 648 0.03876729
280 434 306 466 0.038437646
888 564 916 598 0.036069617
259 336 281 365 0.035997882
825 584 849 616 0.035086114
849 533 880 570 0.03338285
357 355 382 386 0.032896142
993 478 1018 513 0.032355726
976 304 1009 354 0.03216723
616 528 644 564 0.031730127
28 430 55 463 0.031594645
850 489 875 521 0.031413592
582 512 609 547 0.030048901
670 484 694 515 0.029522285
824 630 851 666 0.028679967
644 553 668 586 0.028564973
848 351 879 391 0.028278265
994 399 1022 439 0.028134298
26 455 55 490 0.027650412
368 433 391 461 0.027124945
438 459 461 489 0.026865277
517 489 539 518 0.026469449
759 377 789 413 0.02639591
411 512 436 545 0.026372682
823 410 847 443 0.0263427
100 631 138 680 0.026123434
542 408 570 443 0.025209917
478 531 503 563 0.025038386
948 370 979 410 0.024974024
466 507 489 535 0.024940614
721 426 748 463 0.024130538
790 429 815 460 0.023968492
665 537 688 567 0.023810755
774 489 799 520 0.023295688
3 407 26 440 0.022759017
975 404 1000 440 0.022636294
0 708 36 763 0.021382872
760 644 800 698 0.021326248
569 481 592 510 0.021298489
694 527 722 561 0.020946162
154 459 180 491 0.020729909
697 606 781 709 0.020548612
258 385 281 413 0.020302465
11 657 103 757 0.020296413
