10_People_Marching_People_Marching_10_People_Marching_People_Marching_10_People_Marching_People_Marching_10_162
67
289 380 312 409 0.14353828
557 346 582 379 0.1162988
494 380 518 409 0.10127792
620 332 643 362 0.07899125
311 187 339 221 0.07782289
636 225 660 257 0.055479813
75 334 100 366 0.055060178
180 280 205 311 0.05134281
823 299 850 332 0.05134273
308 311 331 338 0.05042951
260 222 286 254 0.049593065
441 388 463 415 0.04806709
231 334 256 366 0.04772224
609 350 633 381 0.046709057
624 395 661 438 0.04559834
253 338 277 367 0.045338195
662 357 687 386 0.043108102
104 305 130 337 0.042378336
184 351 207 380 0.037429985
624 308 649 340 0.035925474
390 125 421 164 0.03589376
707 326 736 361 0.03423063
210 231 232 259 0.033582818
385 258 407 286 0.032552805
432 308 454 335 0.03220023
132 280 154 308 0.03217604
50 327 76 360 0.031344432
399 510 430 551 0.03125634
739 39 785 89 0.030122578
153 281 177 311 0.02836705
210 333 232 362 0.028007248
129 327 156 360 0.026779713
886 329 915 365 0.026636098
388 383 410 409 0.02620475
503 361 529 394 0.025537612
342 361 364 388 0.025274638
468 306 489 331 0.024634607
414 464 437 494 0.024602387
593 332 618 364 0.024229664
362 306 381 330 0.023712834
665 256 693 291 0.023655038
229 279 253 309 0.023048202
822 330 850 365 0.022907598
516 286 538 313 0.02259366
286 308 307 334 0.022437828
246 402 275 436 0.022338614
202 304 226 335 0.022286953
690 375 717 408 0.02192644
465 285 488 313 0.021896243
82 284 107 316 0.021594338
151 335 173 364 0.021585388
436 284 458 312 0.021563753
259 280 283 309 0.021348612
229 255 253 284 0.021237604
37 306 61 338 0.02113214
155 385 177 414 0.02087552
759 256 792 295 0.02081095
127 256 151 288 0.020631822
332 307 353 333 0.020616453
410 382 431 410 0.020369928
154 253 179 286 0.0203471
13 535 42 571 0.020319559
108 382 137 418 0.020293096
202 352 225 381 0.020225141
48 383 78 419 0.02008337
285 251 311 284 0.02001414
430 506 461 544 0.020001765
