10_People_Marching_People_Marching_10_People_Marching_People_Marching_10_People_Marching_People_Marching_10_716
65
767 266 844 357 0.99662113
325 348 381 413 0.9363686
114 437 157 492 0.8533422
502 283 569 363 0.8230335
194 410 235 459 0.6894465
465 471 554 571 0.42168248
65 512 110 566 0.38926607
3 432 38 482 0.38808548
779 474 851 560 0.38673162
155 331 184 368 0.29607978
72 446 105 487 0.28835174
186 515 235 573 0.28820777
270 379 305 423 0.18076724
252 327 281 364 0.17168306
284 526 330 582 0.14526506
8 322 36 362 0.12170073
100 354 128 389 0.11572197
130 377 157 412 0.10990167
47 302 73 336 0.10662916
65 373 99 416 0.08024409
5 578 38 625 0.078202404
217 372 247 411 0.0654332
42 543 78 587 0.05778255
629 628 678 686 0.05775933
784 221 835 281 0.05425803
192 625 244 679 0.053049736
902 418 972 512 0.052664634
487 194 515 228 0.050567195
28 276 54 307 0.047482476
430 318 474 374 0.044672005
127 304 153 337 0.04333227
108 603 153 657 0.042808753
254 225 279 257 0.038662083
81 255 109 289 0.03842144
70 473 109 520 0.038362246
282 598 330 651 0.0375949
126 561 163 609 0.03591814
0 533 25 571 0.035765737
704 531 753 592 0.03568523
71 327 102 363 0.034964666
279 280 307 315 0.034560096
126 407 161 449 0.034252305
742 167 779 214 0.03238043
131 324 159 361 0.031070765
581 518 631 583 0.029888986
398 512 473 611 0.02984554
175 442 216 492 0.029680535
608 460 659 534 0.02846042
661 575 724 659 0.028352723
733 183 816 280 0.027923621
231 307 258 342 0.026719095
886 529 923 578 0.026661921
335 303 370 345 0.025419734
905 568 978 656 0.025031496
260 283 286 318 0.02463292
889 217 979 316 0.024127977
237 603 281 657 0.02407947
93 275 121 309 0.023596326
24 513 57 552 0.023300448
215 439 257 490 0.023050487
6 271 30 304 0.02260641
170 376 202 416 0.021824738
380 249 414 292 0.021583913
53 421 92 473 0.02102271
550 243 581 285 0.020304346
