10_People_Marching_People_Marching_2_678
77
721 275 743 302 0.21622403
56 261 77 288 0.1816881
105 308 129 338 0.16155972
625 278 646 304 0.15460742
512 297 535 327 0.1482029
299 281 324 311 0.09968511
204 305 227 335 0.09811887
340 256 367 291 0.08178729
160 311 182 341 0.07238454
386 273 411 303 0.06910099
203 328 227 357 0.06847461
229 300 254 331 0.06618793
674 182 715 233 0.061400734
438 287 462 317 0.061262436
746 259 772 292 0.059829127
843 280 865 307 0.05937064
619 223 645 256 0.055082757
248 281 273 311 0.053799946
104 247 125 276 0.05253266
379 381 402 411 0.05204099
25 311 48 340 0.04764241
975 333 999 365 0.047412384
743 308 767 335 0.046850238
71 257 94 287 0.04105538
181 306 204 337 0.03976918
463 251 486 280 0.03951504
52 304 76 332 0.03935147
406 258 429 287 0.037329197
563 97 595 136 0.036476746
457 284 479 313 0.036362357
283 253 306 282 0.036347594
995 350 1018 384 0.036308147
752 200 782 239 0.035063528
619 88 650 129 0.034861375
360 309 383 339 0.034526702
308 355 334 389 0.034029618
277 357 302 389 0.033086106
448 430 476 466 0.031830914
257 334 280 364 0.03092433
673 309 697 338 0.030507583
877 286 898 312 0.030251529
903 335 925 363 0.029478816
201 353 227 385 0.029014539
632 260 656 290 0.028754635
694 117 724 152 0.028603794
892 284 913 310 0.02855136
57 374 81 404 0.028325398
248 415 275 447 0.028288038
80 308 102 336 0.027940221
304 413 328 444 0.027860593
180 404 203 432 0.027185772
178 233 203 266 0.026728079
953 354 976 382 0.026651045
339 411 365 443 0.026501598
560 334 583 363 0.02639324
229 330 254 361 0.02579929
333 307 357 338 0.025043549
289 300 315 333 0.024767265
872 336 894 363 0.0244202
953 329 977 359 0.024003813
593 310 614 336 0.023844816
823 334 847 362 0.02379814
379 304 406 335 0.023694014
530 280 560 316 0.023637813
718 306 744 338 0.022921931
945 123 975 163 0.0228935
686 396 711 430 0.022285251
580 119 608 156 0.02222923
105 358 131 388 0.022066886
306 327 334 359 0.022002233
841 303 863 330 0.021541523
512 258 539 293 0.021210693
915 356 938 385 0.021128047
327 481 352 511 0.020398952
766 273 790 303 0.020194843
431 328 456 358 0.020046892
460 189 485 225 0.020016886
