10_People_Marching_People_Marching_2_401
155
638 535 711 631 0.99024594
198 355 242 412 0.9738332
335 407 396 485 0.95041263
676 416 715 465 0.9236807
865 518 932 617 0.78844434
94 517 146 587 0.76274604
736 306 767 343 0.7295859
802 285 843 333 0.6965673
721 377 758 422 0.612869
554 490 605 554 0.5709667
656 356 685 391 0.47173047
28 416 65 462 0.36348623
663 257 691 293 0.35244155
105 282 129 312 0.32763487
46 284 71 316 0.3214703
867 257 895 294 0.27899885
502 396 534 437 0.25382468
564 259 588 291 0.2481393
925 258 950 289 0.23462103
205 304 231 337 0.23280613
282 297 306 328 0.21478634
255 277 279 310 0.21250251
750 248 778 285 0.20830008
488 260 515 294 0.18193716
354 333 379 364 0.17365146
634 400 663 438 0.1709434
579 274 604 305 0.15828124
341 278 365 309 0.15708384
505 282 532 317 0.15594523
67 599 110 652 0.14861788
68 324 96 360 0.14617945
641 251 667 284 0.13720426
630 461 679 520 0.1313036
126 321 156 358 0.12913917
120 400 148 436 0.12656802
544 244 569 276 0.11876868
106 448 136 485 0.11377372
331 348 365 389 0.09815901
731 425 765 469 0.09800678
184 270 210 303 0.0976371
874 398 907 442 0.09606755
-1 354 22 391 0.089289844
619 226 642 255 0.087446585
946 322 978 364 0.08610953
386 310 407 338 0.0849119
766 198 790 229 0.08469272
422 233 447 264 0.08219317
74 252 98 282 0.07475751
151 399 178 435 0.074184164
836 348 866 385 0.07194354
791 379 824 424 0.070267886
306 273 330 305 0.0634427
893 255 920 289 0.06205359
357 258 378 286 0.061182212
434 350 461 385 0.059480548
841 399 871 439 0.058833998
23 347 52 384 0.058615725
535 346 567 387 0.055872466
623 252 646 282 0.055152874
224 302 251 335 0.054367226
239 256 264 287 0.05419259
896 230 922 262 0.05354819
123 224 149 257 0.052913178
716 207 738 236 0.05245669
642 334 669 370 0.050771665
871 199 897 232 0.05073156
992 249 1021 292 0.049594674
789 353 816 390 0.04858563
718 250 743 283 0.048582118
79 280 104 313 0.047653105
974 226 998 258 0.046954356
685 252 714 289 0.046795413
294 470 329 516 0.045593414
813 392 848 439 0.044851366
582 300 607 332 0.044527017
310 327 334 358 0.044511735
531 299 556 330 0.043972462
384 249 409 281 0.043901008
921 236 945 266 0.043596007
557 331 586 368 0.04342138
517 235 540 264 0.04205212
127 200 151 231 0.04110185
272 379 305 418 0.04078759
935 574 977 628 0.038492247
612 434 642 475 0.03783707
592 226 615 254 0.03755827
698 227 722 258 0.03713649
814 228 842 259 0.03649198
635 425 671 469 0.035186302
29 254 52 282 0.035069752
255 403 285 441 0.035042398
873 356 904 395 0.034126077
380 349 411 388 0.03395675
334 301 358 330 0.033704605
682 301 715 342 0.033650406
74 378 101 413 0.033411946
54 234 79 265 0.033278055
72 353 101 388 0.03243606
871 228 898 261 0.03160169
955 201 981 233 0.03159704
710 444 748 491 0.031384677
696 499 747 561 0.030968372
259 351 291 392 0.03073846
0 451 25 488 0.03052773
869 622 909 672 0.030157818
890 415 927 461 0.030004134
616 327 645 365 0.029521864
102 315 135 357 0.029443085
794 207 818 237 0.02931523
729 519 775 583 0.028404273
784 415 824 467 0.028353231
951 228 976 258 0.027712075
864 305 896 343 0.02701914
745 206 769 237 0.026812479
75 405 103 442 0.026764335
308 372 338 411 0.02666791
489 300 516 334 0.026600027
50 378 78 413 0.026407572
159 256 185 290 0.026362464
583 351 611 387 0.025800547
136 522 177 577 0.025694167
201 226 224 256 0.025470242
684 356 715 398 0.025323583
65 426 96 469 0.0249477
177 487 209 527 0.024793694
147 181 172 212 0.024663612
512 332 545 371 0.02445254
48 352 77 387 0.02442182
359 304 382 334 0.024401354
100 357 128 392 0.024239922
413 351 441 387 0.024128858
427 370 461 414 0.024104772
24 379 55 416 0.023805046
273 424 306 464 0.023755597
762 227 791 263 0.023563169
566 404 593 437 0.023299593
847 549 984 706 0.023044307
716 276 743 310 0.022932004
936 267 967 305 0.022903346
0 303 21 333 0.022802137
811 255 843 293 0.022746168
972 347 1001 385 0.022694731
560 234 584 265 0.022537852
588 432 620 471 0.022468356
429 203 452 232 0.022455212
993 347 1023 390 0.021547616
851 230 877 262 0.021369347
277 326 307 362 0.021041706
798 322 832 363 0.020879945
466 255 494 291 0.020804334
751 178 776 210 0.020771982
147 351 179 392 0.020758193
490 227 511 254 0.020410221
486 207 508 235 0.020067718
29 230 55 263 0.02002919
