10_People_Marching_People_Marching_2_822
37
319 80 395 173 0.9921325
514 153 587 245 0.9890354
671 222 752 316 0.9872961
167 137 198 179 0.8542256
40 124 72 162 0.3074906
100 126 127 162 0.19473055
893 246 921 282 0.15846954
297 -6 363 62 0.09603509
23 145 52 180 0.09594972
80 148 107 183 0.09003285
54 225 84 265 0.082135275
171 58 204 103 0.08152452
809 146 846 198 0.07465228
971 267 1022 355 0.074062854
254 133 291 178 0.06206179
924 188 958 230 0.056028172
86 97 110 130 0.05321298
23 101 60 144 0.04200743
0 175 25 210 0.0401281
48 167 80 206 0.038493104
461 146 532 242 0.036850497
1 90 29 128 0.036719587
94 72 121 109 0.03139466
75 198 107 238 0.030589562
124 146 152 182 0.028431276
27 223 57 263 0.028113218
97 14 124 51 0.027625058
916 383 955 433 0.026146613
130 171 161 209 0.024679631
609 -3 653 43 0.023133004
246 317 358 422 0.023088563
260 100 327 185 0.022171287
817 269 851 315 0.020799734
912 249 948 294 0.020754933
52 268 86 315 0.02047345
499 15 544 76 0.020209288
82 51 110 87 0.02009845
