10_People_Marching_People_Marching_10_People_Marching_People_Marching_10_People_Marching_People_Marching_10_674
222
73 392 109 436 0.2935886
276 482 305 519 0.2862764
668 385 691 414 0.2859251
267 456 297 491 0.24534766
788 557 821 595 0.24252006
695 559 727 598 0.24085994
403 458 430 493 0.20731777
720 363 744 394 0.19892511
691 602 731 651 0.19239132
465 353 489 383 0.1912924
354 512 377 540 0.18832107
796 323 818 352 0.18801726
594 377 618 406 0.18701434
304 486 328 517 0.1770267
183 210 206 239 0.17672989
745 376 768 404 0.17666465
409 380 435 410 0.15727942
337 460 361 491 0.13430065
380 335 404 365 0.12647821
260 313 282 342 0.12633277
4 359 29 396 0.12071395
826 506 852 538 0.11883304
541 354 564 385 0.10502966
449 528 476 564 0.101553954
481 480 506 511 0.100069456
976 323 1000 356 0.09941963
765 356 788 387 0.094436
565 361 589 393 0.09258122
512 359 535 388 0.09210493
792 278 816 305 0.08935852
275 328 298 357 0.0886669
519 613 545 645 0.08677455
872 328 895 356 0.085659884
618 531 649 570 0.08448416
951 307 978 340 0.08433494
835 616 870 656 0.08184378
331 329 353 356 0.07944822
486 362 509 392 0.07924493
995 524 1022 565 0.078755796
775 282 795 309 0.078246914
773 537 805 578 0.07627574
644 355 666 385 0.072848745
718 307 741 334 0.069869235
235 310 256 338 0.06886715
615 362 640 394 0.067328095
407 433 436 471 0.06730509
356 485 381 515 0.06717914
666 281 688 308 0.064889714
252 539 279 574 0.06427165
435 461 463 497 0.0642476
927 375 952 406 0.0639734
688 382 711 411 0.062497374
337 530 365 563 0.06125541
997 325 1021 359 0.061095353
558 281 580 307 0.060663875
388 482 411 511 0.05875022
867 281 889 309 0.057904832
773 335 795 363 0.05781792
699 363 723 394 0.057352412
841 230 863 258 0.056175623
945 285 970 314 0.056002792
560 306 582 334 0.054762647
973 511 1001 546 0.054606445
845 579 879 617 0.054415256
467 463 491 496 0.053764865
442 335 464 364 0.052650943
867 358 891 387 0.05205163
183 262 205 290 0.051875196
898 305 922 334 0.05153215
845 380 867 409 0.051293816
381 255 408 287 0.051041216
486 304 507 332 0.050184507
645 405 670 436 0.049837682
314 459 339 490 0.049774077
800 387 824 416 0.049507942
410 406 437 440 0.0493688
79 283 102 312 0.04846977
721 282 743 308 0.04798316
824 276 843 301 0.047934156
852 308 877 339 0.047920726
516 585 544 619 0.04767217
616 279 639 306 0.0472566
511 304 534 334 0.046762012
748 281 770 308 0.04673279
52 281 76 312 0.04590897
179 407 206 440 0.045814943
946 377 971 408 0.045770004
150 474 190 523 0.045601442
593 311 617 341 0.045064397
650 382 673 411 0.044894826
613 259 636 285 0.043326784
466 302 490 333 0.043016836
515 336 538 364 0.04202787
153 405 181 438 0.041509576
644 283 667 311 0.041253045
845 259 867 287 0.041172937
357 274 379 303 0.04071513
596 256 617 282 0.0405346
198 428 226 463 0.03945365
672 556 701 593 0.039276876
309 309 333 341 0.03921484
201 328 225 357 0.03769638
848 407 871 435 0.03738106
844 488 873 526 0.037260573
744 555 773 593 0.037085503
762 380 785 409 0.036455944
825 311 848 340 0.036196347
561 261 584 288 0.036022455
435 558 465 596 0.035966173
669 510 695 543 0.035738826
199 355 224 387 0.035452727
26 219 53 251 0.035071068
280 531 306 566 0.0336716
132 284 153 313 0.033658165
482 429 508 462 0.033536594
634 513 663 548 0.033529185
953 408 980 442 0.03333588
227 482 254 518 0.033274792
233 259 256 289 0.032729164
689 403 714 433 0.032659937
867 462 896 498 0.032458782
662 362 688 394 0.032440104
432 380 458 412 0.03218544
867 408 894 440 0.03204447
560 331 582 360 0.031767428
892 327 918 358 0.031744592
337 278 361 308 0.03165211
485 503 510 536 0.031620476
382 541 409 573 0.031416107
539 459 566 493 0.0311159
534 514 565 550 0.031100295
330 207 356 240 0.030497175
954 538 981 571 0.030304838
390 381 416 413 0.030183459
593 403 619 435 0.030053917
924 412 948 441 0.029991291
359 431 385 464 0.029784445
333 438 358 469 0.029597722
796 480 823 516 0.02953693
125 431 153 465 0.029510817
875 259 899 289 0.029414851
516 536 542 570 0.029219383
514 412 539 441 0.029193478
819 527 852 568 0.028885892
406 560 433 596 0.028677126
464 375 489 406 0.027809639
147 582 184 625 0.027790532
929 252 953 280 0.027673537
358 379 385 413 0.027241241
868 528 901 567 0.02699314
176 383 201 414 0.02696391
744 506 771 539 0.02666107
538 431 565 464 0.026457984
283 352 306 380 0.026397366
306 532 332 564 0.02619455
692 262 712 286 0.026136683
847 430 873 461 0.025888225
699 309 720 335 0.025878599
722 485 748 518 0.025868021
18 373 46 409 0.025813945
776 306 797 333 0.02580438
101 431 132 467 0.025550257
694 452 721 487 0.025456771
204 274 228 304 0.0253607
362 353 388 386 0.025321158
429 431 459 469 0.025247704
769 579 798 616 0.025183687
821 435 847 468 0.025161216
717 456 743 489 0.024911454
673 260 694 286 0.024893489
974 278 998 308 0.024676805
361 309 382 336 0.02436178
205 458 231 490 0.024293102
409 254 433 282 0.024286337
530 627 560 663 0.023980519
976 384 999 414 0.023800094
896 283 920 313 0.023729581
771 461 801 498 0.02360538
543 380 567 409 0.02359695
129 405 157 438 0.023492223
742 304 766 333 0.023455469
956 204 980 235 0.023399657
564 402 590 434 0.023121897
157 260 179 288 0.022925861
696 280 716 305 0.022917824
2 277 24 309 0.022809308
334 352 357 382 0.022762872
866 610 899 649 0.022675404
736 604 773 651 0.022656202
998 376 1024 412 0.022631457
101 283 123 312 0.022626584
187 311 209 338 0.02239533
816 579 849 618 0.022304665
664 337 686 364 0.022187158
304 562 332 598 0.02217301
615 458 642 494 0.022117717
378 505 403 537 0.021966593
828 358 852 388 0.021913275
826 385 850 415 0.021912554
638 304 661 332 0.021882718
610 572 650 618 0.021785079
408 331 433 362 0.021748587
163 209 187 240 0.021649847
467 409 494 442 0.021616906
257 500 285 537 0.021582995
998 270 1024 305 0.021533066
388 406 414 439 0.02138166
749 334 773 364 0.021259328
895 430 923 463 0.021206645
717 409 743 439 0.02119797
414 510 438 540 0.021037934
570 583 600 619 0.021008274
843 522 876 563 0.020907767
862 558 901 604 0.020873215
896 603 931 647 0.020848714
618 307 641 335 0.020783013
595 529 625 566 0.020675777
562 511 590 547 0.020649068
437 304 462 335 0.020624071
979 356 1001 386 0.02059367
591 232 615 260 0.020042527
152 280 173 308 0.020002704
