10_People_Marching_People_Marching_2_269
56
59 226 87 261 0.25138557
769 248 803 290 0.21459617
948 176 978 212 0.15434577
860 202 889 237 0.12777637
828 463 869 507 0.08508527
945 301 967 331 0.07494456
0 225 21 259 0.06996497
938 75 983 128 0.06732441
845 171 873 203 0.06145508
738 383 771 428 0.057802286
3 252 27 291 0.057468403
97 13 135 56 0.056440294
630 127 658 162 0.053144243
924 154 951 189 0.05027193
88 170 116 207 0.048527442
690 256 715 288 0.044037655
160 206 188 238 0.04400874
279 160 378 276 0.04319012
686 199 711 230 0.04301604
886 114 920 161 0.042090327
927 229 950 259 0.041200567
86 114 121 163 0.041016277
964 373 996 410 0.039501328
735 323 762 357 0.03885681
740 196 764 226 0.038393643
694 222 718 252 0.037354242
711 222 738 255 0.033847943
643 58 682 105 0.033397462
129 227 157 259 0.03050063
31 202 57 236 0.030299205
20 251 49 289 0.030218499
917 200 943 233 0.030054986
758 359 787 393 0.029665332
816 173 842 205 0.028595582
783 270 816 309 0.02688668
820 148 851 186 0.026597515
812 203 839 236 0.026240332
715 276 742 309 0.025790151
583 116 612 152 0.025693638
706 358 732 392 0.025350556
717 122 743 158 0.025150059
75 199 102 234 0.02473592
737 114 767 154 0.024295429
943 246 968 279 0.023937207
716 199 742 231 0.02392776
972 226 999 264 0.023428414
3 13 35 58 0.023301728
810 116 851 167 0.023031332
122 270 166 318 0.0229929
197 224 226 260 0.022613129
763 181 789 212 0.022343526
227 142 270 197 0.022005418
965 303 990 335 0.021987015
668 182 694 214 0.021590892
913 111 948 157 0.02099962
640 172 667 206 0.020565154
