10_People_Marching_People_Marching_2_236
19
462 153 501 203 0.46499842
794 117 824 156 0.10618783
141 132 180 184 0.08095427
767 183 811 239 0.06608957
502 143 543 202 0.054404456
989 271 1019 316 0.052793033
530 148 574 212 0.044226594
793 33 825 76 0.042461373
707 124 738 164 0.03195464
308 222 336 258 0.030447556
270 271 314 327 0.029261498
880 50 906 81 0.029100481
770 100 803 142 0.023530714
465 175 519 244 0.02332312
586 115 624 165 0.022912808
328 245 365 291 0.022456033
651 34 689 80 0.022438202
279 227 306 264 0.022169773
465 102 493 142 0.020261671
