10_People_Marching_People_Marching_2_27
77
700 195 728 230 0.35327113
533 194 563 230 0.2659091
302 179 329 213 0.23395798
909 195 938 231 0.19846381
203 66 230 102 0.17180645
274 233 306 273 0.13841644
935 280 967 322 0.10592173
838 225 867 261 0.082620606
819 231 846 267 0.076255225
338 106 377 155 0.07577458
143 157 186 210 0.075166285
581 194 610 228 0.074792035
345 66 374 102 0.069848225
866 178 894 215 0.06583689
472 278 509 321 0.06254267
763 30 800 76 0.059691273
16 195 48 233 0.05770474
822 324 849 357 0.0575167
797 246 830 286 0.053252395
918 43 951 82 0.052224595
558 3 588 34 0.050659977
666 175 693 211 0.050639793
909 219 944 260 0.050003048
618 198 642 229 0.04608127
583 42 608 75 0.044111088
258 199 286 233 0.04356649
690 101 717 135 0.042963084
964 194 989 229 0.042518817
325 172 359 213 0.04006722
456 332 484 367 0.039808914
416 189 453 231 0.038263846
306 248 333 282 0.036368273
638 199 661 228 0.03587399
741 277 770 316 0.035633437
207 196 235 229 0.035364494
910 249 949 297 0.03519326
557 191 591 231 0.0338606
480 152 504 183 0.03371686
685 150 712 184 0.033498373
102 218 139 264 0.033366494
278 192 311 231 0.032326747
945 115 972 152 0.03173496
301 155 327 188 0.031095652
355 143 392 188 0.03098071
434 98 466 137 0.030750494
155 242 190 284 0.030418286
560 74 590 114 0.030176444
488 197 514 230 0.028740536
170 274 204 314 0.028120553
559 274 582 304 0.02750813
852 200 882 239 0.026787302
706 274 736 313 0.026477214
592 304 615 333 0.026459264
715 44 744 79 0.026240323
481 5 511 39 0.02591619
123 193 162 241 0.025578236
386 334 411 367 0.02534179
160 374 185 408 0.024735836
638 253 666 287 0.02456828
611 303 637 334 0.024063945
585 152 609 182 0.023982273
707 120 735 156 0.023506004
877 300 903 333 0.02317676
584 1 613 32 0.02273723
453 121 481 156 0.022658167
691 73 714 102 0.02222078
99 144 172 232 0.021614155
226 176 252 209 0.021078097
742 226 770 261 0.021013608
462 143 490 180 0.0209981
377 3 416 41 0.02097448
761 223 791 261 0.020777794
325 247 354 283 0.020716228
668 308 699 343 0.02054642
45 1 75 33 0.020522162
632 358 659 392 0.020179851
737 200 766 236 0.02013717
