10_People_Marching_People_Marching_10_People_Marching_People_Marching_10_People_Marching_People_Marching_10_933
45
533 152 562 188 0.17809114
784 171 814 214 0.0889421
286 129 311 162 0.08381546
693 6 723 37 0.07917304
554 9 588 48 0.076487035
384 22 412 54 0.06648942
180 91 205 123 0.06647951
383 43 418 84 0.055704787
335 178 364 214 0.049853172
358 16 386 50 0.048143018
205 98 227 127 0.045284573
260 69 288 106 0.044574857
311 3 341 35 0.043228526
762 0 790 27 0.04131163
36 42 67 83 0.039015844
461 3 487 33 0.037979677
638 20 665 54 0.03794028
867 5 900 37 0.03733157
230 173 257 206 0.037233733
279 54 301 81 0.03481842
336 229 364 264 0.03353673
311 73 335 104 0.032731418
616 28 642 61 0.032334264
228 24 251 53 0.031574436
127 44 152 75 0.028804554
687 175 719 216 0.02681328
233 98 257 129 0.026698556
614 0 642 30 0.02668673
668 44 695 76 0.026348012
331 49 354 79 0.02630837
355 64 392 106 0.025293652
157 198 194 246 0.024178028
287 2 317 32 0.024103044
910 330 942 375 0.023903754
102 207 137 252 0.023504946
818 4 845 33 0.023207126
666 2 694 33 0.023064027
150 90 181 130 0.022234201
222 202 251 236 0.021924289
328 15 358 51 0.021147413
254 155 280 189 0.020438697
379 256 405 291 0.020394046
479 19 505 52 0.020335142
965 9 995 47 0.020315733
536 279 565 316 0.020247387
