10_People_Marching_People_Marching_10_People_Marching_People_Marching_10_524
50
62 130 139 222 0.9911662
588 171 648 240 0.8205714
841 150 885 204 0.6549417
277 216 308 254 0.5633641
500 72 538 118 0.5450024
342 115 383 166 0.4453699
915 174 946 212 0.32894546
695 86 730 131 0.123480625
927 61 973 117 0.121613294
464 129 497 172 0.09901212
886 221 923 268 0.09039204
467 178 495 214 0.08484371
658 278 695 325 0.081243515
286 164 324 210 0.07112781
763 58 800 104 0.062427364
385 230 411 263 0.053354595
814 188 874 259 0.05131878
359 230 383 260 0.048403222
530 4 578 61 0.04816348
338 258 364 290 0.047637604
510 138 546 184 0.041811217
334 74 367 117 0.041106943
889 151 954 227 0.03933497
704 148 746 201 0.03892388
286 123 320 164 0.037452463
432 120 462 158 0.036837477
146 249 179 293 0.0367523
540 244 608 328 0.032128107
994 302 1024 349 0.032035228
265 214 321 279 0.031299453
504 251 536 292 0.031237274
436 174 466 214 0.030627191
406 226 431 258 0.028841227
356 276 382 310 0.026297862
580 355 615 395 0.026253082
335 224 361 257 0.025568636
491 232 518 268 0.025523402
57 52 140 151 0.025508938
966 168 997 205 0.025364645
729 2 781 59 0.02515229
15 125 60 184 0.025125656
440 219 469 255 0.02499042
968 252 1001 295 0.024892256
317 302 348 338 0.023775581
205 242 239 287 0.023734571
882 249 928 306 0.022924632
636 308 682 367 0.021093236
572 14 617 71 0.020784648
252 148 282 188 0.020392505
414 94 446 133 0.020392051
