10_People_Marching_People_Marching_2_40
220
44 130 85 178 0.93052125
528 513 616 610 0.8189741
671 204 701 244 0.8084682
924 379 962 427 0.71093214
168 223 203 263 0.6844047
99 472 167 561 0.65190476
726 276 762 319 0.59314704
610 271 640 309 0.5645325
950 231 997 293 0.52560955
718 363 757 414 0.5144047
550 326 590 376 0.50092787
129 80 158 117 0.47373402
131 379 179 436 0.45868972
835 249 879 304 0.4547781
270 116 298 151 0.37854
355 127 381 160 0.31771365
180 77 206 109 0.31051973
93 92 122 129 0.3057478
235 199 266 238 0.29478103
379 228 407 264 0.26153398
356 242 387 280 0.21492966
852 311 904 376 0.21138196
94 140 125 178 0.2057214
152 76 179 112 0.19939944
252 214 286 255 0.19476941
772 103 795 133 0.18133293
95 29 121 60 0.17835024
326 25 351 56 0.17721441
813 45 840 79 0.17487964
673 104 698 137 0.16691506
229 97 254 126 0.16101734
696 258 719 289 0.15924968
779 202 810 240 0.1566383
966 312 1007 369 0.15128352
203 80 226 108 0.14689763
822 155 847 188 0.14419012
794 105 818 136 0.14392303
493 128 517 159 0.14077729
404 157 430 190 0.13019039
79 74 107 107 0.12985913
822 222 853 262 0.12279381
634 275 666 316 0.12022117
407 45 431 74 0.1175321
988 354 1018 399 0.116571285
356 495 402 561 0.112517506
661 278 688 312 0.103420496
202 174 235 216 0.10151535
281 24 304 54 0.09978421
381 431 428 496 0.09759074
383 92 406 121 0.09321439
695 544 769 639 0.09086749
-1 49 24 87 0.08995265
51 69 78 101 0.08851458
717 79 739 106 0.0869034
718 48 742 77 0.08685837
261 20 285 51 0.0856615
428 95 452 125 0.08309467
508 237 535 268 0.08188911
-2 369 37 450 0.08187592
310 146 340 183 0.081100196
466 79 490 108 0.08041192
750 105 773 134 0.07925537
460 23 483 53 0.07896943
570 50 592 77 0.078925006
875 97 898 128 0.07745294
347 303 393 363 0.077201664
744 50 766 78 0.076700576
335 273 370 316 0.07583286
924 151 954 190 0.07557665
621 31 644 61 0.07452244
225 311 270 366 0.07440493
895 103 921 134 0.07338941
71 258 115 311 0.073226504
184 26 208 56 0.07309474
59 344 94 386 0.07022149
786 173 816 209 0.06923525
182 49 204 77 0.06750809
594 131 618 162 0.066063166
332 143 359 178 0.06535247
310 43 335 75 0.065225236
516 80 538 107 0.06329905
889 253 922 297 0.062689304
295 323 352 389 0.062159818
560 251 586 285 0.061899267
692 25 717 56 0.06162955
130 322 179 379 0.06123459
158 48 178 74 0.060948838
801 277 833 318 0.060555115
983 272 1022 327 0.059774056
763 24 790 57 0.059744075
416 77 441 109 0.058739003
235 16 260 48 0.057682008
27 44 55 79 0.057238214
612 128 636 159 0.05667344
635 436 721 536 0.055726588
435 176 461 208 0.055712283
149 240 187 284 0.055122346
337 104 361 134 0.05479286
150 127 180 162 0.054751415
335 200 361 233 0.054496713
390 26 415 59 0.054102443
358 51 382 81 0.053077705
367 76 393 108 0.052885305
566 272 597 312 0.052544862
279 203 307 239 0.05247891
435 152 460 184 0.051025033
902 398 936 444 0.050960053
129 20 155 52 0.050284956
675 28 697 56 0.050282117
696 75 721 106 0.05021564
358 202 385 236 0.050094973
508 303 545 351 0.050055962
444 233 468 264 0.04941978
311 75 335 104 0.049257718
820 463 916 572 0.0492542
463 48 484 75 0.049062088
843 50 868 82 0.04850763
568 122 593 153 0.048408438
226 119 255 153 0.047486667
839 172 865 206 0.046876516
81 46 108 77 0.046537112
307 201 332 233 0.045811787
199 49 223 78 0.04494242
410 207 436 240 0.043611772
426 124 451 155 0.04313194
543 235 567 266 0.042637803
-1 123 23 161 0.04240709
128 222 162 262 0.04168089
757 274 789 315 0.041124575
359 3 387 35 0.04008446
635 46 660 75 0.039810978
765 147 793 182 0.039628197
586 289 618 332 0.03957564
502 259 543 308 0.038424037
716 151 742 182 0.038135383
406 403 447 457 0.03763167
652 469 800 614 0.03751818
361 100 388 133 0.03743807
535 79 558 107 0.037412915
721 126 744 154 0.036691546
436 201 461 232 0.036529496
504 143 532 177 0.036221772
204 3 232 35 0.036027014
153 26 179 57 0.036002215
536 268 570 310 0.035879068
487 76 509 104 0.035839677
255 79 282 111 0.03572312
3 474 32 522 0.03568367
490 50 513 78 0.035601526
183 144 211 179 0.034991134
301 172 331 208 0.034606814
487 207 511 236 0.034599066
356 172 384 205 0.034584284
19 2 49 34 0.03432289
332 75 355 103 0.033818305
272 250 305 292 0.033412095
837 204 865 239 0.033296067
50 0 80 33 0.033217836
870 172 898 206 0.032318775
589 31 612 59 0.032303777
379 126 404 158 0.032024376
684 120 713 155 0.031813823
669 254 697 291 0.031621
130 50 154 79 0.030340549
612 204 641 237 0.0303162
644 223 672 259 0.030266894
817 103 842 134 0.030253287
851 72 874 103 0.029956836
853 98 877 130 0.029664256
260 46 285 76 0.02946836
616 225 648 263 0.029207133
281 76 305 106 0.029086437
218 147 255 191 0.028895115
761 367 801 416 0.028845716
543 198 567 229 0.028444562
511 51 533 77 0.028352855
741 71 765 100 0.028218672
486 27 509 57 0.02821027
336 225 366 263 0.028071083
808 408 847 452 0.027280442
814 320 851 370 0.026905162
474 365 516 413 0.026859168
28 99 59 140 0.026652385
331 540 402 638 0.026480302
898 149 930 188 0.026369942
923 265 956 309 0.026318414
128 125 158 162 0.026111081
585 224 614 262 0.025689064
426 430 492 527 0.025549667
443 4 471 35 0.02522471
24 69 52 104 0.02504685
123 269 163 318 0.024849007
746 200 772 232 0.024736889
379 371 418 424 0.024643209
457 175 480 205 0.024603061
401 299 433 345 0.024598679
792 354 824 402 0.024417397
923 203 955 242 0.024366641
638 74 662 104 0.024108814
333 174 361 208 0.024094613
638 123 664 156 0.024005
243 270 284 322 0.02362654
277 140 311 183 0.023464724
329 396 372 448 0.023238
538 22 561 52 0.023185952
647 155 672 185 0.023025293
620 77 644 107 0.02296988
380 278 414 321 0.02272084
847 27 874 60 0.022452028
278 371 323 428 0.022437884
312 3 339 34 0.022091316
731 409 778 468 0.02183989
672 73 698 104 0.021752072
679 323 714 366 0.021275815
693 351 728 399 0.021048043
463 153 486 184 0.02102735
896 76 923 108 0.020952264
99 344 134 389 0.020520417
943 171 971 207 0.020411514
969 198 1005 243 0.020155499
