10_People_Marching_People_Marching_2_191
130
463 450 491 484 0.47824746
847 312 869 340 0.47124892
800 452 829 492 0.42260283
891 457 925 500 0.32738003
509 301 532 331 0.27662283
531 478 558 513 0.14556727
823 314 844 341 0.14136147
718 280 744 314 0.13975976
583 352 609 386 0.12385445
589 484 619 521 0.12232961
693 360 717 391 0.12063733
252 307 272 333 0.112860754
741 383 770 420 0.10731588
967 348 992 378 0.10530044
658 457 685 490 0.09982306
250 327 274 356 0.09819244
619 304 643 335 0.09689941
965 380 991 413 0.09410071
640 303 667 339 0.09408471
698 406 723 437 0.09219747
665 361 688 391 0.09170739
210 429 235 460 0.086429894
895 353 923 389 0.08448131
613 326 638 359 0.08364781
741 324 764 353 0.08000185
306 222 334 256 0.078562714
359 448 389 489 0.076439925
846 379 870 410 0.07201837
660 481 689 516 0.07153457
103 307 123 332 0.071510896
707 431 732 463 0.06791544
487 332 513 363 0.06600887
811 383 837 415 0.06589262
52 350 73 376 0.06436418
616 178 646 214 0.06267193
461 328 484 357 0.061570365
865 325 889 355 0.061133645
83 302 102 326 0.06040443
913 376 940 414 0.060398012
301 376 326 407 0.060196336
308 483 336 518 0.059802655
799 308 819 336 0.05974078
514 460 542 496 0.058254108
337 357 362 390 0.055370077
770 302 793 331 0.054302204
486 282 513 315 0.054129157
352 379 378 410 0.051598597
236 382 258 411 0.05007439
183 307 203 331 0.049612094
660 323 685 353 0.04954616
307 303 329 329 0.04843601
646 506 677 544 0.048068304
257 355 280 383 0.047867905
509 385 534 417 0.04746753
849 354 874 386 0.047411654
568 380 593 413 0.046840835
380 305 402 333 0.045990426
489 382 515 415 0.04506774
285 357 308 388 0.043871272
797 355 823 387 0.043662976
202 326 224 353 0.043357853
507 321 533 355 0.043072063
28 464 55 494 0.043037068
769 456 795 490 0.042785678
109 461 136 492 0.042235587
922 435 950 471 0.041747294
643 359 667 390 0.041431583
77 359 100 387 0.040773164
846 480 875 516 0.04048447
844 401 870 433 0.039812114
311 285 333 311 0.039173447
183 331 204 357 0.03758486
532 350 562 386 0.036779135
872 473 905 515 0.036398392
460 476 488 509 0.035749003
535 382 563 416 0.03498517
43 407 67 438 0.034319792
463 286 488 316 0.033845726
991 460 1016 497 0.033014104
290 303 311 329 0.032928105
530 279 556 314 0.032919392
340 404 364 433 0.032684542
862 372 889 407 0.03209588
328 299 350 327 0.032002687
698 450 725 486 0.031545725
567 336 593 369 0.031112965
129 305 150 332 0.030899376
768 329 792 359 0.030718789
384 324 408 356 0.030016555
201 461 224 491 0.02995329
157 283 179 309 0.029413342
694 327 722 359 0.028966008
22 306 44 332 0.028866066
567 482 597 521 0.028371612
34 334 58 365 0.027767675
742 353 769 387 0.027237447
107 431 130 459 0.02668289
539 426 566 460 0.026619121
287 285 307 310 0.026555398
284 333 308 363 0.026545849
515 430 542 464 0.02646317
511 260 539 294 0.026361415
384 386 407 417 0.025956487
3 357 24 387 0.025836144
442 331 467 361 0.025187388
687 483 714 519 0.024976982
284 401 308 431 0.024422795
429 406 455 440 0.024337186
590 297 619 333 0.024097158
364 276 389 305 0.024025818
32 386 55 414 0.023807934
610 407 634 437 0.023741106
840 453 870 492 0.023666224
128 280 150 307 0.023607828
567 452 592 487 0.022967337
563 295 591 329 0.022636015
584 457 613 495 0.022347486
588 404 615 437 0.022178004
463 346 492 385 0.022100147
308 248 338 282 0.022084713
355 328 383 362 0.021975365
995 326 1020 360 0.0218036
300 326 326 357 0.021602843
710 380 736 414 0.02159275
687 245 720 285 0.021446014
100 328 122 355 0.021217037
743 426 769 459 0.021079525
255 398 280 428 0.020550556
440 485 468 519 0.020417215
965 465 1025 547 0.020067712
