26_Soldier_Drilling_Soldiers_Drilling_26_719
24
463 215 501 264 0.22411458
373 249 416 300 0.108543016
43 219 79 265 0.102319576
287 226 333 291 0.08278013
430 268 471 321 0.07663227
808 247 838 284 0.06174516
103 207 164 288 0.05558824
763 290 799 330 0.051772077
447 357 488 406 0.04838637
305 419 354 475 0.04487043
415 308 460 361 0.038588323
847 305 874 340 0.03802741
608 132 639 168 0.036915626
686 226 713 259 0.0347026
683 265 715 305 0.03212304
47 202 112 289 0.031498834
191 299 236 358 0.030985866
663 172 691 209 0.027613206
412 219 474 305 0.025680007
107 345 147 398 0.023193184
586 142 628 189 0.021017019
527 46 557 84 0.020817757
563 92 595 135 0.02077316
170 138 207 189 0.020133128
