26_Soldier_Drilling_Soldiers_Drilling_26_345
54
179 227 210 267 0.41728947
698 225 729 266 0.31685326
663 178 688 210 0.30345246
862 184 887 217 0.26791576
503 231 534 270 0.21689315
361 256 384 287 0.15614606
659 294 690 335 0.14235616
453 221 482 256 0.13614169
897 233 926 269 0.13106114
980 96 1009 134 0.12730722
475 183 499 214 0.1193012
464 199 492 236 0.11862883
456 294 483 328 0.1102929
897 304 924 340 0.09457971
667 329 700 371 0.085889034
342 195 366 226 0.08540089
156 226 186 264 0.08039861
842 231 868 265 0.0754662
454 246 488 288 0.0736872
163 197 186 227 0.066086516
688 298 720 338 0.05905229
335 300 361 333 0.051976014
668 226 698 265 0.051787805
826 251 850 283 0.048373293
486 331 521 373 0.046790928
358 232 383 263 0.041355386
921 100 947 134 0.04087626
870 244 903 285 0.039902005
301 255 325 285 0.038938325
340 254 364 286 0.0369986
177 186 198 213 0.03463807
133 250 166 293 0.03381662
864 331 896 372 0.03373925
646 195 676 231 0.03370661
620 252 647 284 0.0334544
168 332 199 368 0.031239364
485 301 516 338 0.0309338
302 297 329 333 0.029910265
797 102 822 134 0.029320067
849 272 879 312 0.028942978
355 307 382 340 0.028435
355 330 387 371 0.027696867
412 253 439 285 0.026180236
331 346 365 390 0.026150646
466 345 502 393 0.025495896
304 336 331 373 0.025288071
259 251 288 289 0.025266418
683 177 710 213 0.024385748
640 277 674 320 0.023662731
335 229 361 261 0.02101841
305 232 330 261 0.020982932
642 226 673 262 0.020751514
948 102 974 135 0.020315528
868 215 934 296 0.020040598
