26_Soldier_Drilling_Soldiers_Drilling_26_192
38
72 293 100 329 0.5962868
646 351 678 391 0.59044033
642 296 666 326 0.26833728
407 255 439 294 0.21513623
537 300 563 333 0.17876647
199 414 228 454 0.13940275
583 325 612 362 0.123811886
123 174 155 217 0.11674843
42 372 72 409 0.114259966
619 309 644 339 0.10651905
558 308 584 340 0.08132776
97 405 124 438 0.07964685
226 353 254 386 0.075168386
440 176 470 214 0.06439309
123 331 148 362 0.053766277
520 283 547 319 0.04708158
117 352 145 387 0.046881456
126 249 154 287 0.04060542
478 373 506 408 0.038719397
570 344 601 383 0.03813371
50 326 79 362 0.03789921
7 516 30 550 0.03550186
247 336 272 368 0.034434024
382 274 414 313 0.030295772
629 337 688 409 0.029808458
389 538 417 571 0.02711675
222 393 265 447 0.02711089
104 378 133 413 0.02694849
130 309 156 341 0.026391173
582 371 616 413 0.025942754
70 346 104 387 0.024463303
489 409 518 446 0.02410981
51 282 113 358 0.023225056
460 254 491 294 0.022649024
428 222 457 259 0.022031168
517 325 546 360 0.02064891
57 561 81 594 0.020392127
895 499 1047 700 0.020245306
