26_Soldier_Drilling_Soldiers_Drilling_26_619
33
457 212 492 256 0.31866997
373 246 409 288 0.25364605
760 291 798 335 0.1958356
812 246 843 283 0.17318965
48 227 77 263 0.113582216
663 168 690 203 0.089304015
639 147 676 192 0.08510238
607 133 638 171 0.07247592
289 230 333 290 0.061096925
636 436 686 500 0.055804253
320 439 361 490 0.05546079
109 347 147 396 0.05355277
439 369 481 420 0.037937876
278 484 307 521 0.036733206
505 228 536 270 0.035605643
305 403 345 450 0.035337355
108 234 142 276 0.033587873
477 236 509 278 0.033569124
529 50 556 85 0.032292027
720 75 750 112 0.031069996
758 359 806 415 0.028838938
689 223 715 258 0.028537568
901 377 932 413 0.028045163
687 173 715 211 0.027397826
671 197 697 231 0.025869144
251 464 280 499 0.025146008
849 323 881 365 0.02215449
602 154 651 209 0.022102576
102 44 141 95 0.021970462
67 246 97 283 0.020941846
835 251 867 292 0.020930625
968 355 1003 398 0.020363797
970 427 998 466 0.02036254
