26_Soldier_Drilling_Soldiers_Drilling_26_85
21
222 397 272 460 0.09006741
927 786 987 858 0.0731262
47 342 86 389 0.06328463
38 450 95 519 0.061559334
847 338 889 387 0.04852667
260 719 312 782 0.044895135
406 864 468 946 0.04124175
0 595 38 654 0.039833494
118 436 181 516 0.03709486
910 302 950 355 0.03414671
451 420 491 472 0.033820555
372 387 415 439 0.028587533
370 751 486 883 0.02730602
374 577 421 636 0.026061047
217 346 266 409 0.025950365
765 295 807 348 0.025314081
1 709 44 771 0.022297097
266 737 387 877 0.021883952
589 408 627 458 0.02171755
301 405 354 468 0.02110869
223 606 271 669 0.021032603
