26_Soldier_Drilling_Soldiers_Drilling_26_204
84
967 148 991 179 0.17644978
918 206 942 238 0.15170874
850 300 877 335 0.13944462
955 257 978 287 0.120892726
732 304 755 333 0.10903879
784 253 808 283 0.09745831
953 173 976 202 0.08454228
1000 220 1024 255 0.07478809
773 160 794 186 0.073147714
439 194 465 229 0.06608938
670 104 693 134 0.06250336
824 330 846 359 0.057134207
949 199 975 232 0.05535719
852 200 875 232 0.051791932
904 386 934 421 0.049715262
638 158 662 186 0.048380245
380 252 413 291 0.0473392
948 356 974 389 0.047267906
902 179 925 207 0.044603143
752 100 774 128 0.044530824
955 329 978 360 0.043147087
739 286 761 314 0.043096896
959 128 982 157 0.0427236
980 228 1004 260 0.041569877
928 155 950 183 0.04090512
694 252 716 281 0.039980482
798 209 820 237 0.03917557
722 206 747 238 0.038897544
853 101 874 127 0.038604263
983 202 1006 234 0.037358947
747 126 770 154 0.037284963
870 285 897 320 0.0370463
800 329 822 358 0.03624738
970 307 995 339 0.03587957
877 101 899 129 0.034593184
668 258 693 289 0.033689506
824 96 846 123 0.033487238
926 123 948 152 0.03325658
926 179 950 208 0.03278409
637 305 663 338 0.032328766
955 227 979 257 0.030964956
740 325 763 354 0.030675815
878 151 901 181 0.029529147
845 330 868 359 0.029081868
898 256 920 284 0.028690577
971 173 995 204 0.027315604
929 329 954 360 0.027270311
362 198 389 233 0.027159503
897 101 922 131 0.02710706
898 127 923 159 0.026861839
877 227 900 256 0.026819378
898 277 923 310 0.026645288
695 175 717 203 0.026383137
826 149 849 177 0.026292618
671 229 696 259 0.025527112
691 232 713 259 0.025255604
773 19 799 49 0.025062682
645 108 669 137 0.024911394
777 311 798 338 0.024796106
748 153 770 181 0.02409171
639 53 665 83 0.024016267
993 383 1027 431 0.023736194
876 129 899 159 0.0236532
851 128 874 156 0.02362458
691 102 715 133 0.023401527
721 177 745 205 0.023379436
929 256 953 287 0.023041671
802 126 825 153 0.023037588
895 79 919 106 0.02295983
750 380 781 416 0.022942401
751 177 774 206 0.02256776
670 157 694 186 0.022232369
828 179 852 208 0.021834055
671 206 695 234 0.021821484
799 357 822 384 0.0217674
461 180 493 221 0.021408446
896 154 919 182 0.021052375
721 98 743 127 0.021051168
873 329 901 361 0.020994052
870 204 894 236 0.020874701
950 107 973 136 0.020730095
1003 182 1027 219 0.020719994
768 362 795 392 0.020693218
666 78 690 108 0.020050924
