26_Soldier_Drilling_Soldiers_Drilling_26_567
18
563 104 664 212 0.9803432
444 131 495 200 0.97398925
899 126 957 192 0.75716573
673 69 740 161 0.74212575
440 263 511 359 0.36743873
357 299 416 359 0.19307911
536 57 585 144 0.08834175
501 82 540 139 0.041007087
5 379 96 529 0.037051152
972 26 1016 82 0.03597907
2 275 31 325 0.0342846
282 330 347 425 0.027918585
863 135 910 191 0.026017511
803 414 900 524 0.023392035
948 60 986 109 0.02337955
362 363 408 414 0.02298674
496 135 540 196 0.022034513
960 135 995 186 0.020729633
