26_Soldier_Drilling_Soldiers_Drilling_26_405
24
401 196 448 255 0.9830687
560 176 609 235 0.8497462
458 274 495 317 0.07711266
925 254 955 291 0.07048063
973 316 1012 366 0.052824967
537 292 574 340 0.050176464
967 151 996 188 0.043147124
984 247 1018 295 0.042148396
876 192 917 246 0.040359803
899 344 933 385 0.037622903
887 380 922 423 0.033825785
633 407 661 444 0.033023108
713 314 757 373 0.031512186
797 294 827 335 0.029010784
846 254 872 290 0.027848331
951 375 985 419 0.025725726
798 318 834 368 0.025333107
991 112 1020 155 0.025056824
864 273 890 307 0.024335686
944 232 968 263 0.024132635
302 332 345 381 0.023451177
904 297 937 339 0.022119703
871 351 904 394 0.022073358
927 152 956 190 0.02072213
