26_Soldier_Drilling_Soldiers_Drilling_26_223
51
405 101 431 136 0.4908614
524 75 551 109 0.35164326
724 102 748 132 0.24441789
919 123 946 158 0.2319117
614 105 637 136 0.17165658
618 156 643 188 0.13930063
428 173 455 208 0.09873919
276 117 299 147 0.09028754
415 157 441 190 0.08129575
387 116 413 148 0.07897603
310 245 335 276 0.07058668
630 171 658 206 0.068175495
467 106 489 134 0.06769999
410 205 434 235 0.06682056
669 144 692 174 0.0665616
459 195 484 225 0.063639596
489 100 512 130 0.058672797
412 226 438 257 0.05457491
390 205 415 237 0.045239866
634 104 659 136 0.04037879
696 128 721 158 0.040110525
331 233 356 264 0.039222624
909 255 955 310 0.036212217
494 78 516 107 0.034477796
432 102 457 136 0.03445144
72 180 94 208 0.034446627
620 250 643 279 0.034196552
72 200 95 230 0.03404788
597 155 623 189 0.033127733
185 130 204 156 0.031593803
727 119 757 155 0.0315543
407 278 433 309 0.031546388
615 194 644 230 0.031261552
20 127 41 155 0.029770883
83 131 103 157 0.029232811
636 229 663 264 0.028975034
710 138 741 176 0.028167231
202 128 222 153 0.02790981
873 220 907 260 0.026431546
461 230 490 264 0.02642415
438 74 459 102 0.026101071
664 176 692 210 0.02609829
413 251 441 284 0.024584621
155 202 175 228 0.024578618
514 226 541 259 0.023600578
565 98 589 129 0.023175547
700 103 724 134 0.02165889
489 154 517 187 0.021350458
361 228 386 259 0.020801334
512 118 540 151 0.020788584
159 147 179 173 0.020331424
