26_Soldier_Drilling_Soldiers_Drilling_26_31
41
804 156 849 211 0.9591662
528 205 572 259 0.9255783
377 175 415 226 0.8256325
649 192 689 243 0.81162983
234 181 272 229 0.6200968
967 212 1007 267 0.12158738
455 389 490 435 0.10669484
517 300 563 360 0.10230075
377 275 410 319 0.09995641
655 293 689 339 0.06847035
704 190 742 240 0.066376284
913 245 944 288 0.06283704
227 27 269 77 0.0611065
872 117 905 160 0.059872404
836 66 867 106 0.05552324
527 153 563 196 0.054574087
276 173 308 218 0.050104346
455 241 488 285 0.046197817
401 155 435 198 0.04277535
477 220 512 265 0.037971184
233 299 275 352 0.03648306
664 122 693 160 0.036123328
381 128 411 165 0.034896743
917 168 948 207 0.034014456
770 52 799 89 0.031822003
561 150 593 192 0.031059414
195 111 233 158 0.030676777
867 165 901 210 0.029302517
226 121 257 161 0.029119415
620 100 647 137 0.028298201
423 171 455 216 0.026556449
654 16 685 57 0.026161453
678 145 711 187 0.02555327
250 150 284 193 0.025228096
512 121 540 156 0.024276394
767 168 802 212 0.023427067
608 199 644 245 0.022897745
332 21 366 61 0.02260301
734 190 773 242 0.020279754
925 122 955 160 0.020080881
198 222 226 257 0.02000983
