0_Parade_Parade_0_472
89
59 138 33 34 0.9970361 
603 263 44 56 0.9948578 
509 125 36 47 0.99143136 
320 115 41 51 0.9882322 
562 135 17 28 0.9738211 
932 226 18 26 0.9416539 
643 121 16 23 0.9175019 
707 110 21 23 0.91491145 
974 144 19 20 0.9040664 
400 129 31 35 0.85347235 
628 162 19 23 0.8362314 
746 120 15 25 0.8098312 
813 120 17 23 0.7688722 
358 282 35 42 0.75819767 
652 163 23 29 0.7190496 
835 114 16 25 0.7090744 
684 137 16 26 0.66120124 
953 151 17 21 0.6506402 
731 118 16 24 0.6267387 
842 173 17 25 0.51185656 
247 178 9 14 0.49003813 
920 148 13 16 0.4386059 
214 238 15 19 0.39669546 
781 163 18 28 0.38655096 
238 280 15 18 0.34873933 
642 161 21 29 0.31967804 
221 183 11 13 0.30439782 
597 219 19 26 0.28947255 
824 117 19 27 0.26136348 
255 292 15 17 0.22349592 
252 156 12 15 0.22320075 
171 181 16 20 0.19735642 
942 152 12 14 0.1795028 
249 202 17 24 0.16276254 
678 130 15 22 0.14560032 
965 146 20 22 0.1418773 
741 116 13 25 0.13270426 
797 122 15 21 0.1262481 
832 77 18 18 0.1223129 
691 133 16 22 0.118644334 
804 117 15 19 0.08909582 
740 150 14 21 0.07623694 
220 267 12 17 0.067060046 
995 152 17 20 0.065009765 
804 183 18 23 0.06363969 
726 115 14 21 0.062811844 
239 188 10 14 0.06158844 
241 181 11 13 0.058230568 
986 143 17 21 0.058016825 
975 215 18 20 0.05192806 
682 124 16 21 0.05081684 
690 195 15 18 0.037014827 
521 257 38 46 0.03685945 
835 165 19 29 0.03613275 
605 152 18 20 0.035784043 
805 123 19 26 0.0354017 
229 277 14 17 0.032475874 
913 149 12 15 0.031465415 
830 245 14 19 0.031452805 
819 153 15 22 0.031279143 
295 355 16 20 0.031226719 
117 275 15 16 0.030621728 
804 135 15 17 0.02984218 
588 223 24 32 0.028686928 
827 66 15 22 0.028555626 
732 111 13 20 0.028306097 
934 151 12 13 0.028299607 
245 183 12 17 0.028110879 
243 284 21 23 0.02793479 
690 125 16 20 0.027823778 
202 235 14 17 0.026738962 
274 371 14 15 0.026441937 
670 109 12 14 0.02504235 
217 186 11 14 0.02480113 
798 132 14 19 0.02431825 
842 160 25 34 0.023450451 
868 255 10 13 0.023293843 
803 223 18 21 0.023063459 
609 173 17 21 0.02305195 
965 295 13 17 0.023017295 
623 166 16 22 0.022864694 
829 109 16 24 0.022512676 
924 157 15 20 0.022509305 
247 195 14 19 0.02175942 
227 181 11 13 0.02088519 
429 277 8 10 0.020835383 
596 153 17 20 0.020816412 
972 222 16 21 0.02025013 
792 170 20 28 0.02016404 
