0_Parade_marchingband_1_490
288
538 436 17 23 0.98761 
123 352 14 18 0.98453134 
931 389 15 18 0.98388773 
719 238 10 12 0.9837389 
290 453 18 20 0.98352814 
408 450 18 23 0.98216575 
308 388 14 19 0.9818211 
87 332 13 17 0.98134667 
838 286 11 14 0.98106456 
787 392 15 19 0.9809756 
167 285 11 14 0.9799248 
356 388 16 20 0.9789411 
587 330 15 18 0.97724164 
718 308 13 16 0.9746148 
883 360 15 19 0.97180027 
483 356 14 18 0.9716812 
262 393 15 18 0.9708009 
575 284 13 14 0.97057825 
245 326 13 16 0.9704781 
223 246 11 14 0.970424 
260 355 13 16 0.9700584 
526 356 15 18 0.9695516 
505 387 15 19 0.9693229 
125 327 13 15 0.9691722 
217 395 15 19 0.9685486 
883 333 12 15 0.9682985 
750 333 13 16 0.96728367 
651 389 16 19 0.9672395 
923 338 13 17 0.9672143 
406 387 16 20 0.9668112 
301 356 13 17 0.9659365 
412 331 14 17 0.96504873 
614 285 13 16 0.9642175 
759 309 12 15 0.9635965 
536 285 12 15 0.9633541 
974 396 14 18 0.96271044 
669 453 17 20 0.9626175 
32 393 14 19 0.96095616 
350 286 12 14 0.9603569 
205 326 13 16 0.960024 
573 361 13 16 0.9594582 
767 271 11 13 0.959392 
500 328 14 17 0.9572001 
799 310 12 16 0.9564807 
835 390 16 19 0.95417136 
455 392 14 19 0.9540842 
799 286 11 14 0.9508165 
483 307 12 16 0.9485206 
835 359 14 19 0.9478254 
79 361 14 17 0.94654953 
630 331 13 17 0.94547224 
124 286 12 16 0.94495976 
878 389 16 21 0.9437333 
461 285 13 16 0.9411107 
149 242 11 13 0.94064236 
544 332 13 16 0.9405971 
169 355 13 16 0.9402078 
124 399 15 18 0.9380927 
493 286 12 16 0.93731916 
458 331 13 17 0.9362079 
246 303 12 14 0.9358711 
734 267 12 14 0.93583804 
674 331 13 17 0.93582195 
931 367 14 17 0.9352086 
719 214 9 11 0.9347631 
662 361 14 18 0.93415654 
369 331 14 17 0.93345 
563 306 13 16 0.9314229 
551 389 15 20 0.92969054 
245 215 10 12 0.9290752 
276 285 12 16 0.9284277 
701 204 10 12 0.92626697 
80 399 13 15 0.925683 
839 330 13 16 0.9228136 
771 251 12 13 0.922153 
217 360 15 18 0.92137337 
715 330 13 16 0.92120713 
669 251 12 14 0.9204035 
207 306 12 14 0.9202168 
686 235 11 13 0.9156318 
615 356 16 19 0.91480017 
793 330 13 16 0.91372496 
231 263 11 13 0.91010404 
358 206 10 12 0.90746653 
264 199 10 12 0.9052651 
304 268 12 14 0.905198 
839 248 11 14 0.9042953 
440 301 13 17 0.9037671 
377 193 8 9 0.9035436 
679 307 13 15 0.89924586 
801 269 11 13 0.89888686 
877 316 12 13 0.8987137 
184 244 10 12 0.8985868 
576 204 9 12 0.89839906 
296 199 9 12 0.89610946 
706 358 15 17 0.8949615 
439 360 14 17 0.8946646 
327 246 12 14 0.88968223 
668 204 11 14 0.8887173 
304 215 9 12 0.8883187 
639 306 13 16 0.8877444 
663 268 11 14 0.8831218 
745 230 10 11 0.88266397 
753 361 14 17 0.8817754 
237 285 12 15 0.8810298 
283 305 13 15 0.88050026 
536 251 11 13 0.8803876 
836 311 15 18 0.87994164 
725 287 11 15 0.8770087 
167 326 13 15 0.87694466 
168 397 16 18 0.8750917 
544 205 10 12 0.8741719 
481 269 12 15 0.873908 
557 191 8 11 0.87271625 
123 308 11 14 0.87264997 
628 270 12 15 0.8709444 
406 191 8 10 0.8697679 
696 389 16 20 0.86916834 
872 298 12 15 0.868176 
390 358 14 19 0.86488163 
599 389 16 19 0.86481875 
497 184 8 11 0.8642101 
294 246 11 13 0.8637506 
698 268 11 14 0.86293834 
216 212 9 11 0.8573526 
422 285 13 15 0.8568338 
431 246 10 13 0.8549664 
583 235 11 13 0.85158277 
637 250 12 14 0.8491723 
591 188 8 10 0.8488108 
406 265 12 15 0.84288627 
794 359 14 17 0.8426402 
606 247 12 14 0.8397106 
331 329 12 16 0.83667725 
385 283 13 16 0.83512676 
525 190 9 11 0.8338553 
555 266 13 16 0.8337594 
400 307 12 14 0.82502544 
287 327 14 16 0.8249533 
592 269 12 14 0.8190174 
521 305 14 16 0.81223667 
740 250 11 13 0.8116854 
686 287 13 14 0.80460817 
196 264 11 14 0.79710704 
153 259 10 13 0.79619145 
259 246 11 13 0.7908879 
812 230 9 12 0.7898338 
336 215 9 12 0.78048766 
636 204 9 11 0.7744487 
705 250 11 13 0.7684888 
443 267 11 15 0.7675433 
651 287 12 13 0.7646412 
319 303 13 15 0.7593902 
373 264 11 14 0.7568157 
606 203 9 11 0.7528638 
600 304 14 17 0.75162774 
341 189 8 11 0.74381626 
164 304 12 15 0.737607 
654 189 8 11 0.7359978 
346 359 14 16 0.73559093 
381 233 11 12 0.7350891 
621 187 9 13 0.73352295 
760 287 12 14 0.73034465 
360 305 12 15 0.723821 
282 232 9 12 0.7128094 
251 230 10 12 0.70994824 
234 197 9 12 0.70276433 
497 211 10 13 0.69949824 
348 232 10 12 0.6972947 
571 247 11 14 0.6833734 
728 202 10 13 0.68210787 
744 390 14 19 0.6776223 
529 215 10 12 0.660495 
548 234 11 14 0.6597225 
311 232 10 12 0.6513916 
279 188 10 12 0.64071596 
201 284 11 13 0.62088156 
808 250 12 14 0.6172599 
361 247 11 12 0.6163323 
267 263 11 14 0.6132958 
468 247 11 14 0.60551167 
503 251 11 12 0.59271115 
784 215 9 11 0.5911537 
684 188 9 11 0.5867552 
651 237 10 12 0.58389956 
391 205 9 11 0.56737125 
468 185 9 11 0.5650606 
777 231 10 12 0.56484234 
791 209 10 11 0.5638122 
593 220 11 13 0.56242293 
327 198 9 11 0.5606386 
185 209 9 12 0.5586375 
627 220 9 11 0.5566364 
757 202 9 12 0.5141104 
484 203 9 12 0.49497086 
561 215 11 13 0.49375162 
660 220 10 12 0.49274054 
310 188 9 11 0.49262598 
512 203 9 10 0.479723 
370 216 10 12 0.47122762 
436 193 8 10 0.46929494 
188 227 10 12 0.46280378 
313 286 11 13 0.45871222 
618 232 10 13 0.45609826 
220 227 9 12 0.45259362 
396 247 12 13 0.4355099 
342 266 11 13 0.43137547 
467 214 10 12 0.41761664 
452 203 10 11 0.399368 
484 232 10 12 0.3547861 
517 235 9 11 0.35218087 
520 267 11 14 0.3508779 
419 234 11 13 0.28471774 
847 265 9 12 0.28045216 
435 215 11 13 0.2725858 
692 221 9 11 0.24361484 
403 216 9 12 0.24018383 
173 235 9 12 0.23996596 
453 236 10 11 0.20368057 
420 202 9 10 0.1961858 
275 215 9 11 0.18096673 
752 217 8 10 0.12974098 
739 268 11 13 0.124644086 
748 269 10 11 0.09971279 
327 203 9 12 0.090271495 
962 380 11 14 0.07688272 
781 268 10 11 0.057655036 
612 221 10 10 0.052785907 
758 245 9 11 0.04897558 
831 267 11 14 0.047247548 
311 460 11 14 0.04614751 
759 240 10 11 0.04381726 
182 249 12 14 0.04249578 
645 220 8 10 0.041943472 
727 256 8 10 0.039890535 
249 234 10 12 0.03965589 
931 379 15 18 0.039442193 
486 252 10 12 0.037712146 
386 207 9 11 0.037562925 
208 230 9 12 0.03728686 
768 236 9 10 0.034815036 
815 285 11 13 0.03394157 
840 267 10 14 0.03360496 
697 254 9 11 0.032988966 
860 324 12 16 0.03283311 
501 207 10 12 0.032640386 
780 235 10 12 0.032248057 
820 285 11 12 0.031068899 
750 221 9 10 0.029974231 
135 275 10 13 0.029005384 
305 236 10 12 0.02864488 
121 303 10 14 0.028604494 
533 237 9 11 0.02795673 
603 200 8 11 0.027780486 
590 254 10 11 0.027278058 
496 246 11 13 0.027137415 
512 222 8 11 0.026779404 
619 184 9 12 0.02650971 
465 218 9 12 0.026296413 
215 237 10 12 0.026112864 
198 247 10 12 0.026005732 
731 286 11 14 0.025781037 
570 205 9 12 0.025715446 
778 223 8 10 0.024970014 
592 206 9 10 0.02354295 
522 262 12 15 0.022984404 
204 280 11 14 0.022703595 
551 222 9 10 0.022485878 
542 307 11 14 0.021714095 
1011 421 11 15 0.021677086 
514 232 9 12 0.021601642 
506 200 9 10 0.021426441 
503 231 9 11 0.021350926 
267 203 11 14 0.021170586 
232 202 10 12 0.021093572 
197 236 10 12 0.021060456 
515 204 9 11 0.020949649 
132 286 11 14 0.020735063 
776 287 10 12 0.02065163 
529 231 8 11 0.020613745 
655 255 10 12 0.020609876 
221 238 11 13 0.020596376 
614 268 10 13 0.020592757 
527 253 11 12 0.020527376 
637 286 10 12 0.020524288 
577 230 10 13 0.020447768 
749 264 10 11 0.02029725 
97 408 10 12 0.020177158 
