0_Parade_Parade_0_814
121
894 555 16 18 0.9658871 
767 512 21 27 0.96345884 
472 373 12 14 0.91455567 
925 526 17 23 0.8945523 
776 384 10 12 0.8699155 
495 375 13 17 0.7365174 
604 532 22 27 0.70409226 
973 424 10 12 0.70399773 
727 383 9 11 0.6759911 
336 399 10 12 0.6677291 
339 590 23 34 0.6077563 
680 395 11 12 0.5945429 
753 376 10 14 0.5754678 
112 620 34 49 0.54605037 
135 416 8 10 0.5056223 
366 340 12 15 0.45238587 
111 408 9 11 0.44355935 
812 547 15 19 0.3905268 
102 396 8 9 0.3788473 
648 404 9 12 0.34147578 
416 449 12 17 0.29056245 
124 403 9 11 0.27296305 
983 412 8 11 0.26012218 
312 396 8 10 0.17264684 
725 387 10 13 0.16421577 
969 404 7 10 0.15880182 
289 393 8 9 0.15668857 
296 415 7 9 0.1407012 
182 342 10 14 0.13692604 
318 396 8 10 0.1353962 
152 406 7 9 0.11775342 
951 399 8 9 0.11694653 
811 584 14 21 0.11532117 
126 389 7 9 0.114156894 
89 383 7 9 0.10034797 
323 408 7 9 0.09736886 
72 417 8 9 0.09607289 
937 406 8 11 0.09522458 
538 347 14 18 0.095213495 
95 416 10 10 0.09324894 
663 367 8 9 0.083496116 
122 390 8 9 0.08147057 
85 408 7 10 0.08099488 
815 339 9 11 0.07855569 
951 405 9 10 0.074032314 
236 369 13 16 0.07387036 
390 393 8 10 0.066540964 
664 390 8 10 0.06652541 
382 420 11 16 0.06251656 
287 429 8 10 0.060396884 
163 421 7 9 0.059837304 
89 662 32 26 0.058216684 
94 422 9 10 0.057353135 
942 406 7 10 0.05621326 
262 406 7 11 0.053160943 
294 392 8 10 0.052599203 
87 412 7 10 0.05132331 
722 380 10 13 0.051084228 
383 387 11 15 0.05106516 
656 384 7 10 0.049984757 
780 330 11 14 0.04961026 
524 382 9 11 0.049373075 
424 400 9 11 0.046802368 
305 398 8 10 0.044535805 
417 389 7 10 0.04221161 
819 551 14 17 0.04191928 
705 434 10 12 0.041477066 
885 604 16 18 0.039825752 
407 403 9 11 0.039515607 
462 487 15 18 0.039448157 
310 441 8 10 0.039353352 
69 376 7 9 0.03858837 
893 313 12 16 0.037520178 
710 435 9 11 0.037226286 
532 395 9 12 0.036667597 
700 528 15 24 0.034376543 
99 397 8 9 0.03427721 
112 382 6 9 0.034160614 
12 392 10 12 0.03375392 
119 372 8 10 0.033746704 
177 392 9 11 0.033323523 
732 381 9 11 0.032536283 
600 535 16 21 0.031923 
279 362 10 14 0.0313996 
165 400 8 10 0.030633222 
99 636 44 46 0.029840723 
742 359 6 9 0.029346183 
408 451 14 17 0.029038804 
620 558 22 37 0.028605688 
675 396 9 12 0.028128758 
40 431 7 9 0.027638888 
136 392 7 9 0.027270949 
167 405 8 11 0.02721607 
131 417 8 10 0.026994444 
103 414 7 10 0.026471093 
746 375 8 12 0.026230102 
342 377 10 14 0.025397275 
185 347 14 14 0.025252588 
152 438 9 10 0.024892371 
529 390 9 12 0.024583278 
112 400 8 10 0.024565551 
879 593 13 19 0.024191119 
819 336 10 12 0.024174528 
81 413 7 10 0.024116877 
409 390 7 10 0.023845831 
142 445 8 10 0.023811586 
750 368 8 10 0.023547376 
488 378 12 16 0.023051176 
993 405 7 9 0.023008825 
663 385 8 10 0.022773232 
313 381 7 10 0.021785008 
976 407 8 10 0.021605028 
296 409 7 9 0.021480918 
484 395 12 15 0.021345774 
672 391 8 11 0.021302575 
430 400 8 10 0.021278113 
405 419 9 12 0.021160936 
671 414 9 11 0.02095901 
923 520 15 21 0.020824818 
5 428 12 14 0.020762216 
122 385 7 9 0.020304596 
