0_Parade_Parade_0_12
33
726 130 48 65 0.99950385 
395 174 33 43 0.9989993 
325 153 34 40 0.99891114 
483 163 41 55 0.9986035 
832 118 34 41 0.9982639 
912 150 25 29 0.9951213 
252 170 24 28 0.9950264 
640 142 28 33 0.9947844 
575 178 24 29 0.9938937 
277 192 25 30 0.9893083 
1004 133 19 32 0.9557546 
188 207 20 24 0.93934464 
154 200 18 20 0.9098224 
126 196 21 24 0.90038556 
175 202 13 17 0.73831934 
537 203 12 15 0.655889 
372 197 17 21 0.50331867 
426 180 13 19 0.46619153 
757 10 33 38 0.17622972 
415 175 23 32 0.16636415 
541 198 12 16 0.07281608 
458 181 8 13 0.07086658 
640 106 12 14 0.061139412 
182 209 16 20 0.05821479 
239 238 23 29 0.053544905 
40 203 11 13 0.041574482 
119 201 14 17 0.039473567 
295 175 19 21 0.03509655 
163 197 14 18 0.031729694 
549 198 10 14 0.03115363 
149 205 17 21 0.020778263 
758 62 27 37 0.020127911 
223 192 10 12 0.02003726 
