0_Parade_Parade_0_688
61
453 531 27 30 0.9951663 
277 522 24 31 0.9871224 
844 568 13 19 0.983555 
881 522 14 19 0.9821276 
448 503 21 27 0.94587183 
566 541 17 22 0.9289279 
534 460 18 23 0.9021168 
809 526 16 21 0.863595 
215 537 18 29 0.78056234 
968 512 9 11 0.7258083 
839 530 9 13 0.7239339 
5 582 12 16 0.6045953 
945 529 8 10 0.5632569 
910 533 8 11 0.48244122 
308 508 16 26 0.42803434 
24 561 8 10 0.41634965 
55 553 8 10 0.312629 
205 551 15 20 0.23158948 
775 537 7 10 0.19470775 
819 530 13 19 0.17693982 
263 528 13 21 0.15990244 
447 512 27 35 0.14192568 
532 595 18 21 0.12911615 
70 577 9 10 0.11472969 
784 545 8 11 0.11217048 
992 532 9 11 0.10950213 
832 531 10 15 0.105925374 
1015 531 7 10 0.097638115 
919 542 8 12 0.0864496 
122 520 17 20 0.08274162 
1005 548 9 11 0.08206302 
733 482 13 22 0.0773161 
958 540 8 10 0.07687917 
771 536 7 10 0.06802059 
846 533 8 12 0.056949712 
46 572 9 11 0.052845325 
855 535 9 13 0.049478814 
750 541 7 10 0.047892004 
905 533 9 11 0.04698444 
746 536 7 10 0.043444082 
658 621 34 54 0.037934422 
265 528 22 29 0.036903515 
768 541 8 10 0.031234255 
118 516 13 18 0.031174602 
268 523 15 22 0.03057548 
990 597 9 13 0.030320961 
66 576 8 11 0.030317523 
746 540 8 11 0.02823476 
761 543 7 10 0.027223278 
1002 544 8 11 0.027190754 
848 541 9 11 0.02699782 
244 535 14 19 0.026317775 
750 526 7 8 0.026094835 
913 539 9 13 0.024960322 
194 573 17 20 0.02453354 
365 527 11 13 0.02445326 
366 533 12 15 0.024326444 
745 526 8 10 0.024190364 
50 552 9 10 0.023546996 
917 536 8 11 0.022792894 
32 574 9 11 0.020604776 
