0_Parade_Parade_0_502
36
465 403 34 39 0.99657696 
709 362 33 43 0.99381566 
-2 330 35 38 0.99250174 
859 363 23 31 0.99115527 
530 362 20 24 0.9774295 
89 492 23 29 0.9736338 
432 387 22 26 0.94398856 
284 382 22 27 0.9388899 
567 368 19 22 0.90562004 
410 361 23 29 0.8103396 
158 359 22 33 0.80768645 
348 394 11 15 0.7949561 
392 398 22 29 0.788631 
939 384 20 35 0.4764029 
402 364 20 23 0.21882026 
361 386 12 18 0.20754749 
244 341 20 32 0.15404041 
1005 388 14 20 0.14175682 
997 387 13 19 0.13993163 
824 380 17 17 0.13624763 
952 347 14 16 0.12241231 
945 393 23 34 0.112548515 
821 371 15 18 0.099291764 
234 336 20 33 0.059126537 
375 391 12 17 0.04732946 
782 531 14 14 0.047007065 
935 385 16 26 0.04138311 
835 372 14 18 0.038578108 
292 372 16 23 0.037173443 
824 363 17 19 0.03561762 
844 375 14 19 0.03294609 
229 337 16 27 0.03281925 
954 406 25 28 0.031108873 
827 358 14 15 0.026988477 
326 426 17 22 0.025576072 
357 392 12 17 0.023329627 
