0_Parade_marchingband_1_147
45
307 130 51 59 0.9991033 
502 84 79 87 0.9969998 
216 160 46 48 0.9913601 
403 179 63 65 0.9886309 
91 150 28 32 0.987025 
616 149 33 41 0.9830698 
163 123 38 40 0.97635514 
869 160 41 49 0.92947835 
317 35 16 21 0.7026959 
355 62 13 16 0.49605745 
245 1 14 17 0.31328687 
750 99 17 21 0.30965966 
390 43 19 25 0.25072113 
281 104 17 23 0.23973309 
294 1 16 18 0.20792544 
199 4 15 17 0.20700197 
204 47 23 28 0.20518032 
777 81 17 21 0.121652275 
412 56 15 20 0.12110709 
713 10 12 16 0.12104637 
716 106 15 19 0.10990545 
249 58 15 18 0.090250604 
648 72 16 20 0.058375686 
276 25 16 21 0.056264415 
215 -1 15 12 0.055849582 
422 62 22 29 0.048293766 
698 138 13 17 0.04662428 
37 56 14 16 0.04487618 
778 14 14 19 0.043672685 
399 47 21 26 0.04335396 
412 5 15 17 0.041859042 
239 116 37 41 0.03991307 
808 11 14 18 0.039547384 
319 27 20 23 0.03755706 
632 154 30 34 0.03609167 
731 34 14 15 0.033674564 
649 158 23 27 0.03241969 
898 80 14 17 0.03120579 
708 162 21 25 0.02985124 
824 79 12 15 0.028872134 
676 10 18 21 0.024431964 
852 74 16 20 0.023047902 
832 119 17 20 0.022565093 
405 62 17 22 0.021983914 
214 50 18 22 0.021837672 
