0_Parade_Parade_0_288
43
749 330 15 18 0.93664765 
507 211 13 15 0.9242747 
495 170 13 16 0.8738534 
423 216 11 14 0.86129373 
699 348 11 13 0.71024793 
459 198 11 14 0.6719829 
696 343 11 14 0.34015283 
783 384 12 15 0.3357793 
703 406 11 13 0.24141265 
297 390 10 12 0.21795687 
655 360 9 11 0.21350095 
594 341 11 13 0.18278156 
660 359 9 11 0.15174538 
406 186 17 17 0.14941643 
350 197 8 10 0.1223055 
411 207 13 14 0.12162023 
374 220 9 10 0.07640476 
649 359 10 11 0.07237227 
778 412 11 13 0.05543187 
341 444 8 10 0.053737298 
649 364 10 12 0.05346953 
410 194 15 16 0.04881972 
339 343 14 20 0.047233786 
866 461 10 12 0.039182115 
298 395 9 12 0.038734034 
344 391 9 10 0.033689406 
663 349 9 12 0.03208163 
638 324 10 14 0.030646661 
476 218 11 15 0.028890364 
701 330 8 9 0.028403638 
592 345 11 14 0.028206436 
629 359 10 13 0.028090365 
671 349 8 10 0.027908593 
582 368 8 10 0.027211662 
352 406 9 11 0.025353536 
662 343 8 10 0.024810486 
465 198 13 14 0.024729537 
698 365 13 16 0.023102988 
697 335 9 10 0.020812552 
541 397 10 12 0.020711053 
712 336 9 11 0.020409746 
636 337 11 17 0.02038626 
338 456 7 9 0.020162042 
