0_Parade_marchingband_1_765
236
554 376 18 23 0.990333 
316 305 16 19 0.99017227 
452 342 17 21 0.9898747 
492 367 18 22 0.98951066 
369 369 18 20 0.9890431 
397 244 14 16 0.9888869 
252 268 13 17 0.98881614 
413 214 12 14 0.98739296 
605 243 13 16 0.9869032 
539 348 16 19 0.98670876 
421 268 13 17 0.9858649 
893 267 13 16 0.9855084 
758 189 11 14 0.98520976 
306 370 19 24 0.98503554 
630 198 12 15 0.9849686 
340 265 13 17 0.9849557 
805 322 16 20 0.98464876 
501 314 15 19 0.9840366 
611 382 17 21 0.98296356 
247 369 19 21 0.982942 
404 309 16 20 0.9827284 
692 351 15 18 0.9812625 
194 372 19 22 0.9801996 
664 210 12 16 0.98009163 
500 264 13 17 0.97961766 
458 290 14 18 0.9785937 
286 289 14 19 0.977823 
650 316 14 18 0.9768515 
913 290 15 18 0.9763922 
172 256 15 18 0.9756623 
503 234 12 15 0.9747918 
202 220 14 18 0.97468555 
823 180 11 15 0.9703939 
486 190 10 13 0.97033316 
601 189 9 12 0.9697138 
583 314 15 18 0.9695234 
138 271 17 19 0.9692508 
648 266 13 18 0.96827793 
112 299 18 22 0.9649307 
89 324 19 23 0.9648381 
907 383 16 19 0.96440834 
511 171 10 13 0.9643539 
663 378 18 20 0.9635485 
622 347 16 18 0.96297777 
457 173 10 13 0.96261805 
769 293 14 17 0.961769 
599 165 8 11 0.9613234 
329 171 10 14 0.96102923 
844 372 18 23 0.96040934 
780 220 12 15 0.9601065 
765 350 16 19 0.95933646 
351 183 11 14 0.95795196 
151 380 19 21 0.95745105 
257 343 16 19 0.9564244 
704 231 11 15 0.95570904 
784 381 18 20 0.95570314 
714 270 14 18 0.9550586 
785 274 14 17 0.95222783 
420 190 11 13 0.95199966 
536 252 13 17 0.9517326 
727 382 18 22 0.95004654 
429 373 18 22 0.9494343 
542 187 10 12 0.94916195 
763 230 12 15 0.94897985 
802 252 12 16 0.948862 
569 172 10 13 0.94875276 
369 290 13 18 0.9483534 
332 218 11 15 0.94568455 
653 189 11 13 0.94539577 
746 251 12 17 0.9448814 
730 180 10 14 0.9439193 
615 294 13 18 0.9419576 
548 166 10 12 0.94100446 
224 316 15 19 0.93888503 
833 298 14 17 0.9377056 
383 205 11 13 0.9374856 
640 234 11 15 0.9359665 
856 355 16 19 0.9356182 
658 164 9 12 0.93515855 
462 147 10 12 0.93506217 
441 234 14 16 0.9335378 
466 250 12 17 0.9331964 
744 203 11 14 0.9306959 
803 157 11 13 0.9302228 
362 230 13 15 0.9293286 
351 343 16 21 0.9281225 
728 313 14 17 0.92233396 
833 202 14 16 0.91773164 
567 201 11 14 0.91739786 
312 249 12 16 0.9169858 
310 203 11 14 0.91466594 
504 203 12 14 0.912305 
397 170 11 14 0.90598905 
261 174 11 14 0.90461004 
489 162 10 13 0.89986134 
872 246 13 15 0.89829224 
674 246 12 17 0.898087 
848 225 13 15 0.89732337 
448 203 10 13 0.8934664 
577 268 13 17 0.8900137 
284 149 11 14 0.88227516 
244 185 13 16 0.88186437 
705 166 9 12 0.875072 
688 295 14 18 0.8749238 
232 199 13 16 0.8715633 
540 208 11 14 0.86376023 
285 233 12 15 0.8575074 
568 233 12 15 0.8496854 
475 214 11 13 0.84844637 
606 209 11 14 0.8385932 
541 295 13 17 0.8326796 
272 163 12 14 0.8255426 
790 150 10 12 0.78259444 
722 213 12 15 0.75947136 
716 155 10 12 0.74444383 
678 155 8 11 0.74318045 
369 161 10 14 0.7097946 
298 142 10 13 0.69662905 
437 164 9 11 0.6936652 
689 200 12 14 0.6922345 
772 127 10 12 0.68651557 
738 160 10 12 0.68069714 
626 178 10 13 0.6451329 
780 139 10 12 0.6317631 
344 151 10 12 0.6008108 
628 153 10 11 0.5351475 
311 132 9 11 0.5181081 
572 152 9 11 0.47987372 
712 190 11 14 0.3842566 
681 182 10 12 0.29497 
638 168 9 10 0.2758692 
928 310 20 26 0.23282261 
700 319 11 15 0.22455676 
408 151 10 12 0.17947417 
522 147 9 12 0.17613539 
844 255 14 18 0.15850504 
782 317 11 15 0.15599564 
864 227 11 14 0.14859822 
782 189 10 14 0.13055463 
718 181 10 12 0.109708354 
359 166 10 13 0.104490235 
614 212 11 13 0.098252736 
587 293 11 15 0.09539471 
701 180 10 12 0.09233705 
824 234 12 16 0.089975506 
774 132 11 14 0.086958125 
820 228 12 16 0.08539227 
805 185 11 14 0.08343957 
582 167 10 11 0.08244146 
624 324 12 15 0.08125704 
317 156 10 12 0.07859446 
542 325 11 15 0.06746624 
318 151 9 11 0.064181685 
712 183 10 12 0.06383784 
614 196 11 13 0.06288784 
460 203 11 13 0.06253055 
717 174 11 12 0.060354754 
887 296 13 16 0.060119558 
366 189 11 14 0.057614684 
414 152 10 12 0.056401405 
480 125 11 14 0.055749908 
537 182 11 14 0.053517655 
695 139 11 13 0.05262524 
584 204 11 14 0.051689528 
425 453 15 17 0.05104937 
766 157 11 15 0.05065097 
420 156 10 11 0.05057779 
535 165 9 11 0.050358396 
589 179 10 12 0.049520914 
589 233 12 16 0.049224045 
365 181 11 13 0.048203256 
819 352 13 17 0.047865517 
489 214 11 13 0.047708187 
876 292 12 16 0.045880344 
535 294 13 16 0.045471128 
709 172 12 13 0.04329906 
525 206 12 15 0.04275885 
526 235 11 15 0.038513187 
612 206 11 14 0.038383134 
405 358 12 16 0.038177103 
584 181 10 12 0.03667681 
683 127 11 13 0.035061553 
934 350 12 17 0.034891244 
478 175 10 12 0.034804195 
479 103 9 11 0.033846553 
801 189 9 12 0.033605468 
364 453 14 17 0.033088364 
469 150 10 12 0.03287112 
429 174 10 13 0.032766853 
743 234 13 15 0.032548156 
736 197 10 12 0.03238275 
676 198 11 13 0.032371406 
473 159 9 10 0.032038156 
492 217 11 15 0.030804954 
415 172 10 12 0.030413419 
256 179 12 16 0.029728677 
448 138 10 14 0.029720824 
398 204 10 13 0.029597504 
452 200 11 13 0.029355431 
773 155 10 14 0.028735297 
525 228 12 16 0.028582722 
817 222 11 15 0.02792044 
320 230 11 14 0.027671197 
741 180 10 12 0.02682633 
419 123 11 13 0.026615532 
763 342 16 20 0.026606428 
716 193 12 14 0.026596604 
302 172 10 13 0.026380897 
584 173 10 13 0.02627808 
438 190 10 12 0.026008002 
616 179 10 12 0.025601735 
804 204 11 15 0.025516495 
624 196 11 15 0.025218748 
820 258 11 14 0.025109831 
455 235 11 15 0.02457668 
348 155 10 12 0.024346676 
374 190 10 13 0.023632333 
941 372 24 27 0.023204304 
402 171 12 14 0.023160713 
869 292 14 17 0.02309936 
764 272 15 16 0.023082187 
472 173 10 14 0.02284976 
570 155 9 11 0.022798637 
478 108 9 10 0.0225414 
477 151 10 10 0.02222693 
424 174 9 11 0.022206834 
534 159 9 11 0.02204026 
704 189 10 13 0.021926975 
601 210 11 15 0.021824537 
619 213 10 12 0.021489257 
798 198 11 14 0.021067856 
775 165 11 14 0.021028975 
471 110 9 11 0.02101071 
509 357 12 16 0.020605205 
345 182 11 14 0.020392563 
616 192 10 12 0.020390572 
