0_Parade_marchingband_1_768
87
675 636 34 41 0.994531 
821 617 33 42 0.99421257 
462 610 21 29 0.9852663 
984 639 34 40 0.95366687 
499 632 13 18 0.9309747 
909 650 34 34 0.930607 
532 614 21 23 0.9298111 
640 636 12 16 0.9121683 
712 622 11 14 0.856044 
784 622 12 15 0.82792866 
609 629 12 15 0.7510743 
403 627 10 13 0.54555744 
554 627 15 20 0.52084327 
305 580 10 13 0.4943079 
279 212 41 40 0.4841432 
298 648 13 17 0.35928392 
376 619 11 13 0.16545643 
390 626 12 14 0.13833961 
975 535 9 11 0.093480326 
598 585 8 10 0.08961467 
183 589 15 19 0.08956053 
349 635 11 16 0.07936922 
1001 549 11 13 0.07106841 
557 665 23 21 0.069215246 
896 551 9 11 0.06913797 
275 661 11 13 0.05945332 
61 634 14 16 0.057396535 
585 602 11 15 0.057107277 
912 493 8 10 0.054767933 
368 621 11 14 0.051789615 
515 627 14 18 0.051780645 
406 521 9 10 0.048751038 
291 608 10 11 0.047690194 
264 645 14 15 0.04757283 
926 526 8 9 0.046725865 
366 628 11 14 0.041768935 
502 565 8 10 0.041369703 
676 604 14 15 0.040936418 
135 562 11 13 0.04082078 
289 613 10 12 0.03884138 
848 519 8 9 0.037061438 
824 550 7 8 0.03617662 
970 535 8 11 0.035752073 
310 659 11 14 0.035459463 
500 583 10 13 0.03478038 
807 438 7 8 0.033624668 
210 511 10 12 0.032976046 
348 650 11 16 0.032591484 
262 651 13 15 0.03236172 
903 494 9 10 0.032259326 
310 553 10 13 0.03183279 
478 535 7 8 0.031784233 
407 668 20 19 0.031725906 
129 537 7 9 0.029087445 
507 628 13 18 0.028758666 
609 575 8 10 0.028628552 
554 566 9 10 0.02818923 
625 581 9 11 0.027816622 
310 644 10 14 0.027749304 
885 502 8 9 0.026834043 
166 504 10 12 0.026473314 
979 558 12 15 0.025352474 
512 511 7 9 0.024956796 
380 654 13 16 0.02422177 
882 503 7 10 0.024010394 
818 543 7 9 0.023832852 
366 634 11 15 0.023553465 
704 624 13 18 0.022978269 
872 511 7 9 0.022804871 
228 662 14 16 0.022724206 
817 560 7 9 0.022723908 
842 540 8 10 0.022072487 
661 596 9 13 0.02199529 
933 510 9 11 0.021956552 
577 497 6 8 0.021869697 
669 574 8 10 0.021776913 
529 496 6 9 0.02139723 
855 550 7 9 0.021216415 
927 552 9 12 0.021129353 
926 477 8 10 0.021122755 
543 544 8 10 0.02107472 
552 489 6 7 0.02099815 
863 517 7 9 0.02064827 
945 503 8 10 0.02048068 
630 582 9 11 0.020368753 
155 658 14 18 0.0202009 
373 636 11 14 0.020103138 
