0_Parade_Parade_0_247
46
311 418 11 14 0.91389686 
68 430 9 11 0.73677003 
206 337 32 47 0.55938464 
9 435 11 14 0.28895798 
877 487 13 15 0.27459264 
32 438 11 13 0.21529905 
989 447 17 20 0.21456288 
101 438 10 12 0.2066403 
892 451 10 13 0.19919023 
389 422 7 10 0.15216339 
3 286 79 141 0.13962258 
863 443 8 11 0.12453232 
38 445 10 13 0.0998293 
294 437 10 13 0.075761706 
521 452 8 10 0.07238268 
758 489 9 10 0.069282584 
125 495 10 13 0.064259835 
918 440 12 16 0.058086626 
542 470 8 11 0.051034313 
24 444 9 11 0.049061153 
761 504 8 10 0.0478238 
47 453 9 12 0.046128947 
870 418 14 19 0.042202532 
752 521 9 10 0.03986805 
134 437 8 10 0.038648807 
947 466 15 16 0.036357146 
280 439 8 11 0.032037545 
895 486 14 17 0.03174084 
175 439 10 11 0.029196559 
82 469 9 12 0.02774787 
861 488 13 18 0.026907938 
254 445 9 12 0.026738899 
315 416 11 14 0.025635809 
750 508 8 10 0.024736851 
574 464 7 8 0.024508426 
44 447 10 12 0.023785828 
52 422 9 12 0.023082342 
289 436 9 11 0.02222222 
565 470 7 10 0.021540966 
767 496 8 10 0.02149812 
642 440 8 9 0.02107086 
4 451 12 18 0.021036895 
971 493 13 17 0.020977339 
944 462 12 15 0.020719653 
646 439 7 8 0.020673271 
400 455 6 9 0.02035129 
