0_Parade_marchingband_1_139
26
694 266 171 110 0.9992865 
845 86 73 82 0.9917672 
393 91 30 42 0.9841405 
461 101 28 40 0.98223096 
302 50 33 38 0.5909399 
131 88 45 54 0.41276065 
18 68 100 117 0.2831343 
233 91 33 37 0.25506955 
711 137 20 23 0.24157992 
76 84 38 47 0.20038603 
631 119 31 47 0.17882496 
744 135 37 51 0.13228914 
718 133 23 30 0.12923883 
691 76 21 28 0.11417345 
938 202 37 49 0.11407849 
730 128 30 39 0.095758095 
739 118 32 43 0.06952866 
144 80 38 43 0.059248514 
341 180 55 57 0.05722856 
509 146 40 53 0.0311155 
8 45 66 99 0.0304098 
646 130 36 45 0.027401488 
151 101 52 56 0.027270379 
85 84 52 65 0.022517765 
741 121 19 23 0.022405202 
314 107 44 54 0.0203569 
