0_Parade_marchingband_1_649
39
661 216 37 43 0.9986771 
409 84 37 45 0.99861574 
23 198 37 49 0.998324 
490 123 35 43 0.99832374 
295 285 41 54 0.99797696 
859 154 31 37 0.99773055 
650 147 29 36 0.9976816 
556 82 35 47 0.9976615 
342 119 30 38 0.997532 
247 191 38 46 0.9973616 
970 151 32 40 0.9972989 
5 127 27 35 0.997227 
55 120 31 35 0.99706644 
761 150 27 36 0.99685436 
249 145 29 33 0.99665797 
895 320 39 50 0.99655557 
175 283 41 49 0.9960503 
813 202 35 45 0.9959706 
131 237 36 43 0.9953187 
702 173 22 32 0.99498296 
940 208 41 44 0.9947601 
797 283 39 53 0.994521 
700 288 38 50 0.99395293 
103 136 26 32 0.99394625 
528 130 30 38 0.99183184 
907 180 23 27 0.9888365 
834 177 23 29 0.9434323 
152 120 17 35 0.70445997 
233 153 19 30 0.673112 
437 131 28 33 0.63175285 
787 166 20 26 0.3501346 
149 152 15 25 0.14385016 
553 169 26 33 0.069457985 
620 502 9 11 0.045862436 
827 171 19 21 0.034058414 
48 244 21 30 0.030841716 
148 132 19 36 0.027287247 
803 164 14 20 0.025605896 
791 157 15 23 0.024633141 
