0_Parade_marchingband_1_104
57
315 252 34 38 0.99748623 
450 262 28 31 0.9972658 
126 252 15 19 0.9802926 
237 245 17 19 0.96583444 
35 252 13 16 0.9469954 
737 230 16 21 0.93877566 
834 228 13 16 0.931207 
148 241 13 16 0.89834 
353 235 11 14 0.7573713 
967 230 8 10 0.6279671 
284 234 11 15 0.6206643 
1004 219 15 23 0.48159415 
103 242 10 12 0.47071105 
574 248 18 28 0.47057006 
24 238 9 11 0.40942952 
602 228 8 11 0.36071476 
70 246 8 11 0.26417246 
340 228 9 12 0.26020575 
502 227 8 11 0.25095242 
407 240 12 14 0.24174842 
56 261 8 11 0.24172169 
416 256 9 11 0.21778016 
912 237 8 10 0.20691614 
264 236 9 12 0.20644373 
898 236 7 10 0.17710635 
252 236 9 13 0.17666297 
176 243 9 11 0.16233075 
549 241 11 15 0.15264438 
194 244 9 11 0.12544939 
901 237 8 10 0.09397364 
546 245 9 12 0.089290015 
616 229 9 11 0.0709635 
60 260 8 12 0.06890513 
7 268 10 12 0.06564528 
937 231 8 10 0.057683975 
950 231 8 10 0.05539721 
78 245 8 11 0.05454899 
604 225 9 11 0.05405272 
85 278 10 13 0.04994875 
269 232 9 11 0.04263055 
231 243 16 18 0.041518155 
224 242 11 14 0.037482694 
50 262 8 12 0.034187563 
945 232 8 10 0.031779487 
63 255 8 11 0.02952307 
456 245 13 14 0.02863602 
180 239 8 11 0.027720531 
642 223 8 9 0.026687501 
554 241 15 19 0.025861682 
1 269 9 11 0.025425345 
972 230 9 10 0.02507948 
583 250 15 22 0.02302889 
108 244 9 13 0.0221685 
558 242 23 28 0.021433068 
889 236 8 10 0.021166226 
71 251 8 12 0.02088844 
339 213 8 10 0.020386914 
