0_Parade_marchingband_1_556
21
496 282 29 36 0.9955844 
746 238 31 34 0.99557424 
638 256 31 37 0.99551326 
969 255 29 36 0.9953703 
147 286 33 45 0.9946437 
348 254 27 34 0.9943498 
564 300 38 54 0.99156755 
450 278 21 28 0.9853991 
82 264 25 29 0.98507845 
720 235 22 27 0.9833698 
558 254 20 24 0.97372705 
281 266 21 24 0.9609152 
210 298 15 21 0.1628819 
161 297 28 38 0.1376644 
52 390 12 16 0.12586701 
173 308 24 32 0.10296341 
0 569 11 16 0.06019891 
54 427 13 17 0.047297455 
203 309 19 20 0.028889196 
206 295 14 17 0.023802776 
6 439 13 16 0.020569103 
