0_Parade_marchingband_1_525
85
192 373 23 28 0.9871999 
677 381 22 26 0.9840625 
38 425 15 17 0.9765396 
401 385 21 25 0.976398 
764 437 17 20 0.97112983 
289 393 22 25 0.9660403 
899 423 19 22 0.9576102 
537 396 19 23 0.95358974 
836 419 12 16 0.9284091 
812 428 13 15 0.87672293 
132 412 20 23 0.86622906 
860 483 14 19 0.8529943 
624 413 11 15 0.83834976 
982 463 12 15 0.8027676 
120 410 12 15 0.70640254 
779 422 13 15 0.6619615 
76 423 10 13 0.5467547 
956 468 11 14 0.5002024 
10 424 8 10 0.46289638 
798 433 11 14 0.37812427 
975 462 12 15 0.34295213 
795 420 11 14 0.29491603 
582 422 9 12 0.280321 
92 419 10 13 0.25169837 
791 421 10 13 0.23545022 
733 399 14 18 0.23029085 
332 394 14 17 0.22742642 
457 475 9 13 0.18752569 
261 395 14 21 0.13633184 
122 408 20 23 0.12824297 
331 402 17 21 0.12425105 
585 416 9 12 0.11859954 
157 419 10 14 0.10367112 
949 473 15 16 0.09393453 
572 410 9 13 0.09015325 
346 402 15 20 0.087332144 
925 430 12 16 0.081821166 
24 430 10 12 0.07093793 
831 421 13 17 0.067916796 
465 509 8 11 0.064935595 
793 428 11 15 0.061186723 
805 433 13 15 0.06084143 
338 396 15 18 0.058652163 
61 423 9 11 0.052469965 
945 434 11 14 0.04594906 
89 417 9 12 0.04556825 
349 396 15 19 0.04504719 
484 485 10 11 0.04482295 
600 424 13 17 0.043968793 
12 427 9 11 0.042935114 
524 504 11 13 0.04283027 
577 426 10 12 0.041211303 
22 424 9 11 0.041192207 
339 404 15 22 0.040351402 
926 447 11 13 0.039216798 
430 491 11 13 0.038921274 
969 461 11 16 0.03740597 
773 422 16 21 0.035150502 
469 510 8 10 0.034275256 
310 404 12 17 0.033881493 
472 495 7 9 0.03254579 
238 387 12 17 0.03164169 
495 502 7 9 0.03113573 
511 502 8 10 0.030807992 
964 466 11 16 0.029693946 
480 493 8 10 0.029221214 
511 417 8 9 0.029035429 
736 435 12 16 0.027917555 
734 516 32 39 0.027270123 
920 426 12 18 0.026406141 
469 504 7 9 0.026240658 
465 453 7 10 0.02595377 
463 471 9 12 0.025741309 
228 369 21 29 0.025451733 
729 397 12 17 0.025351679 
808 423 12 15 0.025218166 
486 493 9 11 0.024238039 
62 427 10 13 0.023253083 
89 433 9 14 0.0225254 
328 389 15 17 0.021682393 
774 416 14 16 0.021477645 
294 364 9 13 0.020955991 
317 538 11 13 0.02093533 
468 469 9 12 0.02051744 
1014 526 9 13 0.020070542 
