0_Parade_marchingband_1_695
88
572 93 61 71 0.9992005 
311 171 51 58 0.9983429 
845 196 42 45 0.9946802 
753 268 25 31 0.9943908 
77 270 24 30 0.9874806 
142 249 29 35 0.97574097 
518 241 23 28 0.97496355 
183 210 38 51 0.9661167 
279 167 16 22 0.89457476 
430 170 16 19 0.879322 
262 179 15 18 0.6705524 
518 223 11 13 0.61143875 
992 71 10 13 0.5843103 
939 95 10 13 0.56301075 
508 309 23 25 0.53481126 
477 366 11 16 0.50167674 
20 292 24 28 0.43031788 
31 262 9 11 0.4259671 
880 113 7 8 0.39067477 
968 86 8 10 0.37288132 
188 187 11 14 0.3660674 
480 179 12 16 0.3340691 
955 231 28 33 0.28059945 
909 110 7 9 0.25612804 
784 268 24 30 0.24988174 
560 139 27 39 0.21023846 
281 172 22 27 0.18771209 
517 172 11 14 0.18489243 
175 190 10 12 0.18114237 
47 268 10 14 0.14177833 
1009 115 8 10 0.13971585 
512 332 23 26 0.1212288 
510 170 14 17 0.115891576 
977 267 21 22 0.11546918 
557 148 12 17 0.09729322 
1006 78 8 10 0.08972708 
416 173 11 16 0.07687014 
1014 62 7 11 0.072186105 
826 146 7 9 0.06943018 
1016 69 7 11 0.060019467 
111 188 8 10 0.055817887 
1000 77 9 12 0.054018304 
173 194 12 15 0.04944697 
505 167 12 15 0.04851143 
525 185 11 14 0.04737922 
17 256 8 10 0.04537254 
424 172 15 17 0.044924166 
1013 116 8 11 0.04364424 
270 173 14 19 0.043568376 
0 255 10 15 0.041237604 
100 251 15 18 0.04022 
483 184 13 16 0.040145002 
829 148 7 10 0.03974124 
974 257 17 18 0.03926145 
15 235 8 10 0.038653027 
842 152 7 9 0.0383803 
847 151 6 9 0.03606111 
507 303 15 19 0.035535276 
962 244 28 30 0.035513435 
894 108 7 9 0.034847263 
564 147 16 24 0.033719886 
890 104 7 10 0.03305217 
26 262 8 11 0.03240954 
209 158 10 12 0.03032906 
1008 133 8 11 0.03025107 
942 115 8 11 0.029309763 
704 153 8 10 0.028051827 
927 97 8 9 0.027778424 
57 205 6 9 0.02651634 
874 110 7 10 0.02585396 
152 192 8 9 0.025617294 
913 141 7 9 0.02503581 
799 129 8 8 0.024907274 
809 158 6 9 0.024872694 
1008 102 8 9 0.024280762 
967 80 8 11 0.023876261 
950 72 7 9 0.022684501 
963 87 7 10 0.022663383 
784 165 7 9 0.0222621 
150 195 9 12 0.022118466 
1001 141 8 10 0.021982182 
962 70 9 11 0.021658488 
745 152 8 9 0.021625707 
405 184 10 13 0.021060456 
3 261 10 14 0.02065211 
442 173 14 19 0.020424755 
929 126 8 9 0.02040785 
146 196 8 11 0.020210383 
