0_Parade_marchingband_1_329
96
136 313 22 28 0.9881814 
896 334 22 26 0.98380923 
569 304 20 22 0.98283297 
565 337 17 21 0.98158413 
413 320 16 18 0.9783417 
658 333 21 22 0.97685254 
448 416 20 25 0.97647786 
191 310 21 26 0.9755356 
572 422 19 25 0.97326297 
632 427 20 26 0.97257847 
478 315 17 20 0.9709636 
836 326 20 24 0.9687055 
523 317 18 19 0.9642304 
372 323 16 20 0.9624767 
714 373 20 22 0.95612055 
609 314 20 22 0.95506084 
332 321 15 20 0.9525539 
212 337 21 26 0.95058453 
542 324 14 15 0.93864346 
291 318 18 20 0.9376137 
707 332 16 20 0.93568844 
329 390 17 18 0.9345819 
510 427 19 23 0.9340982 
80 298 20 23 0.922266 
158 327 20 22 0.9058435 
588 312 18 23 0.9043646 
758 395 15 16 0.9017818 
684 330 15 18 0.89037937 
253 386 19 21 0.8740567 
785 352 16 18 0.84878695 
638 305 19 24 0.8389564 
390 383 18 19 0.7772625 
798 403 16 18 0.7277229 
441 322 16 17 0.71569073 
749 343 14 16 0.679419 
768 337 13 15 0.65800923 
506 332 16 18 0.6545397 
180 394 20 21 0.6420144 
338 359 14 15 0.60710883 
283 383 14 17 0.50754315 
354 358 14 18 0.49334097 
290 363 15 17 0.42735964 
753 315 12 14 0.24011272 
741 317 11 14 0.22102344 
399 326 13 17 0.17520115 
462 313 12 16 0.15116625 
633 352 16 19 0.09040845 
748 335 14 17 0.084416874 
462 325 15 18 0.082659006 
643 347 15 18 0.081176944 
263 434 15 17 0.07592921 
741 339 14 17 0.07527882 
786 341 15 18 0.07321855 
695 314 13 14 0.06802434 
611 343 18 22 0.06794805 
736 342 11 14 0.065584145 
295 308 16 19 0.057943124 
563 322 15 18 0.05764361 
76 285 25 30 0.05053805 
332 311 13 16 0.049013324 
720 428 14 17 0.0464529 
372 312 14 16 0.042017885 
398 431 14 16 0.041328486 
412 310 15 18 0.04128748 
670 364 15 18 0.039240096 
626 161 16 19 0.038678017 
582 121 18 18 0.038141906 
767 348 12 14 0.03649869 
711 318 12 14 0.036458764 
606 343 15 18 0.03561205 
368 316 15 18 0.035577517 
704 326 14 17 0.03440935 
388 373 19 22 0.034110244 
218 326 16 19 0.033578016 
743 312 12 14 0.032361567 
624 289 18 20 0.03163475 
316 333 13 16 0.031174418 
838 420 13 14 0.030911459 
678 305 14 17 0.030903846 
765 328 13 16 0.027630024 
803 446 11 13 0.027373137 
626 295 21 26 0.027333025 
721 363 16 21 0.027027218 
286 367 17 20 0.026379542 
691 337 13 17 0.025199613 
652 384 15 18 0.024918798 
690 325 14 18 0.024723763 
351 282 10 14 0.023736948 
310 315 11 15 0.02367903 
449 323 15 17 0.02313603 
758 332 12 16 0.022943877 
591 304 12 16 0.022554684 
787 313 15 16 0.022393411 
683 342 15 19 0.022377154 
709 363 22 27 0.02213601 
406 323 14 18 0.020035682 
