0_Parade_Parade_0_43
730
490 222 18 23 0.9891971 
544 289 19 23 0.98657054 
755 402 18 22 0.984723 
603 513 20 24 0.980098 
771 461 18 22 0.97660875 
265 513 21 25 0.9745634 
884 463 19 23 0.97329754 
439 288 19 22 0.97241545 
10 481 21 24 0.9720988 
656 349 18 24 0.9716916 
942 521 21 24 0.9716864 
310 452 21 26 0.97086626 
305 356 22 25 0.9693189 
187 387 20 23 0.96860147 
549 448 18 23 0.9680052 
200 452 20 24 0.9670262 
810 435 18 22 0.9668733 
443 448 20 24 0.9660144 
385 341 19 22 0.9659972 
714 515 20 24 0.96580774 
77 455 18 22 0.96448475 
31 510 21 24 0.9637672 
702 377 21 24 0.962576 
152 507 21 25 0.96255213 
398 513 21 24 0.9612302 
254 378 21 24 0.9565341 
143 277 9 11 0.95537674 
823 517 20 23 0.9512103 
599 342 19 24 0.9495274 
678 449 19 23 0.9475087 
501 394 20 23 0.94718325 
134 427 20 25 0.93898904 
499 513 21 25 0.93793947 
848 325 11 13 0.93492603 
791 386 17 18 0.9105397 
809 262 9 11 0.86838835 
790 327 10 12 0.8667601 
114 271 9 11 0.8536631 
978 323 10 13 0.78972906 
367 286 9 12 0.7862634 
328 280 8 11 0.7778872 
838 373 11 13 0.7691423 
776 317 9 12 0.7577835 
938 331 9 12 0.744465 
703 261 8 10 0.73308253 
896 297 9 11 0.713948 
886 375 10 12 0.6973206 
702 337 11 12 0.67692864 
821 314 10 12 0.66769207 
887 271 9 10 0.66644365 
674 311 9 12 0.66103333 
750 324 11 12 0.65872353 
766 300 9 10 0.6568056 
936 248 8 11 0.6183759 
910 276 7 10 0.60430604 
749 264 9 11 0.5947243 
848 295 9 11 0.57738155 
761 273 8 10 0.57176304 
39 257 8 11 0.5698016 
754 292 8 11 0.5691646 
862 369 12 14 0.5042185 
174 276 9 11 0.5004192 
921 278 8 10 0.49238572 
817 335 11 12 0.48767385 
849 264 8 10 0.47906134 
830 293 9 11 0.4612177 
69 317 9 11 0.45885015 
767 240 8 10 0.45667294 
62 254 9 11 0.45134604 
773 383 13 16 0.44771644 
614 303 9 10 0.44700933 
557 238 9 10 0.43749887 
839 260 8 10 0.4359119 
906 328 10 12 0.42468712 
154 256 8 10 0.42446488 
917 500 17 21 0.41902217 
807 324 10 13 0.41723144 
343 273 8 11 0.40860704 
837 357 12 15 0.4000846 
872 263 7 9 0.39946285 
4 517 16 19 0.39149573 
711 318 9 11 0.3842601 
725 316 9 11 0.38169143 
785 245 9 10 0.37849978 
829 272 8 10 0.37363827 
661 319 10 13 0.37337026 
297 286 8 11 0.36152568 
624 269 7 10 0.34104237 
607 241 8 10 0.33928815 
894 323 8 12 0.32187277 
137 214 7 9 0.3166733 
640 308 9 11 0.31453413 
302 231 7 10 0.31351048 
605 300 9 10 0.3098461 
760 228 8 10 0.30812314 
888 255 7 9 0.30229095 
575 236 9 10 0.29883504 
327 303 9 11 0.2954413 
601 285 8 10 0.2947883 
996 256 10 11 0.2915949 
793 264 8 10 0.2888306 
657 318 9 12 0.2886011 
999 309 9 11 0.28343603 
581 260 8 10 0.28313398 
118 252 8 11 0.28153738 
614 286 7 10 0.28130263 
1014 319 9 14 0.27957204 
985 270 9 11 0.27853453 
584 240 8 9 0.27192953 
793 277 8 9 0.26776317 
290 268 7 9 0.2666716 
149 405 11 15 0.2652635 
193 283 10 12 0.2643619 
853 223 8 9 0.2622741 
927 263 8 10 0.25002155 
735 285 8 11 0.24924597 
889 207 7 9 0.24665514 
73 225 8 9 0.24066506 
736 294 8 11 0.23841016 
993 254 9 11 0.23045838 
901 371 10 13 0.22447588 
369 247 8 10 0.22210725 
865 265 7 9 0.21292521 
718 256 7 9 0.21033546 
238 276 8 10 0.20314221 
710 279 8 9 0.20140627 
957 261 8 10 0.20096537 
822 365 11 14 0.19633242 
876 312 10 11 0.19367741 
854 308 10 12 0.19289719 
608 261 7 9 0.19099411 
21 261 9 11 0.18670093 
810 238 8 10 0.18535845 
318 318 11 13 0.1836299 
625 303 8 10 0.18340142 
933 303 9 10 0.18189943 
717 359 14 15 0.17930844 
931 271 8 10 0.17890511 
869 288 9 11 0.17569208 
567 253 8 10 0.17554459 
911 294 8 10 0.17499682 
792 271 8 10 0.17450912 
1001 237 8 9 0.17340133 
704 318 9 10 0.16964671 
584 277 10 13 0.16953446 
848 300 11 13 0.16823527 
800 365 13 15 0.16681205 
852 303 10 13 0.16518207 
873 256 7 9 0.16222577 
360 222 9 12 0.16108264 
722 209 6 9 0.15657859 
334 237 7 10 0.15589654 
729 269 9 10 0.15526071 
568 264 8 11 0.15251008 
64 238 8 11 0.15233776 
967 255 8 11 0.15217547 
359 207 8 9 0.15026608 
38 241 8 10 0.14894605 
91 264 8 11 0.14656675 
673 279 8 9 0.14638941 
910 258 7 9 0.14473403 
816 287 8 11 0.14449163 
346 239 8 11 0.14412126 
773 263 7 10 0.14396678 
927 228 7 10 0.14392598 
934 309 8 11 0.14108935 
637 271 8 9 0.14019698 
600 255 8 9 0.13991237 
279 253 8 10 0.13928953 
643 290 7 9 0.13922648 
871 367 10 13 0.13395491 
943 228 8 10 0.13356324 
721 287 8 10 0.1329433 
848 268 9 10 0.12928341 
23 278 9 12 0.12822634 
313 238 7 8 0.12795126 
757 290 8 10 0.12618619 
158 271 8 10 0.12601192 
921 300 8 11 0.12542641 
766 325 10 12 0.12531042 
982 294 9 11 0.1241639 
838 364 12 16 0.123092085 
247 347 13 15 0.121224776 
310 205 8 9 0.118403055 
782 288 9 11 0.11788054 
320 280 8 11 0.11778641 
762 214 7 9 0.11632051 
311 303 8 10 0.113306545 
93 246 8 10 0.11309598 
767 317 10 12 0.112511404 
745 323 11 13 0.11086849 
194 239 7 9 0.11081875 
767 272 9 11 0.11079512 
959 257 8 10 0.109575346 
343 223 7 10 0.10791069 
365 279 9 11 0.10764888 
928 296 9 10 0.10575796 
766 312 9 11 0.105671056 
873 230 8 11 0.10509289 
218 276 8 10 0.10468715 
583 283 10 14 0.10448454 
233 276 9 10 0.10370692 
728 245 8 9 0.10345715 
151 237 7 8 0.10232257 
577 261 8 10 0.10175896 
638 230 7 9 0.10125459 
923 214 7 9 0.10053509 
585 273 9 11 0.099709675 
632 206 7 9 0.098729864 
726 330 12 14 0.098206356 
936 214 8 9 0.097690135 
317 270 7 9 0.09703508 
880 273 8 10 0.09367841 
934 296 8 9 0.09282429 
130 270 8 10 0.09245542 
923 230 7 9 0.092055365 
733 264 8 11 0.09171489 
808 278 8 9 0.09053419 
731 231 7 9 0.09048418 
1015 265 8 12 0.088781424 
369 208 8 9 0.08871384 
-1 262 7 12 0.088550754 
865 191 7 8 0.08818636 
669 245 7 9 0.087877795 
809 215 7 8 0.087281875 
709 296 8 11 0.08728001 
677 256 8 10 0.085128225 
775 272 8 10 0.083473496 
880 208 7 9 0.08161817 
313 221 7 8 0.08122733 
104 230 8 9 0.080596454 
729 280 8 10 0.07916196 
903 318 9 11 0.07885949 
782 356 10 13 0.07875578 
274 184 7 9 0.07859993 
310 323 10 13 0.07724748 
215 255 7 8 0.07703582 
5 280 9 11 0.07690577 
872 276 8 11 0.076393075 
135 264 7 10 0.0760211 
927 301 9 11 0.07578557 
953 232 7 8 0.07545011 
999 372 10 12 0.07517001 
874 316 9 12 0.07508195 
887 263 8 9 0.07500677 
601 262 7 9 0.07497855 
62 278 9 11 0.07445203 
271 278 7 10 0.07406466 
984 216 7 8 0.07370731 
714 240 6 8 0.07254188 
1000 233 8 9 0.07245091 
992 418 13 16 0.07238221 
912 206 7 9 0.07113713 
929 310 8 11 0.06942175 
745 268 8 11 0.069168665 
193 231 6 8 0.0685105 
943 153 7 8 0.06837563 
737 338 10 13 0.06833033 
98 214 8 9 0.06819102 
765 245 9 10 0.06729117 
934 277 7 10 0.06681262 
862 308 9 11 0.06673375 
558 233 8 10 0.06671984 
873 271 8 10 0.06671518 
760 263 8 9 0.06661717 
234 214 7 8 0.06608205 
624 289 8 9 0.065920494 
287 293 7 10 0.0649092 
784 213 7 9 0.064659715 
1009 323 10 13 0.064286575 
265 279 9 10 0.064178005 
183 238 7 9 0.06401388 
601 298 9 11 0.06351823 
573 206 7 9 0.06332843 
807 310 9 12 0.06329445 
973 309 8 11 0.0625043 
994 259 10 13 0.061728958 
928 278 7 9 0.061705675 
137 231 7 9 0.061166003 
752 232 7 9 0.06100333 
206 261 8 10 0.06088944 
897 372 9 13 0.060751352 
685 273 8 10 0.060231585 
881 288 8 10 0.060018715 
631 326 13 20 0.059784967 
902 190 7 8 0.059208512 
881 254 7 9 0.05885466 
39 133 8 10 0.058831464 
353 271 7 10 0.058656514 
136 239 7 9 0.05807721 
728 285 8 10 0.057234995 
953 238 8 10 0.05712541 
263 239 7 9 0.05685835 
679 162 8 9 0.056473922 
1008 174 7 10 0.05638547 
1014 307 10 14 0.056305572 
984 254 9 10 0.05623308 
711 356 15 16 0.05617397 
906 261 7 9 0.056153543 
857 248 7 9 0.0559266 
818 311 10 12 0.05578036 
810 189 8 8 0.055679653 
715 255 7 9 0.05565777 
209 231 7 8 0.055517565 
680 239 6 8 0.055354893 
160 262 8 10 0.055257667 
296 281 7 10 0.054966215 
114 249 8 9 0.05443444 
335 277 8 11 0.053971 
762 302 9 10 0.053862613 
750 221 7 10 0.053350635 
797 276 9 10 0.053336613 
2 586 13 16 0.053124655 
910 289 8 10 0.053101514 
229 239 8 10 0.052635543 
839 319 9 11 0.05239153 
361 157 8 9 0.052255362 
105 225 7 9 0.052035768 
337 271 8 10 0.052035023 
900 346 10 14 0.051984582 
998 316 9 12 0.05175883 
624 294 8 9 0.05159607 
922 263 8 9 0.051466268 
983 302 9 12 0.05137302 
775 358 10 13 0.051179416 
916 344 10 11 0.051143616 
984 248 7 9 0.051083084 
134 269 8 10 0.051074278 
1007 238 8 10 0.050974004 
750 238 8 9 0.050858997 
279 287 8 10 0.050838504 
863 248 7 9 0.050315797 
902 293 9 11 0.050229553 
48 191 8 10 0.04991323 
941 176 7 9 0.049327772 
673 272 7 9 0.048760105 
872 325 8 11 0.04857558 
165 261 8 9 0.04809462 
240 264 7 9 0.048071112 
752 256 8 10 0.047770068 
653 205 7 9 0.047472253 
863 217 7 8 0.047369126 
21 225 7 9 0.046714574 
960 169 7 9 0.04665848 
728 240 8 10 0.04632667 
993 320 9 11 0.046120644 
969 260 8 10 0.04610016 
770 257 8 9 0.046039585 
936 318 8 10 0.045966316 
335 233 7 10 0.045851693 
744 303 9 11 0.04524615 
913 347 10 12 0.045128234 
588 286 10 13 0.04494916 
718 262 8 9 0.044915847 
569 238 8 9 0.044842143 
905 288 8 10 0.04469294 
577 215 7 9 0.04466776 
655 240 7 9 0.044474423 
202 262 8 10 0.044410583 
742 311 9 10 0.044406757 
642 256 7 9 0.044364367 
113 221 7 9 0.044178832 
990 249 8 9 0.04407668 
756 200 8 10 0.043933094 
846 160 7 9 0.043884464 
871 192 7 9 0.04377505 
863 303 8 12 0.043599427 
894 255 8 10 0.043453805 
703 268 9 10 0.043355353 
362 277 8 10 0.0432197 
326 307 11 13 0.04312098 
992 176 7 8 0.042812355 
992 426 13 17 0.042761967 
841 323 11 14 0.042727817 
272 293 7 9 0.042268906 
160 277 8 10 0.042180073 
250 224 8 10 0.042099144 
802 200 7 10 0.042078905 
167 231 7 9 0.04188631 
250 277 7 10 0.041741595 
1005 343 10 11 0.04170329 
655 301 8 10 0.040809397 
389 287 9 11 0.04076142 
896 286 9 9 0.04074356 
929 341 9 12 0.04065558 
318 222 7 9 0.040643673 
991 214 6 8 0.040612876 
311 217 7 10 0.040550802 
721 280 8 9 0.040530223 
863 351 9 12 0.04035195 
599 248 8 9 0.040196314 
710 313 9 11 0.040094793 
824 207 7 9 0.03994032 
807 267 9 11 0.039910976 
0 158 7 10 0.039861847 
759 312 9 11 0.039663963 
288 288 7 9 0.039584097 
903 312 8 11 0.039582424 
927 183 7 8 0.03947814 
191 256 7 9 0.039390717 
912 157 8 9 0.039231367 
784 273 8 9 0.039180346 
274 232 6 9 0.0391331 
655 246 7 9 0.039070003 
703 311 8 11 0.038763262 
558 245 9 11 0.038723078 
708 334 10 13 0.03870831 
886 365 11 16 0.03869386 
899 232 7 9 0.03833134 
992 309 9 10 0.038312346 
34 176 7 10 0.03824483 
95 241 8 9 0.03824414 
286 160 7 9 0.038157582 
861 357 11 13 0.03811451 
303 277 8 10 0.038097467 
840 280 8 9 0.037790217 
982 265 9 11 0.037533116 
314 285 8 9 0.03749718 
871 599 10 12 0.037493013 
972 488 12 18 0.037293762 
876 366 10 13 0.037252124 
742 319 11 12 0.037053443 
278 234 7 9 0.037052963 
834 263 7 10 0.037045613 
953 257 8 10 0.036857497 
743 380 13 17 0.03654969 
705 301 9 10 0.036067545 
111 239 7 10 0.03604518 
929 318 8 10 0.036034923 
125 255 8 10 0.036008224 
967 199 7 8 0.035999905 
677 260 9 11 0.035985153 
578 257 8 10 0.035885446 
903 222 7 9 0.035818264 
278 281 8 10 0.035751775 
304 273 8 10 0.035649914 
940 248 9 11 0.035571884 
817 206 7 9 0.035458073 
589 294 10 11 0.035429426 
696 309 8 10 0.03538117 
975 260 8 10 0.035093635 
603 240 8 9 0.034991354 
184 262 7 9 0.034944415 
912 201 7 8 0.03489855 
897 247 7 9 0.034855142 
662 313 9 10 0.034688845 
897 222 8 9 0.03455291 
253 278 8 10 0.034413453 
641 263 8 9 0.034365587 
679 342 10 14 0.034217965 
636 350 14 19 0.034114312 
714 231 6 8 0.034018192 
170 273 9 10 0.033938225 
1008 199 8 8 0.033916183 
127 263 8 10 0.03388058 
725 208 7 9 0.03387202 
1004 310 11 13 0.03373376 
672 297 7 9 0.033622924 
984 307 9 11 0.033622906 
857 365 11 13 0.033418577 
928 168 7 8 0.033349004 
103 140 11 13 0.033315618 
263 287 8 10 0.033099946 
306 168 7 9 0.033051815 
280 293 8 9 0.03299926 
756 325 10 12 0.032928776 
210 256 7 10 0.032886375 
848 280 8 9 0.032831114 
358 272 8 10 0.032730732 
951 244 9 10 0.03271251 
273 224 6 8 0.032514535 
8 144 7 9 0.03245234 
258 256 8 9 0.03229665 
733 325 9 12 0.03229534 
640 201 7 8 0.03227846 
237 215 7 8 0.032264136 
295 247 7 9 0.03202052 
105 238 8 10 0.031940863 
832 372 12 15 0.031897083 
240 241 8 9 0.0318448 
894 208 7 8 0.0318109 
145 237 8 10 0.031648424 
906 274 8 9 0.031465124 
576 340 17 20 0.03131422 
583 216 8 8 0.031198712 
333 198 7 9 0.031149248 
983 379 9 10 0.031065252 
369 272 8 11 0.031059483 
292 266 8 9 0.031040661 
671 302 9 10 0.0310357 
64 248 9 12 0.031032989 
223 287 7 10 0.031011676 
657 279 8 10 0.030962879 
738 256 7 9 0.030870462 
274 238 7 9 0.03084857 
887 359 10 13 0.030816987 
193 193 6 8 0.030737698 
785 181 7 10 0.03066687 
711 272 7 9 0.030379318 
1002 333 8 10 0.030333957 
655 230 8 10 0.030325651 
230 245 9 10 0.030275438 
937 230 8 9 0.030176995 
698 335 10 12 0.030130845 
807 296 9 10 0.029981473 
685 333 10 12 0.029981053 
848 247 7 9 0.02996338 
874 208 7 10 0.029807575 
618 270 8 9 0.029702373 
250 229 8 9 0.029630944 
69 254 9 11 0.02948335 
670 214 7 9 0.0294463 
247 272 7 10 0.02935415 
881 249 7 8 0.029349698 
809 233 7 9 0.029280065 
790 242 7 9 0.02926722 
174 283 10 12 0.029126838 
798 185 8 9 0.029068973 
763 240 8 10 0.029016223 
747 217 7 9 0.028867725 
646 262 7 9 0.028836833 
850 229 8 10 0.028834617 
361 215 8 9 0.028750531 
975 214 6 9 0.028743224 
239 245 8 10 0.028693054 
1010 268 9 11 0.028626747 
680 276 8 10 0.028597975 
137 256 7 9 0.028515577 
27 278 10 13 0.028513372 
672 285 8 9 0.028470395 
601 193 7 10 0.028432773 
754 182 7 8 0.028430369 
885 174 8 9 0.028368756 
343 288 8 10 0.028355295 
351 288 8 10 0.02830219 
209 216 7 8 0.028227355 
942 287 8 10 0.028223483 
905 208 6 8 0.028055822 
262 255 8 10 0.028004639 
366 156 7 10 0.027883662 
940 317 8 10 0.027877333 
305 311 8 9 0.027821245 
742 370 15 18 0.027808525 
322 316 12 13 0.027765803 
808 245 9 10 0.027763851 
310 309 8 9 0.027728695 
879 238 7 9 0.0276984 
338 224 7 9 0.027684752 
629 302 8 11 0.027666438 
966 248 8 9 0.027653603 
127 224 7 9 0.027604995 
742 253 8 10 0.02751807 
160 224 6 8 0.027487537 
712 247 7 9 0.027418623 
1005 366 11 13 0.027415711 
711 352 11 13 0.027333757 
850 240 7 8 0.027296802 
685 327 9 11 0.027059698 
329 271 8 9 0.027055267 
726 180 7 9 0.027045954 
200 272 9 10 0.02698992 
306 184 6 8 0.026975228 
21 464 14 19 0.026969355 
777 294 8 10 0.026958156 
136 246 8 9 0.026881726 
367 213 8 9 0.026757607 
968 316 9 12 0.026657581 
644 292 9 11 0.026503464 
334 264 8 9 0.02649246 
854 281 8 10 0.026462723 
180 277 8 11 0.026455026 
334 161 7 9 0.026443306 
172 301 9 11 0.026442649 
957 150 8 9 0.026305793 
742 295 8 10 0.026243662 
559 253 9 12 0.026236674 
979 223 7 9 0.026166076 
849 308 10 12 0.026159745 
897 263 7 9 0.026115118 
328 166 7 10 0.02603342 
710 285 9 10 0.0259811 
830 207 7 8 0.025939904 
352 301 10 14 0.025911424 
355 207 7 10 0.025909247 
908 318 9 11 0.025895426 
897 280 7 9 0.02588583 
328 223 7 9 0.025874652 
974 209 8 8 0.025841184 
823 216 7 8 0.025764085 
774 321 10 13 0.025666073 
313 280 8 10 0.025649212 
931 152 6 8 0.025638347 
271 272 7 9 0.025567306 
312 176 7 9 0.025559949 
856 255 8 8 0.025536416 
878 323 10 12 0.0254433 
147 595 15 15 0.025404157 
310 201 7 9 0.025252774 
992 231 7 9 0.02512485 
1015 214 8 11 0.025100708 
169 286 9 11 0.02494416 
722 312 9 10 0.024907961 
849 289 9 10 0.024892315 
32 261 9 10 0.024842538 
1010 206 8 10 0.024753792 
608 216 6 8 0.024732986 
894 271 8 9 0.024687745 
225 232 7 9 0.024680318 
102 277 8 10 0.0246587 
967 224 7 9 0.024633609 
35 256 8 11 0.024632946 
958 207 8 8 0.024592169 
831 317 10 12 0.024565348 
717 168 8 10 0.024524957 
25 202 7 9 0.024426814 
215 149 6 8 0.024390833 
684 343 9 12 0.024334097 
904 216 6 8 0.024272889 
302 191 7 8 0.0242516 
707 190 7 9 0.024247661 
912 239 7 8 0.02416452 
197 240 8 9 0.02415782 
178 152 6 8 0.02411514 
183 233 7 8 0.024078768 
825 276 8 9 0.024075232 
959 173 8 9 0.023992656 
920 272 8 9 0.023950709 
825 190 7 8 0.023946838 
129 229 7 9 0.023899237 
160 216 6 8 0.023894835 
374 271 8 10 0.023880811 
958 308 8 10 0.023873905 
615 241 7 8 0.023858972 
1016 222 7 10 0.023745527 
880 224 7 9 0.023645882 
120 263 9 10 0.02346032 
333 120 7 9 0.023457907 
297 291 8 11 0.02345155 
999 266 9 13 0.023450533 
656 271 7 9 0.023394758 
774 302 8 10 0.02334789 
711 262 8 11 0.023280066 
928 257 8 9 0.02320912 
329 233 7 9 0.023163253 
661 280 8 10 0.023095695 
768 288 8 9 0.02307448 
743 287 7 10 0.022951 
952 192 7 8 0.02291221 
962 201 7 8 0.022864811 
265 271 8 11 0.022844685 
718 239 6 8 0.022817302 
863 221 7 9 0.022793753 
751 341 11 13 0.022759516 
34 239 8 10 0.022756578 
737 319 8 11 0.022752305 
704 233 6 7 0.022675645 
41 192 8 9 0.022654241 
957 231 7 9 0.022608401 
953 207 8 10 0.022603767 
777 176 7 8 0.02259734 
656 284 9 11 0.022546967 
941 311 8 11 0.022513669 
797 326 10 13 0.02250278 
919 200 7 8 0.022421014 
343 292 9 11 0.022370853 
853 348 11 14 0.022332428 
1016 231 7 9 0.022310892 
239 223 7 9 0.022281792 
879 293 9 10 0.02226369 
700 208 9 10 0.022224361 
711 324 10 11 0.022163698 
17 278 10 12 0.022111991 
305 199 7 9 0.022085477 
632 254 7 9 0.022078516 
880 191 7 9 0.022026235 
166 620 17 20 0.02194216 
1006 555 10 13 0.02193036 
563 298 12 16 0.021890149 
752 310 9 11 0.021860488 
787 415 14 16 0.021858938 
736 207 7 8 0.021841737 
650 240 8 9 0.021806616 
665 191 7 9 0.021792253 
671 241 7 8 0.02179045 
889 214 8 9 0.02178902 
970 215 7 8 0.021773933 
617 214 6 8 0.021748388 
1007 181 8 11 0.021719046 
38 217 7 8 0.021659555 
144 231 7 10 0.021656089 
873 214 8 9 0.021654455 
105 271 8 11 0.021644773 
887 238 7 8 0.02161397 
937 288 8 9 0.02154741 
73 214 7 9 0.021531047 
887 169 7 8 0.021495776 
979 246 7 10 0.021417772 
584 231 8 9 0.02137102 
118 221 7 9 0.021368878 
616 263 7 10 0.021348108 
127 247 8 10 0.021334311 
312 233 8 10 0.021122016 
654 201 7 9 0.021096557 
758 317 10 12 0.021005403 
71 277 9 11 0.020947369 
135 190 7 9 0.020934394 
153 222 7 8 0.020894872 
168 257 7 9 0.02086743 
765 231 8 10 0.020796342 
863 393 10 13 0.02066077 
112 118 8 10 0.020620907 
791 365 11 13 0.020578604 
319 233 7 9 0.020561386 
754 205 7 8 0.020541254 
961 247 8 10 0.020533666 
844 356 11 14 0.020520406 
911 300 9 10 0.020508524 
624 176 7 8 0.02038169 
758 207 7 8 0.020359648 
152 260 9 10 0.020280818 
719 333 10 12 0.020257719 
217 285 8 10 0.020249372 
746 237 8 9 0.020238213 
122 207 7 8 0.020199329 
330 160 8 9 0.020086732 
778 288 8 10 0.020076083 
801 247 8 10 0.020057715 
232 210 7 8 0.020049946 
352 151 8 9 0.020045813 
766 331 10 12 0.02003472 
