0_Parade_Parade_0_519
19
412 243 121 147 0.9994772 
863 255 94 110 0.99941576 
116 262 51 66 0.9969104 
173 264 72 92 0.9967495 
665 298 45 69 0.99479634 
88 249 32 41 0.99366754 
753 262 32 38 0.98939884 
595 267 28 42 0.973293 
813 274 25 32 0.4207177 
103 257 39 51 0.40007654 
996 250 23 33 0.24021387 
795 233 14 16 0.15650593 
651 252 22 25 0.08582489 
737 311 28 46 0.054164708 
780 214 15 18 0.05283351 
722 273 26 33 0.051082715 
136 251 68 93 0.039219398 
921 177 16 19 0.028493542 
989 255 17 24 0.022960002 
