0_Parade_marchingband_1_267
90
466 223 33 37 0.99830556 
165 245 34 39 0.9982545 
424 202 26 32 0.99790347 
354 235 26 32 0.99777836 
509 234 27 33 0.9970552 
315 221 25 35 0.99705505 
584 225 25 32 0.9942496 
564 137 17 20 0.992766 
-1 219 29 47 0.99274904 
804 140 16 19 0.9893757 
505 194 22 28 0.9864871 
925 145 15 19 0.98292506 
646 155 16 20 0.98000664 
832 146 13 16 0.96858037 
549 178 21 26 0.96644366 
582 180 20 25 0.9632356 
711 163 18 22 0.9487049 
624 174 17 22 0.93879557 
589 143 13 15 0.9150457 
735 146 13 16 0.9025419 
709 187 16 24 0.8819458 
761 154 14 16 0.8727207 
845 131 11 13 0.8547425 
680 145 13 16 0.7317079 
473 196 22 25 0.72243154 
677 199 15 22 0.7216512 
703 149 13 15 0.62794715 
896 121 11 12 0.62730414 
653 195 18 22 0.62263465 
662 149 14 17 0.5797035 
406 118 8 10 0.51365733 
633 148 12 14 0.4887749 
936 104 7 9 0.42863265 
788 138 11 13 0.328283 
606 209 21 27 0.30105522 
881 118 10 12 0.22402698 
856 134 10 12 0.22185472 
999 108 8 11 0.2072086 
117 41 52 57 0.19422446 
914 118 9 11 0.15167244 
511 111 7 10 0.14877404 
548 148 14 16 0.14829221 
985 143 9 13 0.14070337 
952 97 7 9 0.09846421 
613 107 10 12 0.09794186 
878 123 11 13 0.094793476 
152 51 25 32 0.09111748 
964 133 12 14 0.086329974 
774 150 12 15 0.084328875 
862 89 8 9 0.073651955 
913 112 7 10 0.06765708 
913 124 10 12 0.06742291 
969 109 9 10 0.06690978 
983 103 7 9 0.066059224 
977 87 8 8 0.06521594 
974 109 8 10 0.06497365 
235 388 26 23 0.06036067 
439 112 8 10 0.059420016 
488 104 7 10 0.056158096 
691 162 13 18 0.053954635 
693 148 12 14 0.050595466 
983 110 7 9 0.04704426 
638 154 14 17 0.044437163 
856 89 8 10 0.041728094 
485 94 7 10 0.04167264 
622 109 10 11 0.041539527 
669 195 17 25 0.037322205 
482 102 8 11 0.036966644 
605 205 17 20 0.03386099 
656 189 17 21 0.033450246 
407 113 8 11 0.031998076 
631 111 9 10 0.031516206 
1009 103 8 10 0.031084461 
960 110 8 10 0.03078841 
902 102 10 10 0.029926244 
882 80 8 10 0.029501557 
885 125 10 12 0.027658584 
998 139 9 13 0.02540571 
911 95 9 9 0.024999477 
598 90 7 9 0.024759918 
621 132 10 13 0.02432933 
495 108 7 9 0.023536494 
707 155 14 19 0.02323899 
874 125 10 13 0.022812951 
975 104 7 10 0.02268824 
937 134 10 12 0.02237252 
593 92 7 11 0.022295177 
590 165 14 16 0.022248907 
850 94 8 9 0.021622943 
278 5 72 61 0.02028014 
