0_Parade_marchingband_1_172
302
245 168 32 39 0.998494 
570 239 38 50 0.99716103 
853 180 29 35 0.9964689 
746 124 25 31 0.99607867 
509 141 26 33 0.9957859 
374 107 25 30 0.99531025 
279 91 23 29 0.9935607 
943 125 24 29 0.992784 
440 103 24 28 0.99196327 
561 131 25 30 0.99180764 
113 83 24 30 0.9914902 
671 179 29 32 0.98867816 
696 135 28 30 0.98793286 
779 100 22 28 0.9869376 
649 103 22 26 0.98496026 
909 97 17 21 0.9820135 
841 97 22 27 0.97936124 
492 109 22 27 0.97919786 
592 109 24 28 0.9779574 
560 48 16 21 0.9743979 
879 167 23 29 0.9719517 
540 67 17 21 0.96888304 
253 94 20 26 0.96625036 
170 80 23 28 0.9650936 
68 32 16 19 0.96473587 
251 46 17 22 0.9642955 
872 102 19 23 0.958 
984 129 21 26 0.95730597 
370 85 20 22 0.95536566 
192 94 22 26 0.95502746 
229 85 20 24 0.9535162 
304 76 20 27 0.95157367 
406 63 15 20 0.95112145 
524 92 20 26 0.9492747 
886 139 23 27 0.9451052 
644 77 19 20 0.93892473 
69 80 21 26 0.93808776 
586 77 20 23 0.9347628 
674 52 15 18 0.93056315 
439 69 22 26 0.9300518 
838 22 13 16 0.9175014 
712 100 20 23 0.91340905 
469 38 13 18 0.90903604 
113 27 14 17 0.89275515 
487 4 11 13 0.8900021 
488 66 18 23 0.8668693 
696 73 16 21 0.8522322 
1006 76 14 17 0.84861547 
651 41 13 17 0.8480729 
608 48 13 16 0.8468693 
0 31 13 21 0.84387034 
786 44 13 15 0.8409572 
966 118 18 23 0.830703 
288 66 17 19 0.8243214 
805 74 21 25 0.81608665 
954 84 15 19 0.81334513 
743 47 12 14 0.8019504 
331 120 21 27 0.7773505 
504 50 14 16 0.7547393 
320 4 13 17 0.7544933 
285 40 15 17 0.7470401 
728 37 10 12 0.71958745 
395 100 20 28 0.71720177 
275 139 23 25 0.7013896 
997 33 14 18 0.6895694 
202 36 14 17 0.6830801 
49 71 17 21 0.67842126 
337 3 12 15 0.6730041 
0 4 11 15 0.6538126 
429 12 12 16 0.64343256 
284 7 11 14 0.63076025 
932 88 14 18 0.62132734 
202 114 23 25 0.62074035 
631 47 13 16 0.61599356 
902 36 12 14 0.6159176 
512 66 16 20 0.61333 
128 19 12 16 0.6004247 
823 20 11 15 0.595995 
18 4 12 15 0.58307874 
952 54 13 15 0.5824109 
487 31 11 13 0.58167285 
921 19 14 17 0.5689142 
48 7 12 15 0.5643732 
915 74 12 15 0.5642932 
409 30 11 13 0.54307944 
401 10 14 16 0.5273102 
926 37 12 14 0.5200906 
812 33 11 14 0.5088107 
443 23 12 13 0.44079328 
873 77 11 13 0.40345797 
382 10 11 13 0.39466748 
797 21 9 12 0.39180005 
964 155 23 28 0.38780215 
523 44 13 16 0.38739848 
330 92 17 20 0.3798603 
677 13 11 14 0.3766404 
867 15 11 15 0.36514673 
209 64 16 19 0.36436346 
646 12 10 13 0.36222947 
695 32 11 14 0.35512835 
309 60 14 18 0.35471487 
191 1 13 12 0.35458392 
520 21 12 14 0.35107365 
369 68 15 16 0.34967136 
635 24 10 12 0.34917012 
90 62 18 20 0.34688482 
568 22 9 13 0.336708 
580 35 12 14 0.31669998 
748 28 10 12 0.3154875 
520 12 12 13 0.3062897 
710 68 14 17 0.29768223 
148 1 14 16 0.28458047 
605 21 11 14 0.2430826 
772 27 12 14 0.23731723 
87 15 12 15 0.2354079 
462 10 13 15 0.23506626 
269 5 11 14 0.22830757 
272 0 10 10 0.21851923 
18 42 16 19 0.21225786 
552 16 10 13 0.21179861 
316 21 11 14 0.2083399 
666 147 22 26 0.2033647 
375 12 11 13 0.20290579 
365 0 12 11 0.19473676 
443 43 14 15 0.17809966 
334 18 10 13 0.17585517 
976 120 20 27 0.17428493 
580 5 9 12 0.16585402 
856 29 10 11 0.16254722 
215 13 10 14 0.16111845 
692 20 10 12 0.15794128 
138 63 16 19 0.15173459 
350 0 11 13 0.14926003 
737 16 9 12 0.14877053 
628 12 10 13 0.14860961 
165 47 17 19 0.14854561 
612 150 22 27 0.14409809 
548 27 10 14 0.14311415 
1014 33 10 17 0.14296536 
298 4 10 12 0.14154494 
811 162 30 34 0.14047667 
716 26 10 13 0.13771422 
1007 115 14 19 0.1347697 
72 0 12 11 0.13459453 
552 107 17 22 0.13345037 
703 21 9 12 0.12910448 
855 22 10 13 0.12868494 
878 23 10 13 0.12584655 
652 21 11 13 0.123429015 
112 62 19 21 0.11341529 
483 23 14 14 0.11305727 
376 43 12 14 0.11183713 
463 42 14 17 0.10727557 
446 146 22 28 0.10548449 
672 19 12 14 0.1033509 
131 3 12 13 0.09377011 
576 13 10 12 0.0917379 
240 2 9 10 0.09085575 
496 20 12 15 0.09002172 
603 15 11 14 0.08470242 
816 76 16 20 0.08199531 
924 27 13 17 0.08043465 
717 14 9 10 0.08038714 
102 0 14 11 0.08009425 
600 153 25 30 0.0798378 
611 28 11 14 0.07969495 
759 28 10 13 0.07830167 
528 140 21 28 0.07463509 
557 19 10 14 0.073899776 
456 44 12 16 0.07301554 
725 41 12 15 0.07226528 
0 111 17 22 0.07082436 
293 77 21 28 0.07011146 
729 22 9 11 0.069185086 
968 68 11 13 0.067933 
212 35 13 15 0.06684989 
341 29 10 14 0.06550159 
223 1 10 10 0.06495365 
34 0 15 11 0.06471945 
579 59 13 16 0.06387116 
372 0 12 10 0.06250995 
244 3 10 12 0.06244787 
14 48 17 19 0.061554335 
744 23 9 11 0.06053129 
239 86 22 30 0.060089953 
294 64 19 25 0.059197623 
181 2 12 14 0.057306763 
688 15 9 11 0.056563556 
853 13 10 13 0.05629457 
886 30 9 12 0.055592243 
536 137 18 22 0.05488851 
658 43 12 15 0.05428371 
572 84 14 21 0.053591173 
309 12 12 16 0.053349663 
165 66 16 20 0.0525898 
28 74 15 21 0.051665436 
37 3 15 16 0.05019863 
358 1 13 14 0.05004353 
978 135 23 29 0.04962056 
542 44 12 13 0.048554454 
143 0 14 12 0.047606893 
694 8 9 10 0.046849646 
444 49 14 16 0.04593642 
651 15 11 13 0.045341387 
324 1 12 14 0.044933278 
369 12 11 14 0.044609506 
743 39 11 14 0.043668345 
585 34 13 16 0.04349493 
780 27 9 12 0.043445215 
406 1 12 11 0.042706113 
341 1 12 13 0.04235213 
861 100 23 27 0.04211967 
512 22 10 14 0.041969463 
982 107 13 15 0.040663503 
388 5 12 15 0.04002053 
300 12 13 17 0.039822746 
727 31 11 13 0.039772697 
939 85 14 18 0.039527807 
495 14 12 14 0.039499573 
219 37 12 13 0.039470606 
836 6 11 12 0.039281216 
207 0 10 9 0.039230037 
11 33 19 26 0.0388239 
128 1 10 11 0.038112022 
38 9 16 17 0.037159793 
998 173 19 31 0.036506776 
991 68 11 14 0.036329594 
773 82 16 19 0.035821754 
977 243 24 27 0.03579158 
528 80 21 26 0.035661474 
1003 29 13 19 0.035630137 
678 38 13 15 0.03525733 
366 73 21 23 0.034482636 
477 71 18 22 0.034362324 
255 241 36 38 0.034084424 
216 0 10 9 0.03391069 
479 15 12 14 0.033344977 
837 14 12 15 0.033247825 
952 123 18 22 0.03286521 
265 10 12 14 0.032824073 
206 6 11 13 0.032800257 
404 18 14 17 0.03262089 
199 100 21 28 0.032199644 
109 73 22 27 0.031085068 
488 35 13 15 0.030626314 
305 63 21 27 0.030608965 
214 6 12 13 0.030597188 
203 88 21 27 0.030526815 
75 2 13 15 0.03028345 
575 30 11 14 0.03002367 
517 1 15 15 0.029746521 
909 22 11 13 0.029014006 
320 117 23 28 0.028541211 
30 1 13 15 0.028350515 
412 0 11 10 0.028008979 
625 45 10 15 0.027889157 
382 148 29 37 0.027730798 
677 30 12 12 0.027089698 
766 22 12 14 0.027041527 
553 116 23 30 0.026984513 
895 30 11 14 0.02690096 
81 69 20 26 0.026868789 
847 12 11 14 0.02670213 
209 12 12 14 0.02669985 
594 14 10 12 0.026606329 
309 104 15 21 0.026557732 
215 30 12 15 0.026369821 
734 79 15 20 0.026344782 
107 9 13 14 0.02591098 
441 154 19 25 0.025584642 
855 7 10 12 0.025382124 
685 35 13 15 0.02528441 
568 17 9 12 0.025198745 
953 193 24 35 0.024901384 
687 30 11 13 0.024470983 
1014 23 10 18 0.024393475 
734 31 9 12 0.024013294 
828 81 13 17 0.023539064 
216 67 15 18 0.023451526 
457 11 12 14 0.023438174 
670 27 11 13 0.023228137 
544 134 23 28 0.02310084 
605 34 14 18 0.022901949 
229 1 10 10 0.022656163 
357 13 11 16 0.022624526 
1011 71 13 19 0.022019958 
500 24 12 15 0.021956384 
764 15 10 11 0.021885727 
721 39 10 12 0.021524074 
310 7 12 13 0.021263735 
640 13 11 13 0.02125296 
324 97 22 28 0.021184627 
748 35 11 14 0.020939661 
168 68 23 29 0.020866312 
621 0 11 11 0.020844275 
93 67 20 26 0.020692715 
188 15 13 14 0.020438451 
501 55 14 20 0.020297913 
569 50 14 19 0.020293066 
798 38 10 12 0.020163747 
1004 125 16 22 0.020151023 
872 27 10 13 0.02000586 
