0_Parade_marchingband_1_410
645
877 450 30 43 0.9968485 
697 485 26 41 0.9948336 
464 488 23 34 0.9936866 
563 468 24 35 0.99365884 
686 323 11 15 0.98583454 
312 481 22 29 0.9776139 
469 130 12 16 0.9764721 
387 482 20 29 0.9764217 
652 398 13 16 0.97485447 
221 481 21 29 0.97394174 
17 502 18 23 0.97382945 
472 79 10 12 0.97225463 
48 131 11 14 0.9639114 
96 53 11 14 0.9635964 
277 436 11 15 0.9615899 
91 503 15 25 0.96009916 
117 214 11 14 0.95903915 
660 220 11 15 0.95590776 
665 333 11 14 0.95590025 
176 259 11 14 0.95478976 
828 300 12 15 0.9515557 
736 123 10 14 0.94988906 
837 317 12 15 0.9477168 
885 317 10 13 0.9471627 
917 47 10 13 0.94282466 
390 413 12 16 0.9427508 
783 226 12 14 0.9417038 
652 318 11 14 0.9360158 
901 337 13 16 0.9343555 
825 340 11 15 0.92856294 
809 88 9 11 0.9249878 
230 426 12 14 0.9246603 
810 275 12 15 0.9234489 
339 467 14 17 0.92147934 
382 79 10 12 0.9201379 
39 111 12 14 0.91956925 
350 413 12 15 0.91943705 
331 450 14 17 0.9171154 
95 179 11 15 0.9094709 
598 62 9 12 0.9083472 
171 463 13 17 0.90743023 
244 446 12 15 0.90551776 
164 380 11 14 0.90133494 
263 77 10 14 0.89671755 
742 196 11 12 0.8939961 
400 4 10 14 0.8931951 
179 493 17 28 0.8917287 
454 38 12 15 0.8893892 
966 301 12 14 0.8890157 
223 76 10 13 0.8869874 
125 461 14 17 0.8867673 
705 191 11 14 0.88592136 
927 246 13 14 0.8851476 
266 479 14 18 0.8829523 
60 462 14 15 0.8826307 
866 445 16 21 0.87739265 
568 378 12 15 0.87593216 
847 282 11 14 0.87457204 
862 210 12 15 0.87434214 
822 107 11 13 0.87425476 
236 338 14 16 0.8713982 
249 35 11 14 0.86920536 
144 269 11 13 0.86578256 
129 36 10 13 0.8643488 
982 212 11 15 0.8604036 
139 177 12 16 0.8578123 
647 291 11 14 0.8576877 
140 487 14 18 0.85450697 
939 29 11 14 0.8525462 
776 92 11 13 0.8495507 
182 178 12 15 0.8484619 
404 347 13 16 0.84710103 
156 218 12 14 0.84624964 
454 7 11 13 0.84431756 
678 262 11 14 0.8441147 
966 246 10 14 0.8392812 
64 69 10 13 0.8345969 
0 106 9 16 0.8316179 
215 309 12 16 0.8293928 
263 254 11 13 0.82758564 
892 70 11 13 0.8272157 
679 157 11 14 0.8259838 
943 134 9 11 0.82443905 
199 218 12 14 0.82040304 
802 318 11 13 0.8194611 
841 84 10 13 0.8108699 
663 123 10 12 0.81020266 
657 68 10 12 0.8099391 
126 230 11 15 0.80535823 
1010 340 11 15 0.8052804 
496 315 11 15 0.8043777 
686 68 9 12 0.80370206 
355 23 14 15 0.80294865 
145 75 10 13 0.8004938 
769 123 12 15 0.7992332 
750 282 13 15 0.79606605 
39 346 12 15 0.79486936 
86 210 14 17 0.7898021 
255 314 12 14 0.78938556 
142 50 11 14 0.789021 
608 395 12 14 0.78765017 
609 340 9 12 0.7870689 
228 139 10 13 0.7857233 
997 444 11 17 0.7845967 
838 132 9 11 0.78258824 
896 211 11 15 0.7786083 
638 336 11 14 0.77637684 
99 146 11 14 0.77126896 
969 335 11 13 0.7700484 
167 314 12 14 0.76736706 
359 85 9 11 0.7673062 
941 216 11 14 0.7610508 
419 43 11 14 0.7600323 
180 52 11 14 0.75910836 
326 29 10 11 0.75505036 
208 41 11 14 0.7538732 
23 219 12 14 0.7513102 
659 173 10 13 0.74278295 
567 335 12 14 0.74256736 
797 482 18 25 0.74222726 
727 350 13 15 0.741087 
493 114 11 13 0.73708946 
609 173 11 13 0.7328179 
237 296 12 14 0.72578305 
110 314 12 14 0.7251195 
48 490 12 16 0.72430634 
38 229 11 13 0.7231008 
73 84 11 14 0.71907264 
169 229 10 14 0.7154861 
15 137 12 15 0.70915675 
720 162 12 14 0.7081316 
789 374 14 17 0.70406926 
140 367 10 12 0.69508654 
77 14 9 11 0.693353 
692 123 12 14 0.6924568 
192 14 12 14 0.6915189 
359 317 10 13 0.69099677 
413 434 14 18 0.6909511 
267 330 12 15 0.68807256 
21 87 10 12 0.6865091 
999 278 12 16 0.6864883 
310 336 12 16 0.68369114 
137 388 12 15 0.67621225 
587 157 11 12 0.6741338 
100 418 13 15 0.6735868 
242 239 11 14 0.6731649 
547 151 12 14 0.6728553 
577 115 10 12 0.6723301 
776 333 12 16 0.6715284 
204 377 11 14 0.66673076 
313 414 12 15 0.6647612 
537 67 11 14 0.66178644 
274 411 13 14 0.65851736 
286 150 10 12 0.655816 
263 147 11 12 0.65512305 
439 260 11 15 0.6539864 
716 67 10 13 0.6515218 
139 147 11 14 0.6500173 
470 26 12 14 0.6491372 
501 135 12 16 0.64527905 
602 293 9 11 0.64527065 
510 78 9 11 0.6390922 
932 73 9 11 0.6336636 
176 151 11 13 0.6332356 
285 113 11 14 0.63206995 
669 469 16 24 0.6310258 
27 72 10 12 0.63071996 
983 140 9 11 0.6197277 
122 334 13 15 0.61917454 
631 289 11 14 0.61777097 
182 76 10 12 0.61726004 
914 321 12 15 0.6134266 
792 300 10 14 0.6073603 
833 175 11 13 0.60018516 
221 327 12 14 0.59366965 
625 225 12 15 0.5919811 
575 132 10 14 0.5887651 
57 404 10 12 0.5883949 
326 319 12 15 0.5693592 
557 59 11 12 0.56910396 
872 0 11 11 0.5652889 
928 303 11 13 0.5585307 
72 312 12 16 0.557285 
28 311 12 13 0.55296427 
433 421 12 14 0.5519542 
554 174 10 13 0.5493997 
244 123 9 13 0.5435917 
656 444 13 16 0.54218143 
615 6 8 11 0.533853 
209 238 12 13 0.5308034 
616 377 12 16 0.53024614 
922 283 13 15 0.52904135 
742 264 12 16 0.5179847 
388 98 11 15 0.5110534 
26 328 13 16 0.5049018 
252 385 12 14 0.4945909 
640 100 10 12 0.48772702 
976 436 13 18 0.4867207 
846 203 10 12 0.48345423 
518 171 12 16 0.47376928 
869 31 10 12 0.4670984 
49 31 11 14 0.4605771 
348 353 13 15 0.45873088 
280 376 9 11 0.45043105 
88 336 10 13 0.4485192 
569 172 11 12 0.44253856 
632 158 10 12 0.4305761 
943 192 9 10 0.42710748 
508 24 9 12 0.41920263 
546 39 10 13 0.41818783 
217 256 11 13 0.40437 
241 219 11 14 0.3960237 
984 417 12 15 0.39241928 
75 244 15 18 0.3904217 
430 10 10 13 0.38841707 
113 450 10 13 0.3848239 
752 400 12 16 0.3803609 
273 270 10 13 0.37563965 
638 63 9 12 0.37434444 
647 415 14 17 0.37241182 
21 56 9 11 0.3696656 
932 122 11 13 0.36714706 
0 163 7 14 0.36407563 
337 286 10 14 0.3575513 
58 55 10 11 0.35567656 
1009 178 11 13 0.34756356 
309 166 10 13 0.3470935 
226 46 10 12 0.34596235 
169 31 11 13 0.339672 
907 0 11 11 0.3312302 
616 117 10 12 0.32692292 
852 264 9 12 0.31225118 
593 174 10 12 0.3107914 
0 19 7 13 0.30493927 
43 430 10 14 0.30141464 
903 44 10 13 0.29829404 
424 94 11 14 0.2962928 
577 24 11 13 0.29432103 
348 117 9 12 0.29356578 
504 7 9 11 0.2863013 
520 320 9 12 0.2861582 
215 418 12 14 0.2774504 
807 135 10 12 0.2767198 
967 175 8 10 0.27350593 
645 7 10 12 0.26999655 
607 320 10 12 0.26959503 
14 315 11 12 0.26732326 
378 255 13 15 0.26301417 
821 204 9 12 0.25998053 
358 107 10 12 0.25679395 
238 15 12 14 0.25356534 
148 287 12 15 0.25175023 
993 180 8 10 0.24867383 
937 192 9 11 0.24420525 
220 467 13 16 0.23483455 
228 404 11 13 0.22984993 
543 26 10 12 0.22928141 
421 99 10 13 0.22617763 
160 419 10 13 0.22016186 
957 160 8 9 0.2140392 
837 -1 11 10 0.21339957 
112 4 9 9 0.21053913 
755 381 11 15 0.21023706 
870 130 11 12 0.20676175 
44 12 10 11 0.20501617 
190 452 9 13 0.20027311 
662 155 10 12 0.19827512 
970 120 8 10 0.19628143 
913 130 10 13 0.19052984 
66 227 13 16 0.18721008 
487 71 11 13 0.1856559 
639 110 10 12 0.18226975 
380 131 12 14 0.1804446 
496 459 13 17 0.1797574 
1006 152 9 10 0.1749912 
62 61 11 14 0.17449355 
129 14 9 10 0.17120835 
1 207 10 15 0.16779447 
-1 263 7 13 0.16594192 
965 286 11 14 0.16430694 
340 428 12 16 0.16386399 
672 462 23 34 0.16345644 
63 135 11 12 0.1608186 
418 460 16 22 0.16025965 
446 319 11 16 0.15437195 
841 29 9 11 0.15256493 
931 351 10 13 0.15225282 
739 157 9 13 0.15198709 
557 397 11 13 0.14827354 
0 305 9 15 0.1468349 
220 415 12 15 0.14639902 
167 72 9 12 0.14597401 
309 188 11 12 0.14314578 
355 0 11 11 0.142317 
445 366 10 12 0.14211626 
612 95 10 13 0.14161149 
413 82 11 14 0.14144492 
1006 157 9 10 0.13915807 
601 323 10 12 0.13803156 
124 177 11 14 0.13737603 
495 284 11 14 0.13603999 
937 7 9 10 0.13247219 
31 0 10 9 0.12769504 
110 382 10 13 0.12436494 
128 419 14 14 0.12432958 
864 133 8 11 0.12290538 
805 398 11 15 0.12264981 
78 400 9 11 0.12211856 
984 -1 10 10 0.12144874 
652 278 10 11 0.12138483 
320 13 11 12 0.11899606 
785 188 11 14 0.116839625 
80 463 10 13 0.112779684 
256 146 11 13 0.11240957 
880 47 10 12 0.11034234 
392 42 12 14 0.108974956 
541 183 10 13 0.107737824 
656 11 10 11 0.10459987 
932 283 12 13 0.10227204 
104 382 9 11 0.101476066 
877 135 10 10 0.10038182 
605 77 9 11 0.09997628 
632 151 10 12 0.09991858 
804 263 12 13 0.09722523 
282 284 12 15 0.09599577 
584 350 9 11 0.0937806 
789 112 9 10 0.09356911 
354 354 13 16 0.092167266 
224 135 11 14 0.09213205 
803 410 15 19 0.09143958 
1013 176 9 13 0.090755396 
917 220 9 12 0.090331964 
69 234 15 18 0.08854894 
588 0 9 9 0.0882065 
265 383 9 11 0.08804079 
178 349 9 12 0.08717427 
410 78 11 14 0.087163314 
219 127 10 12 0.086919606 
620 68 9 11 0.086736485 
287 72 8 11 0.086134225 
669 102 9 11 0.085896686 
763 360 12 16 0.08549731 
77 88 12 14 0.085125096 
284 292 10 14 0.08413808 
671 149 10 11 0.08391315 
103 482 12 16 0.08329083 
352 168 9 12 0.07970541 
379 464 15 21 0.077582344 
16 191 11 14 0.07731083 
669 124 10 12 0.076092914 
480 382 10 13 0.075862214 
166 223 12 15 0.07359492 
174 364 11 14 0.0735907 
286 172 9 11 0.07286501 
436 132 10 12 0.071793534 
434 262 11 14 0.07163368 
8 131 13 16 0.07087334 
881 374 9 13 0.07032394 
25 46 8 11 0.069631316 
116 310 11 14 0.06915371 
645 60 10 14 0.068351634 
477 375 11 13 0.067998454 
47 70 10 13 0.06774914 
638 150 10 13 0.0673861 
635 134 10 13 0.06735418 
198 418 10 14 0.06697247 
709 384 12 18 0.06644016 
118 25 8 11 0.066421725 
945 246 11 13 0.0664085 
699 410 12 17 0.0653456 
208 417 12 15 0.06522877 
281 111 11 13 0.064794034 
242 173 9 11 0.0635975 
81 485 11 16 0.063435234 
228 410 12 14 0.06306802 
785 7 8 11 0.06171139 
900 135 11 12 0.06167271 
116 380 10 13 0.06084098 
417 323 8 11 0.059609346 
677 152 11 14 0.059333302 
692 130 12 14 0.05929515 
854 1 11 11 0.058739018 
183 140 10 12 0.058693502 
672 144 10 11 0.05815883 
340 260 11 13 0.058106612 
18 59 10 12 0.057599187 
209 11 9 12 0.05600662 
660 49 10 11 0.054977085 
83 245 12 15 0.054692283 
524 324 9 11 0.05434202 
962 174 9 11 0.05427493 
158 15 9 11 0.05351432 
256 412 9 12 0.053244974 
992 205 10 13 0.052983996 
966 79 9 11 0.05264 
365 293 8 11 0.05259893 
118 62 10 13 0.052228708 
523 177 12 14 0.051285155 
62 428 11 12 0.051183213 
153 180 10 13 0.05032521 
112 375 10 12 0.050103 
882 279 9 12 0.04989396 
77 18 11 12 0.049539555 
635 286 11 14 0.04884834 
801 203 10 13 0.048785493 
288 95 9 11 0.04873511 
950 340 9 11 0.048711803 
973 123 9 11 0.047941208 
865 35 10 12 0.047918405 
741 465 15 21 0.04770284 
55 5 9 10 0.04764794 
331 456 19 23 0.04701836 
406 45 10 12 0.04663755 
102 376 9 11 0.04646332 
4 405 10 13 0.046233896 
936 325 11 14 0.04605409 
157 20 10 12 0.046047714 
334 120 9 11 0.045923904 
436 387 10 13 0.04584394 
471 285 9 10 0.045724794 
1016 142 7 11 0.045149494 
102 101 10 12 0.045133546 
246 408 10 12 0.044664327 
665 439 15 22 0.044489138 
611 7 9 11 0.044481397 
419 50 11 14 0.04432638 
666 103 8 11 0.044234414 
79 208 14 17 0.044095322 
41 204 11 15 0.043507636 
637 140 10 12 0.043464217 
776 348 12 17 0.043001175 
863 429 10 14 0.042901423 
5 426 12 15 0.042584334 
884 44 11 14 0.042038597 
65 1 9 9 0.04176645 
525 387 8 11 0.041354887 
342 63 8 11 0.04120649 
368 57 11 14 0.041187253 
477 22 10 14 0.040980645 
477 352 10 12 0.04093389 
333 469 16 20 0.04087595 
294 6 8 11 0.040294476 
702 394 13 17 0.040078435 
1 468 10 14 0.03998349 
687 110 8 10 0.03993055 
841 372 11 14 0.039661244 
671 96 8 10 0.03904804 
287 6 8 11 0.038772967 
617 65 9 11 0.038612027 
22 316 12 13 0.038441703 
567 23 9 11 0.038405094 
487 285 12 14 0.038403824 
328 52 10 12 0.038292143 
988 139 9 12 0.038078472 
627 443 15 19 0.037955318 
688 37 9 11 0.03773831 
671 156 10 13 0.03742926 
71 31 9 13 0.037185606 
299 217 14 15 0.0371314 
529 222 10 11 0.037061792 
279 277 12 14 0.037052408 
885 262 9 12 0.03661387 
942 61 11 11 0.03660457 
394 5 11 14 0.036278624 
15 23 8 10 0.03612595 
303 48 10 13 0.035745315 
123 213 11 13 0.035514727 
672 70 9 11 0.03522003 
677 123 9 12 0.035070416 
416 93 12 15 0.03487405 
171 235 11 14 0.034498543 
380 471 22 31 0.034492925 
559 362 10 12 0.034207765 
73 405 9 11 0.034159336 
190 457 11 14 0.03372973 
449 448 12 16 0.033681802 
646 67 10 13 0.033620298 
553 56 10 13 0.03349029 
800 403 13 20 0.033487722 
307 437 12 16 0.033040076 
535 21 10 12 0.0330304 
157 224 12 16 0.03285984 
529 15 9 12 0.032844044 
62 16 10 11 0.032818228 
21 290 9 13 0.032814946 
406 39 9 13 0.032612465 
564 30 9 11 0.032402005 
316 384 10 12 0.032261543 
751 385 14 19 0.032211874 
689 120 11 14 0.032021895 
70 6 9 10 0.031945057 
551 -1 9 8 0.031693503 
298 375 9 12 0.03146453 
472 280 9 11 0.0313561 
334 45 10 13 0.031170717 
347 503 17 22 0.031119395 
797 413 16 21 0.031084722 
927 221 10 12 0.030943077 
699 124 11 13 0.030857097 
968 169 9 10 0.030746391 
254 0 11 9 0.030589657 
571 434 11 14 0.030520929 
188 76 10 13 0.030443994 
56 15 9 10 0.030441869 
177 175 12 15 0.030155454 
174 371 11 14 0.030145856 
644 334 10 14 0.029871767 
4 367 10 13 0.029818803 
499 455 13 16 0.029740274 
979 140 8 11 0.029599648 
757 93 9 12 0.029507704 
661 9 9 12 0.02945953 
55 1 8 9 0.029453702 
419 189 10 13 0.029227052 
271 261 11 14 0.029078592 
673 198 10 13 0.029049564 
812 1 10 10 0.028973985 
768 282 11 15 0.028927742 
384 38 11 13 0.028807523 
440 75 10 11 0.028671622 
1015 158 7 10 0.028653318 
765 419 10 14 0.028615942 
669 108 9 11 0.028615188 
109 70 11 13 0.028493566 
852 22 9 11 0.028420636 
94 103 10 13 0.02832779 
929 175 8 10 0.028325504 
344 419 11 15 0.02823934 
624 0 8 10 0.028133687 
133 513 16 18 0.028044406 
855 75 10 13 0.027955994 
455 1 11 12 0.027813949 
694 108 10 11 0.027721653 
865 128 10 12 0.027699003 
436 151 13 17 0.027638976 
78 431 9 12 0.02762532 
262 436 10 14 0.027607616 
333 159 9 13 0.02739916 
977 136 8 11 0.027385617 
703 280 9 13 0.027228417 
593 333 10 12 0.027146492 
479 285 9 11 0.027057199 
194 302 9 12 0.027003257 
406 136 10 11 0.026899045 
688 219 12 15 0.026834775 
396 39 12 15 0.026777089 
128 42 11 13 0.026719647 
683 267 11 14 0.026698561 
955 390 14 18 0.026595637 
901 100 9 11 0.026551604 
896 138 10 12 0.026485993 
708 148 11 12 0.026331209 
960 125 8 11 0.026270336 
206 511 14 20 0.026174085 
42 8 9 12 0.026172409 
512 318 10 13 0.026097938 
955 163 8 11 0.026072998 
824 141 9 11 0.026032174 
669 299 10 12 0.026017971 
69 429 11 13 0.025704544 
128 9 8 9 0.025671134 
1014 149 9 11 0.02565593 
56 69 10 13 0.0255982 
935 11 10 11 0.025397835 
9 379 9 13 0.025122572 
216 131 11 12 0.024856972 
29 373 9 11 0.02483935 
870 180 10 13 0.024608534 
1013 186 10 15 0.024573592 
610 318 11 12 0.024568515 
664 107 10 12 0.02452139 
9 315 11 14 0.02445755 
647 54 9 12 0.024378829 
753 93 9 12 0.024284456 
296 165 10 12 0.02426797 
927 215 9 12 0.024223022 
48 24 10 11 0.024200322 
665 295 10 12 0.024066826 
172 223 11 14 0.024001008 
241 109 10 13 0.023862874 
651 285 11 15 0.023860974 
809 4 10 11 0.023639739 
609 119 9 11 0.023517443 
657 118 10 12 0.023448968 
444 254 11 17 0.023448572 
711 117 9 13 0.023427764 
468 414 10 13 0.023425348 
1009 144 9 11 0.023417285 
29 389 8 11 0.023411706 
493 76 10 12 0.02340384 
295 214 12 14 0.023308294 
213 143 10 11 0.02330329 
302 160 11 14 0.023296967 
631 460 20 28 0.023288725 
4 308 11 15 0.023254994 
0 475 11 17 0.023243127 
872 349 12 13 0.023225563 
184 236 9 13 0.023170969 
626 157 10 13 0.023062296 
113 292 11 14 0.022873878 
656 155 11 13 0.022716666 
990 29 9 10 0.022703659 
599 299 10 12 0.022596147 
199 77 9 11 0.02252363 
89 140 9 13 0.02252338 
784 509 17 20 0.022364069 
893 43 11 14 0.022306537 
733 278 10 13 0.022119498 
238 27 11 13 0.022041174 
888 128 10 11 0.021902831 
1009 52 8 11 0.021754334 
947 132 9 13 0.02169611 
55 340 11 15 0.021691244 
253 407 10 14 0.021638922 
174 70 10 14 0.021622181 
998 243 10 12 0.021557314 
110 181 11 13 0.021554604 
57 428 10 14 0.021495877 
55 409 12 15 0.021439737 
396 368 12 16 0.021286443 
5 373 10 14 0.021275721 
876 30 10 13 0.021266796 
855 204 11 15 0.021196986 
974 386 11 13 0.021192614 
90 214 14 17 0.021154694 
642 12 10 12 0.020969948 
1000 167 8 10 0.020954415 
306 334 12 15 0.020892458 
644 151 10 12 0.02082908 
374 247 13 15 0.020822858 
38 0 9 8 0.020812087 
7 51 11 13 0.020716945 
1000 333 11 13 0.020648215 
54 389 10 11 0.02064168 
505 1 9 10 0.020636167 
196 310 10 12 0.020584537 
133 31 10 12 0.02054083 
382 139 12 14 0.020379309 
726 278 12 13 0.020363227 
328 75 10 12 0.020344533 
803 21 10 12 0.020292992 
135 45 11 14 0.020146986 
810 166 9 11 0.020087173 
218 314 12 16 0.020069662 
255 281 12 14 0.020000461 
