0_Parade_Parade_0_490
152
769 561 107 132 0.9997861 
101 186 46 55 0.9994168 
768 320 61 81 0.9988263 
241 320 53 68 0.99881434 
176 199 50 65 0.9988078 
385 352 57 73 0.9986914 
595 282 52 65 0.99834275 
121 442 82 91 0.9980414 
470 331 53 67 0.9978108 
759 85 33 39 0.99746007 
900 366 76 102 0.99711645 
504 153 30 39 0.997083 
525 223 37 43 0.99705625 
716 89 32 35 0.9968346 
9 492 75 76 0.99680305 
729 239 42 48 0.99637836 
174 133 31 37 0.99633574 
350 125 29 34 0.9950477 
910 84 29 32 0.99441963 
595 172 40 50 0.9939202 
877 51 22 31 0.9937623 
745 153 37 46 0.9936307 
16 295 42 48 0.9927449 
595 111 28 35 0.9926197 
969 53 25 35 0.99253523 
669 81 29 31 0.99242085 
229 454 53 58 0.99223983 
241 164 27 33 0.9913612 
636 78 25 29 0.99111813 
73 159 33 36 0.99109966 
667 132 43 57 0.9906859 
547 116 27 34 0.9899837 
279 180 37 42 0.9891801 
825 153 42 43 0.9887201 
434 112 23 29 0.98767394 
929 6 23 28 0.9862598 
668 639 40 61 0.9842284 
28 169 25 29 0.9805117 
493 666 47 76 0.97574764 
571 58 24 30 0.97195184 
274 79 22 28 0.9705475 
5 92 14 19 0.96976894 
378 186 44 47 0.9678426 
60 112 17 20 0.9662415 
384 97 22 26 0.9634071 
938 194 45 38 0.96225667 
447 69 21 26 0.9603184 
537 20 16 23 0.949657 
373 244 33 46 0.9492869 
355 57 22 26 0.9492758 
537 77 22 29 0.9450874 
400 280 40 53 0.94174176 
954 22 23 30 0.9395131 
134 75 17 23 0.9306988 
441 40 15 19 0.9296966 
722 43 21 26 0.92387706 
699 18 21 26 0.90967226 
233 93 18 23 0.898114 
853 33 18 24 0.8694903 
903 14 20 27 0.85756797 
643 21 13 18 0.84929645 
10 141 18 22 0.84904903 
474 66 16 24 0.8072038 
880 0 20 20 0.8014576 
993 28 18 23 0.7678516 
18 381 31 47 0.76663077 
788 47 16 25 0.7560829 
90 61 14 21 0.7434528 
614 4 15 18 0.7334556 
917 298 58 56 0.72004515 
336 118 18 24 0.6861153 
439 217 34 40 0.685912 
112 147 20 23 0.67675203 
63 197 33 48 0.650847 
772 248 34 55 0.6231524 
516 22 15 21 0.59139097 
811 29 18 23 0.53826594 
675 11 13 16 0.5360351 
343 120 23 30 0.5318186 
208 18 11 13 0.50681514 
782 14 16 21 0.5013874 
248 58 13 15 0.49506956 
501 91 16 23 0.48359394 
472 280 41 51 0.45444238 
0 222 17 41 0.4277949 
187 45 10 13 0.40311596 
842 2 16 20 0.3960893 
810 5 17 20 0.3533477 
871 211 26 48 0.30398807 
61 94 16 18 0.26535276 
610 593 26 42 0.25344133 
821 101 37 40 0.24825555 
246 130 17 21 0.22258225 
272 149 24 28 0.19235626 
734 0 16 14 0.16735181 
4 393 30 45 0.16495846 
284 9 13 16 0.15642284 
379 36 12 17 0.10627629 
715 153 21 28 0.10290168 
761 25 17 21 0.09785589 
604 32 14 17 0.07784905 
616 150 27 32 0.074800774 
0 113 9 21 0.07030125 
570 51 18 24 0.06955082 
319 343 53 66 0.06702327 
802 67 22 26 0.062962495 
471 301 49 66 0.0623489 
854 18 17 20 0.061892763 
664 48 17 20 0.06028089 
351 1 12 9 0.060275387 
403 66 14 18 0.058524963 
706 14 22 27 0.0576655 
773 10 16 21 0.056462403 
797 58 22 28 0.055206113 
825 2 15 16 0.05491454 
607 3 12 14 0.054301996 
315 157 26 32 0.052610755 
860 31 20 27 0.050704744 
757 31 15 20 0.04662549 
823 31 17 22 0.04596899 
1000 169 24 42 0.04538905 
946 30 23 30 0.04415743 
1013 114 11 20 0.043663416 
0 407 27 47 0.04331697 
299 60 14 18 0.043193646 
721 9 17 19 0.04039621 
244 117 17 20 0.039005786 
508 30 16 19 0.037050936 
200 17 11 16 0.035366766 
877 31 19 25 0.03425844 
846 5 20 22 0.033040866 
793 48 22 27 0.03300804 
572 0 12 9 0.031373467 
736 42 17 23 0.0309611 
80 66 16 19 0.028867414 
819 1 15 14 0.028448386 
310 274 36 61 0.02804715 
1014 143 10 16 0.0278053 
295 36 11 15 0.027364062 
604 1 12 12 0.027040545 
870 2 18 17 0.026628062 
811 18 16 20 0.025211612 
382 126 15 19 0.025089666 
955 13 15 20 0.024031721 
753 47 20 25 0.023015236 
398 0 12 9 0.022554934 
941 35 15 22 0.022448536 
808 72 23 29 0.022181457 
758 38 21 26 0.021414626 
292 62 16 21 0.020839285 
901 5 15 18 0.020816315 
639 14 13 18 0.020493818 
