0_Parade_marchingband_1_620
67
911 324 32 38 0.9977902 
797 410 32 42 0.9953151 
658 336 33 36 0.9937866 
840 351 27 30 0.9908732 
764 338 30 35 0.98187995 
192 176 20 21 0.97247565 
439 241 22 25 0.9685868 
819 249 23 28 0.96519834 
256 199 19 20 0.95839095 
118 273 20 25 0.93525136 
83 191 17 19 0.9268242 
953 233 18 20 0.9096425 
607 241 20 21 0.8946104 
289 235 17 21 0.88724464 
859 203 17 19 0.8523523 
904 216 18 22 0.84480953 
585 178 15 17 0.839244 
469 194 12 15 0.8317975 
323 240 22 24 0.7495973 
396 192 13 16 0.72924125 
623 163 10 13 0.66996527 
107 185 14 18 0.6009572 
762 211 16 17 0.5600258 
516 175 10 13 0.43023238 
718 164 10 13 0.42214844 
837 232 16 19 0.41029072 
170 190 13 15 0.2797898 
513 179 10 12 0.18862134 
415 188 10 14 0.16690134 
1010 330 14 26 0.15824729 
114 190 13 17 0.15475513 
414 181 11 15 0.15421078 
309 187 14 15 0.14628325 
336 243 17 21 0.14569534 
971 216 16 19 0.14146204 
780 403 29 39 0.13346821 
488 173 9 12 0.13119428 
314 163 10 14 0.094006486 
408 175 11 13 0.09255597 
882 197 11 14 0.092519775 
561 164 11 15 0.08602424 
403 191 12 15 0.081785694 
908 189 11 14 0.07766784 
528 184 9 11 0.07471835 
575 144 7 10 0.07048379 
978 219 14 18 0.06780598 
421 187 10 14 0.06011046 
773 400 24 34 0.05361023 
598 190 10 14 0.0465089 
59 185 17 22 0.046303414 
722 164 10 14 0.0452076 
965 265 22 31 0.04187344 
413 194 10 14 0.038720593 
307 192 17 20 0.03847966 
618 159 12 15 0.037566185 
318 169 12 15 0.037366334 
265 172 12 14 0.03669031 
327 177 12 15 0.036609598 
919 259 14 20 0.028907686 
943 178 12 17 0.028723946 
570 144 8 10 0.027951581 
430 190 9 12 0.02463062 
625 189 10 14 0.02431329 
623 169 11 13 0.024239933 
962 169 14 16 0.02154343 
405 231 10 13 0.02082963 
505 172 9 12 0.020251654 
