0_Parade_marchingband_1_311
47
543 336 11 13 0.9377776 
717 342 14 17 0.9362855 
204 294 11 13 0.90501004 
265 299 13 17 0.9026567 
476 296 17 27 0.89552116 
611 341 15 17 0.879915 
337 320 9 11 0.86327845 
222 314 13 17 0.82637095 
831 326 10 13 0.81331915 
415 312 10 12 0.67237806 
411 338 12 14 0.6329538 
771 334 10 14 0.6296004 
665 333 10 13 0.5737714 
584 319 10 11 0.49597636 
728 318 8 10 0.3234268 
710 319 7 10 0.22528839 
243 310 12 15 0.20922796 
617 344 15 17 0.112668395 
216 294 10 12 0.085599944 
394 337 7 9 0.08289814 
385 321 8 9 0.077253565 
399 335 8 11 0.06971797 
551 317 8 11 0.06831278 
669 338 10 13 0.05952962 
664 329 9 12 0.0573725 
375 336 9 12 0.052471176 
340 365 16 19 0.045405347 
410 310 9 12 0.04439355 
607 336 13 17 0.0384624 
419 313 11 13 0.038262833 
710 323 9 11 0.03680191 
865 320 7 9 0.03525075 
159 319 7 8 0.034679286 
677 333 7 10 0.031566612 
575 342 10 14 0.029352646 
143 318 7 8 0.029058268 
330 319 9 11 0.028660096 
215 299 10 14 0.028462635 
671 329 8 11 0.028218169 
729 323 10 12 0.026951343 
393 342 8 11 0.026105642 
658 352 8 11 0.025588185 
393 347 9 12 0.02485412 
826 325 10 13 0.024302969 
389 321 9 10 0.02137122 
732 320 9 11 0.021116111 
111 318 6 8 0.02094253 
