0_Parade_Parade_0_29
63
542 164 60 74 0.99932253 
979 187 33 40 0.998575 
315 231 33 40 0.99779737 
239 234 23 28 0.99226284 
801 169 42 46 0.9921306 
160 249 17 20 0.99123 
705 243 17 22 0.9891833 
585 239 27 28 0.9877965 
193 240 21 23 0.98737097 
141 249 13 16 0.9826734 
487 234 17 20 0.96908385 
421 247 21 22 0.91946554 
747 241 19 25 0.9187045 
293 240 16 19 0.90868765 
356 242 15 21 0.83343416 
509 243 15 17 0.81706357 
670 241 8 10 0.7189286 
120 243 12 15 0.63604265 
652 245 13 16 0.50613993 
103 251 10 12 0.49391192 
647 239 11 13 0.48139247 
462 252 8 10 0.36937392 
408 242 11 18 0.3012439 
678 239 8 10 0.24508126 
422 227 11 12 0.21462384 
854 238 24 30 0.19064634 
690 246 11 16 0.1559836 
68 238 9 11 0.12388125 
413 242 18 24 0.11211049 
615 251 15 20 0.105457015 
80 254 7 9 0.10458071 
219 252 14 16 0.08423196 
729 221 11 14 0.0763596 
332 237 29 35 0.07426185 
714 222 8 10 0.069636516 
458 248 9 12 0.06591536 
618 255 20 23 0.062405743 
306 235 26 32 0.05389784 
442 232 9 12 0.05168025 
148 228 11 13 0.04985567 
875 233 32 36 0.04733954 
130 229 10 12 0.046608955 
663 243 10 13 0.042593032 
57 238 9 11 0.04043351 
474 247 8 11 0.033133674 
598 241 18 22 0.032722067 
70 244 8 11 0.032561194 
861 239 33 33 0.03099177 
109 246 11 13 0.030794155 
384 254 8 10 0.030621886 
407 222 8 10 0.029567417 
63 246 8 10 0.029466437 
97 247 11 12 0.027300185 
125 248 11 15 0.026397599 
79 228 10 11 0.025673911 
417 227 11 13 0.025506187 
73 255 7 10 0.02423253 
278 239 10 14 0.024131797 
124 238 12 16 0.02397359 
684 239 10 13 0.022540875 
862 235 21 23 0.021828495 
390 253 9 10 0.02065548 
624 262 19 23 0.020625452 
