0_Parade_Parade_0_664
255
938 334 27 31 0.9973918 
14 337 37 38 0.99527967 
464 340 24 30 0.9905138 
515 313 14 18 0.9822227 
122 322 24 27 0.9797263 
618 340 20 27 0.975459 
211 313 22 28 0.9749817 
541 350 25 25 0.9722954 
196 294 13 15 0.9691684 
657 319 17 24 0.96771014 
975 345 18 21 0.96694016 
464 300 13 17 0.9624555 
411 336 17 24 0.948064 
424 309 11 13 0.9398996 
843 324 19 24 0.93958235 
581 324 20 25 0.92134476 
488 324 19 24 0.91711193 
576 309 11 13 0.9121524 
108 302 15 17 0.9061109 
361 323 15 19 0.905724 
806 347 20 26 0.8544373 
245 308 21 26 0.83246744 
33 307 16 19 0.83059365 
784 325 17 18 0.8195431 
872 325 11 15 0.81632423 
129 277 9 12 0.80950695 
171 350 22 25 0.79954755 
536 308 12 15 0.734851 
724 352 24 23 0.7160826 
981 308 9 11 0.6762334 
161 305 12 17 0.64163905 
231 298 14 15 0.63670915 
437 300 12 15 0.63595587 
133 304 12 14 0.6316993 
70 286 8 10 0.5908213 
59 303 12 13 0.5532334 
676 315 12 16 0.5496474 
342 306 11 14 0.4916974 
487 302 13 16 0.48000222 
879 354 27 21 0.47436002 
89 288 9 12 0.47039548 
355 305 14 16 0.4627866 
998 302 9 11 0.41695005 
1013 341 10 17 0.39570025 
557 294 7 10 0.39062324 
976 320 11 13 0.38744742 
658 302 8 10 0.33975703 
921 308 9 11 0.33526865 
38 287 9 11 0.33385834 
957 313 9 11 0.33089596 
30 303 13 16 0.32392842 
259 355 31 22 0.32338318 
211 296 12 14 0.32049108 
765 350 15 23 0.30629408 
164 354 19 21 0.30582115 
1013 323 9 14 0.2982282 
344 356 25 20 0.28615576 
913 341 18 20 0.25141284 
492 304 13 16 0.25131696 
304 320 21 30 0.21544129 
684 326 10 14 0.21459568 
700 304 9 11 0.21283099 
892 322 12 13 0.20238054 
357 294 9 11 0.19603166 
341 316 12 16 0.1884305 
890 320 9 12 0.18834266 
501 301 10 13 0.18808597 
222 278 7 10 0.18510836 
271 278 7 9 0.1844364 
683 299 8 11 0.16882502 
697 308 11 14 0.16379629 
206 294 11 15 0.15397541 
469 281 7 9 0.1492785 
975 296 8 9 0.14902027 
335 278 8 11 0.14625052 
178 287 9 10 0.14616077 
351 307 11 14 0.14401998 
136 320 17 21 0.13841395 
1015 308 7 11 0.13528617 
937 318 10 12 0.1250159 
621 288 8 10 0.12470682 
311 282 10 12 0.123824306 
862 342 14 17 0.122574575 
60 311 16 17 0.120845795 
667 313 18 24 0.11526134 
384 317 11 15 0.114819355 
769 306 8 10 0.11427573 
913 330 16 19 0.111348435 
56 307 13 16 0.11025729 
953 311 9 11 0.10620547 
164 322 14 17 0.10321375 
1006 295 9 10 0.10098424 
255 312 19 23 0.09937206 
107 263 7 9 0.09610207 
15 286 7 9 0.09430272 
0 330 11 18 0.08824944 
503 297 9 11 0.08543515 
139 301 12 17 0.08235065 
280 262 7 9 0.07755418 
683 316 10 15 0.0758162 
152 293 9 11 0.07437843 
245 303 14 18 0.07174953 
633 311 8 10 0.07169428 
39 271 7 9 0.068692945 
899 324 11 13 0.06808255 
1006 301 10 12 0.067847475 
111 269 7 9 0.067807905 
941 312 9 10 0.066296466 
328 286 11 14 0.06545729 
758 307 10 13 0.064113826 
975 303 10 11 0.06379531 
937 312 9 11 0.062599204 
368 303 9 12 0.062054787 
286 300 13 16 0.061181076 
935 297 8 9 0.06037733 
206 315 16 21 0.058188405 
1008 345 13 17 0.05787769 
41 309 14 16 0.05735481 
621 292 8 10 0.056862827 
1014 332 10 17 0.055882167 
750 301 10 13 0.055570606 
481 300 11 15 0.055313088 
247 276 8 10 0.054677155 
23 307 13 15 0.05395337 
574 294 8 9 0.053659104 
151 302 11 14 0.053379204 
527 302 10 12 0.051905315 
577 289 6 8 0.050623152 
85 270 8 9 0.050524052 
1001 296 9 11 0.050507057 
49 352 19 23 0.049276534 
1010 309 9 11 0.04753467 
526 307 12 16 0.047485713 
507 328 13 21 0.04743097 
954 316 11 13 0.046790224 
379 283 13 16 0.046294704 
38 278 8 10 0.046139702 
560 318 10 12 0.044674765 
752 305 11 15 0.044643514 
180 291 10 14 0.044252798 
699 314 12 15 0.04417241 
105 270 7 10 0.04344226 
380 289 15 18 0.04220245 
330 277 9 12 0.042020842 
904 302 7 9 0.04144527 
998 307 9 11 0.041143112 
734 350 28 27 0.040545013 
969 302 7 9 0.04012883 
841 296 7 9 0.039838843 
13 310 11 13 0.03961939 
265 280 8 10 0.038423087 
593 296 8 8 0.0383124 
773 305 8 10 0.037998788 
726 295 8 11 0.037645984 
15 281 7 9 0.037358977 
791 312 12 14 0.03694047 
255 287 9 11 0.036622103 
508 316 19 25 0.03629013 
816 307 11 17 0.036012523 
757 342 20 29 0.035765063 
465 283 9 11 0.03565844 
224 298 12 15 0.03553711 
239 306 15 20 0.034956023 
372 301 11 14 0.034892414 
91 291 10 13 0.034876183 
695 286 7 9 0.03449356 
182 353 19 21 0.03418415 
632 285 8 9 0.03353199 
320 310 12 14 0.03318174 
970 297 8 9 0.032996688 
943 302 8 10 0.032976367 
733 292 10 11 0.03219968 
789 317 14 17 0.03155909 
8 300 10 12 0.03130223 
834 360 19 16 0.031026363 
926 304 9 11 0.031006144 
569 309 9 13 0.030968275 
221 272 8 10 0.030736798 
864 304 6 8 0.030680452 
480 329 23 29 0.030401407 
302 280 10 12 0.03006668 
871 305 7 9 0.030024173 
386 293 14 15 0.030005276 
254 278 9 10 0.029906068 
47 271 8 9 0.029762367 
363 306 13 16 0.029552907 
324 312 13 18 0.0295102 
286 272 8 11 0.029496904 
765 320 9 12 0.029354053 
894 347 21 24 0.028917689 
894 310 9 11 0.02878796 
912 303 7 9 0.028596096 
957 320 14 16 0.02851201 
931 296 7 9 0.02844552 
11 315 12 15 0.028421674 
568 301 8 11 0.028158143 
745 301 10 12 0.02746259 
598 295 8 10 0.027438238 
10 279 7 10 0.02718758 
57 279 7 9 0.026907658 
598 300 9 11 0.026881814 
730 287 8 9 0.026809162 
743 286 8 10 0.026706541 
34 272 7 9 0.026594393 
64 280 8 10 0.02651415 
846 295 7 9 0.02633266 
315 279 9 12 0.026025752 
268 306 14 18 0.025979185 
864 310 8 10 0.025879672 
995 340 13 15 0.025455043 
942 296 8 10 0.025388092 
254 272 8 10 0.025366006 
337 308 12 15 0.025296912 
10 285 8 10 0.025277166 
637 311 8 11 0.025072198 
689 286 7 10 0.024881221 
570 295 7 10 0.024275262 
79 308 10 13 0.024248034 
607 296 8 10 0.024098549 
1011 351 14 21 0.024086373 
35 346 28 31 0.02400464 
0 285 7 10 0.02371901 
80 280 7 9 0.023505528 
590 309 10 13 0.023428475 
334 273 9 11 0.022811135 
661 309 12 16 0.022782892 
992 296 7 9 0.022553623 
740 335 24 29 0.022532253 
974 332 13 16 0.022487389 
418 309 12 15 0.022399565 
862 296 7 9 0.02237278 
921 332 15 17 0.022207512 
737 322 16 18 0.022172542 
738 332 15 17 0.022149624 
348 316 12 16 0.022080667 
830 294 7 10 0.021965679 
504 287 7 9 0.021960786 
112 279 8 10 0.021923887 
992 309 8 11 0.021913644 
12 302 11 13 0.021842098 
105 295 11 13 0.021759124 
899 330 14 17 0.021535983 
556 298 11 13 0.021486258 
671 301 8 10 0.02134142 
559 311 10 13 0.02132006 
685 311 10 14 0.021075975 
66 302 12 14 0.021013623 
1000 288 7 9 0.020576598 
115 294 12 14 0.020571524 
663 298 8 10 0.020451125 
966 310 9 10 0.020402253 
581 304 11 12 0.020370051 
485 298 11 14 0.020216268 
7 272 7 9 0.02019102 
632 281 7 9 0.020054407 
