0_Parade_Parade_0_353
73
494 241 24 31 0.9940382 
321 295 34 37 0.9830194 
390 260 21 25 0.9719207 
883 248 15 18 0.9676458 
836 264 22 24 0.95767504 
692 247 14 17 0.9556644 
288 288 13 17 0.8536325 
201 301 18 22 0.84602034 
252 287 16 18 0.8344404 
32 340 16 19 0.78754944 
454 283 10 12 0.7331735 
797 253 11 14 0.6990396 
656 215 25 25 0.69341826 
600 237 43 48 0.68679553 
852 248 16 19 0.5358916 
720 249 13 17 0.50108206 
156 373 11 12 0.47638866 
81 309 20 22 0.41659352 
104 245 11 14 0.23678744 
431 281 8 10 0.23606484 
182 298 13 15 0.20561045 
740 255 23 30 0.1857807 
260 305 14 17 0.18003681 
173 297 13 16 0.17890057 
377 286 12 16 0.17035592 
732 255 20 27 0.16840038 
825 253 11 13 0.16633299 
779 268 15 18 0.16101901 
809 260 11 12 0.12122553 
0 365 7 11 0.10784473 
722 255 17 23 0.1060186 
750 274 26 26 0.09859564 
188 315 14 17 0.08947285 
745 263 27 29 0.08269083 
824 278 12 14 0.08153672 
301 306 14 18 0.07637979 
711 249 12 16 0.0760969 
254 293 16 21 0.07588972 
806 255 11 13 0.072543725 
926 247 8 9 0.061757714 
827 270 21 24 0.060018405 
936 249 8 10 0.056892477 
867 254 12 16 0.05322105 
767 270 21 23 0.04860664 
440 285 7 10 0.04633436 
661 251 15 19 0.042923786 
315 266 13 15 0.042663023 
571 264 36 42 0.03912453 
316 280 14 20 0.03818514 
188 297 19 22 0.03562843 
730 251 16 21 0.033304036 
28 313 9 11 0.032877866 
652 212 18 21 0.031813484 
922 247 8 10 0.031199625 
649 213 12 15 0.029956533 
449 284 9 12 0.029520292 
458 285 11 13 0.029314835 
153 390 10 13 0.02767954 
454 287 12 17 0.026551858 
682 265 14 16 0.02596529 
39 340 17 17 0.025957586 
210 302 21 24 0.025578128 
795 276 12 14 0.025503872 
909 246 9 11 0.025212219 
748 250 25 29 0.023056466 
2 372 8 11 0.022871794 
678 262 14 15 0.022407217 
792 257 14 19 0.022105873 
194 305 20 24 0.021913715 
788 273 15 18 0.021602675 
943 247 7 9 0.02107826 
739 272 25 31 0.020319816 
860 251 15 21 0.020211132 
