0_Parade_marchingband_1_74
279
189 363 36 45 0.99719137 
780 384 15 19 0.98846966 
501 386 14 16 0.98639315 
716 400 17 20 0.9829968 
629 374 16 18 0.9828456 
852 350 13 16 0.9825737 
684 348 13 16 0.98107785 
709 358 13 17 0.9793885 
604 406 16 20 0.9793493 
527 361 13 16 0.9788077 
464 339 13 16 0.9770344 
582 294 14 16 0.976982 
660 413 16 20 0.97618616 
867 381 14 19 0.97417825 
564 370 14 18 0.97333795 
837 325 12 14 0.96865416 
733 303 13 16 0.967497 
743 369 14 17 0.96737367 
249 308 14 17 0.9672244 
386 339 13 17 0.965656 
823 396 13 16 0.96453756 
350 344 13 16 0.9641103 
908 375 16 18 0.96362966 
803 360 15 17 0.96092665 
467 371 14 17 0.95960844 
765 302 11 13 0.95773757 
438 310 12 15 0.9563486 
506 314 14 17 0.9555502 
433 363 13 17 0.9545177 
572 333 12 15 0.9501987 
295 319 13 15 0.9500499 
700 384 14 17 0.94951534 
581 390 15 19 0.9483664 
315 328 13 17 0.9474786 
483 333 13 16 0.94658446 
654 302 13 15 0.94118196 
760 393 15 18 0.9375237 
547 346 13 15 0.9338176 
177 299 13 15 0.93284595 
604 350 12 15 0.93246394 
555 298 11 15 0.93070245 
618 324 13 15 0.92570704 
494 302 13 15 0.9254021 
402 329 14 17 0.92153925 
958 360 14 17 0.91113377 
409 357 12 16 0.9091308 
590 315 12 14 0.9053509 
839 376 14 17 0.9020543 
776 316 12 14 0.8991576 
902 342 13 16 0.8929471 
278 298 12 14 0.88230884 
529 405 13 16 0.875392 
919 326 12 13 0.8748774 
873 354 15 16 0.8748688 
632 269 10 13 0.86615276 
10 110 8 10 0.86269826 
457 317 12 14 0.86163664 
929 364 14 17 0.8590798 
723 286 12 13 0.8536046 
704 300 12 15 0.8531568 
952 331 12 14 0.8523047 
768 342 14 17 0.8421114 
663 285 11 12 0.8413593 
735 337 14 16 0.83728653 
423 314 12 14 0.833561 
211 315 13 14 0.8333314 
658 366 13 16 0.81857306 
795 306 12 15 0.81398207 
375 324 12 14 0.8111345 
672 321 14 16 0.8018818 
405 293 11 14 0.8016328 
888 327 12 13 0.78988135 
577 357 12 15 0.7730571 
671 395 13 15 0.7721039 
615 297 10 11 0.76218176 
628 304 11 13 0.76154613 
840 294 10 12 0.74600667 
817 278 11 13 0.74173284 
348 314 11 13 0.74047047 
823 334 13 16 0.7355441 
824 303 12 14 0.7259284 
888 308 12 14 0.71977973 
496 360 13 15 0.713383 
538 323 11 14 0.70435995 
974 352 12 14 0.70158386 
756 274 13 13 0.69043505 
267 317 10 13 0.6823063 
606 313 12 14 0.67987794 
752 325 13 15 0.66833055 
707 336 11 13 0.6453835 
1004 299 12 13 0.64423025 
648 345 13 15 0.6349061 
563 283 12 13 0.61915463 
511 345 13 16 0.6124278 
933 299 10 13 0.59059787 
134 283 11 13 0.58029336 
889 348 12 16 0.5764838 
855 294 12 14 0.57230234 
687 301 12 14 0.55074877 
215 286 11 11 0.5336243 
192 287 10 12 0.51249576 
992 329 13 16 0.5121467 
785 336 12 16 0.5072996 
644 294 11 14 0.5069299 
1006 274 9 12 0.48103744 
545 279 10 13 0.45935342 
965 311 12 14 0.4474184 
236 284 9 12 0.44158158 
161 293 11 14 0.44115075 
619 357 12 16 0.41974747 
868 339 12 14 0.3914736 
555 326 12 13 0.38323843 
203 337 13 16 0.3786826 
772 290 10 13 0.37797478 
939 352 14 17 0.35695228 
784 299 10 12 0.35319984 
531 299 12 14 0.32161406 
815 350 12 15 0.29651845 
448 294 11 12 0.28127357 
369 308 12 14 0.28066987 
595 382 13 16 0.27340782 
262 269 10 11 0.2660575 
989 194 9 10 0.21929607 
333 303 11 14 0.21470839 
430 405 13 18 0.20068337 
174 328 11 14 0.19139105 
886 288 9 10 0.18747364 
191 178 40 44 0.17514116 
264 353 12 14 0.1709793 
469 295 10 13 0.17015801 
644 284 11 13 0.16977197 
685 306 13 15 0.16624492 
347 295 11 13 0.16192584 
639 344 12 15 0.1618304 
535 319 12 14 0.1577847 
704 286 10 11 0.15673287 
532 309 11 13 0.14612488 
384 382 10 13 0.13898593 
231 309 11 14 0.13892326 
646 298 13 14 0.12711933 
345 300 10 12 0.11820319 
902 296 9 10 0.11413599 
521 294 10 13 0.11179981 
377 288 9 11 0.11022488 
1016 379 8 14 0.10594534 
465 295 10 12 0.10250685 
867 52 10 12 0.101299964 
302 286 10 11 0.09685341 
1005 351 10 13 0.09574253 
804 309 11 13 0.09216237 
788 302 12 13 0.09046291 
727 331 11 14 0.08772428 
343 372 11 14 0.08705792 
966 295 10 12 0.07964258 
436 286 10 12 0.07641076 
432 347 13 15 0.0737259 
92 151 11 14 0.072069496 
631 325 11 13 0.07049364 
501 309 13 17 0.069644965 
1014 355 10 15 0.0679078 
526 294 11 14 0.06392317 
718 309 11 14 0.06391817 
981 319 9 12 0.06294095 
431 419 10 13 0.06181874 
809 269 9 11 0.06098239 
422 293 11 12 0.060669802 
128 309 12 13 0.058022607 
935 357 14 16 0.057152156 
846 277 10 11 0.05666293 
793 284 8 11 0.05631071 
143 294 10 11 0.055580735 
640 310 10 13 0.054883085 
610 309 12 15 0.054024383 
856 288 11 13 0.053878438 
734 345 13 16 0.053351767 
979 354 12 15 0.05173251 
612 317 12 15 0.051289678 
860 317 10 12 0.050766636 
452 347 11 14 0.048985753 
284 283 11 12 0.048290152 
511 352 13 16 0.04827903 
717 303 11 12 0.047982227 
940 293 11 14 0.047850497 
491 276 11 13 0.047080204 
477 299 11 12 0.045946483 
771 301 12 14 0.045945574 
816 341 12 14 0.04443227 
478 318 12 14 0.04194581 
708 303 13 17 0.041105818 
429 310 12 14 0.04092066 
957 57 15 17 0.040809713 
858 299 12 15 0.04077402 
368 348 11 14 0.04075063 
639 300 11 13 0.03977897 
130 279 12 14 0.039339423 
632 332 11 13 0.038204234 
755 319 12 15 0.036966246 
881 293 10 13 0.036563262 
937 299 12 14 0.03549295 
787 295 10 12 0.035336193 
865 335 11 12 0.03533174 
658 286 11 12 0.03461087 
710 278 9 11 0.034233388 
431 291 10 12 0.034089323 
734 284 10 12 0.034010317 
489 301 12 14 0.033893604 
813 272 11 13 0.033666424 
524 256 9 10 0.032970335 
882 287 9 11 0.032742865 
77 148 10 13 0.032444336 
308 363 10 14 0.032424312 
165 289 10 12 0.03237902 
673 328 14 17 0.032358453 
139 277 10 13 0.032104556 
950 355 12 16 0.03192192 
718 350 13 17 0.03154741 
1012 300 10 14 0.031393956 
888 315 12 14 0.030899234 
551 330 14 16 0.03089161 
860 310 10 12 0.030816922 
462 418 12 16 0.030786103 
792 315 11 13 0.030654328 
182 341 11 13 0.03048364 
1013 294 10 13 0.03029714 
609 295 10 12 0.030272093 
420 301 12 13 0.030266173 
596 285 10 11 0.029067492 
893 303 11 14 0.028564136 
600 294 9 12 0.028381964 
472 16 7 8 0.028131958 
770 317 10 13 0.02791699 
379 291 11 12 0.027519817 
139 285 10 13 0.027495822 
229 303 12 14 0.026873406 
895 287 8 10 0.026866736 
473 22 8 10 0.026758973 
455 411 12 17 0.026680438 
542 293 10 13 0.026660437 
807 352 14 17 0.02640693 
422 319 13 16 0.02635758 
887 343 12 15 0.025973413 
895 342 12 15 0.025912186 
91 225 13 16 0.025871465 
964 54 14 16 0.025753934 
219 292 12 13 0.025514966 
946 347 13 17 0.0253166 
578 292 12 16 0.02485034 
437 290 12 14 0.02466524 
797 284 9 12 0.024553344 
369 341 11 15 0.024279812 
263 311 11 14 0.023986876 
340 379 13 16 0.023890028 
383 376 11 13 0.02369348 
245 295 11 11 0.023493879 
973 317 11 14 0.023139967 
917 337 12 15 0.023104047 
301 248 9 10 0.022518259 
412 293 10 13 0.022513209 
553 319 11 14 0.022317627 
814 293 10 12 0.022304801 
527 327 12 14 0.022154314 
966 300 12 14 0.021945337 
654 249 10 11 0.021808244 
309 387 10 12 0.021690123 
858 352 13 16 0.021620905 
671 339 12 15 0.02151731 
932 278 11 11 0.021411918 
307 284 10 12 0.02121806 
644 308 12 14 0.021217315 
478 324 12 14 0.021038046 
416 301 10 12 0.020994337 
692 295 10 14 0.020968834 
631 315 12 15 0.020661121 
159 788 15 18 0.020395586 
347 323 13 14 0.020314911 
517 354 12 17 0.02024873 
640 280 11 12 0.020193607 
708 349 15 18 0.020183448 
152 280 9 10 0.0201243 
