0_Parade_marchingband_1_1045
78
942 260 44 53 0.9966625 
88 265 34 39 0.99610585 
661 270 29 36 0.9959305 
279 296 25 30 0.97751653 
695 257 22 30 0.97273004 
178 313 21 27 0.97038895 
587 255 28 41 0.9535902 
356 293 21 26 0.92987597 
438 304 17 19 0.92733324 
505 307 15 18 0.9191192 
0 314 13 21 0.9081739 
382 298 17 20 0.890616 
149 316 15 24 0.8829995 
753 307 18 19 0.80664015 
213 308 11 15 0.76641345 
777 298 11 13 0.76385635 
419 308 10 13 0.73169553 
483 310 11 14 0.6149461 
464 316 10 14 0.6070676 
201 319 14 21 0.5674306 
57 290 16 20 0.54331595 
325 308 14 18 0.53462076 
217 244 9 12 0.51231086 
469 291 10 14 0.40693814 
233 287 10 11 0.40413594 
315 287 11 14 0.3960623 
405 325 13 15 0.38375852 
12 294 9 12 0.35859358 
792 304 10 11 0.30817032 
140 327 18 23 0.1942196 
600 309 11 14 0.1860207 
371 295 19 25 0.16741922 
201 248 9 11 0.13784401 
230 259 8 11 0.12065085 
307 301 11 16 0.10961429 
814 287 7 10 0.106334515 
246 317 12 17 0.086034104 
245 300 11 14 0.07846611 
407 280 10 12 0.0775673 
403 319 13 15 0.0761133 
535 298 10 12 0.072111964 
228 308 15 19 0.06301263 
123 312 14 21 0.055981096 
6 299 13 16 0.052162208 
237 291 10 12 0.052090056 
205 246 10 12 0.051621392 
331 303 13 18 0.045625605 
44 299 14 18 0.045078956 
37 299 14 18 0.041568045 
301 301 14 21 0.04128507 
743 355 10 13 0.04042849 
456 318 11 13 0.03980215 
236 312 15 20 0.038340516 
464 298 11 15 0.03733242 
323 314 17 23 0.031118197 
497 308 13 16 0.030978063 
841 307 10 13 0.03062042 
743 307 18 19 0.030234948 
20 316 12 15 0.029602151 
469 311 10 13 0.029011976 
8 289 9 11 0.029010596 
244 320 19 25 0.02867703 
198 263 11 14 0.027407004 
766 302 11 14 0.0271758 
243 307 14 18 0.02676225 
6 333 12 17 0.025921347 
31 299 12 16 0.02588484 
2 308 14 20 0.025455197 
125 316 21 28 0.024617817 
405 311 11 13 0.02390854 
208 308 18 24 0.023508845 
485 304 12 17 0.023239609 
224 315 12 17 0.022943802 
134 323 17 22 0.022644676 
14 315 12 16 0.02188144 
141 306 16 21 0.021768108 
229 304 13 14 0.021340521 
791 296 10 13 0.020410856 
