0_Parade_marchingband_1_465
97
1009 256 8 10 0.72061706 
46 303 8 9 0.51665217 
82 305 7 9 0.50273806 
170 226 7 9 0.45104113 
985 247 7 8 0.3133818 
128 237 7 9 0.2879235 
735 241 6 8 0.23235166 
110 606 14 15 0.2293566 
7 262 7 9 0.1801622 
90 222 7 8 0.15711977 
991 296 8 10 0.1398207 
663 241 8 9 0.11462262 
520 262 7 8 0.10868252 
88 232 9 11 0.09884974 
129 168 7 9 0.09743161 
177 240 7 9 0.08873293 
770 159 6 8 0.0831146 
875 166 6 9 0.079538874 
250 117 8 10 0.07751841 
902 143 6 9 0.07476569 
731 240 6 9 0.07144495 
595 233 8 10 0.06417978 
879 133 6 8 0.05921604 
253 116 9 10 0.057907548 
761 265 6 8 0.05614197 
86 257 7 9 0.053465564 
80 256 8 9 0.05317751 
670 260 6 9 0.05310169 
101 232 9 10 0.05204373 
107 597 17 17 0.051579285 
709 265 7 9 0.04928973 
659 150 6 8 0.04870176 
959 136 7 8 0.046708036 
174 157 6 9 0.044863123 
112 170 6 8 0.04483093 
698 237 8 10 0.043942843 
223 117 8 10 0.043462317 
904 228 7 9 0.041160535 
190 191 8 9 0.039953526 
167 240 7 10 0.039826535 
854 134 7 8 0.039249472 
972 293 9 12 0.039037503 
101 237 9 11 0.038612768 
618 263 7 8 0.03840976 
705 265 7 9 0.038211487 
233 158 7 9 0.03741152 
882 214 6 8 0.03679638 
49 279 7 8 0.036477473 
793 167 7 9 0.03576037 
985 137 6 8 0.03574705 
849 160 7 9 0.03571806 
3 260 8 12 0.034391172 
978 247 6 8 0.03414985 
816 174 6 8 0.033862628 
466 258 7 8 0.03277225 
96 232 9 11 0.032452602 
943 232 7 9 0.031903066 
627 233 7 9 0.031213386 
31 238 9 11 0.030128915 
231 249 7 9 0.029668814 
1003 295 10 11 0.029254237 
38 239 8 9 0.02921216 
566 247 7 10 0.02844576 
922 230 7 9 0.028071634 
618 248 6 8 0.02794263 
23 321 8 9 0.027837517 
751 159 6 8 0.027458115 
878 228 8 9 0.02648169 
17 271 7 9 0.026471758 
238 158 6 8 0.026308503 
815 169 6 7 0.026245933 
102 244 9 11 0.025803369 
991 312 11 12 0.025776539 
933 269 7 9 0.025115747 
915 152 6 8 0.024912938 
489 234 6 9 0.024625424 
953 240 7 9 0.023995893 
629 239 7 8 0.02390143 
961 240 6 9 0.023866493 
800 205 7 9 0.023828425 
7 270 7 11 0.023817915 
521 205 6 9 0.023739636 
168 245 7 10 0.023659931 
666 257 7 10 0.023059124 
114 284 7 8 0.02263747 
855 130 6 8 0.022524785 
809 175 7 8 0.022355322 
74 233 7 8 0.022088695 
159 160 7 8 0.021947773 
832 182 7 8 0.021529261 
774 160 6 8 0.021234285 
559 232 7 8 0.021113804 
3 271 7 12 0.020485694 
222 144 7 8 0.020415736 
74 237 7 10 0.020407185 
216 152 7 7 0.020274334 
258 154 7 9 0.02004693 
