0_Parade_marchingband_1_78
509
680 252 9 11 0.88880056 
976 567 8 11 0.8685538 
751 597 10 13 0.8596243 
909 572 9 11 0.8047409 
860 595 10 13 0.7175529 
831 232 7 8 0.697483 
697 467 11 15 0.63502115 
130 340 14 18 0.62909687 
854 496 9 11 0.62495315 
804 612 9 11 0.60872984 
270 61 8 10 0.59038365 
993 313 8 10 0.5801176 
709 483 9 12 0.51132196 
158 302 11 15 0.5061367 
742 94 6 9 0.47897437 
567 254 9 11 0.46802622 
656 358 7 9 0.46551144 
111 238 9 11 0.44313312 
653 191 8 9 0.42277002 
12 243 10 12 0.4147941 
385 106 7 8 0.38450742 
705 265 8 11 0.36611015 
525 36 8 10 0.35718185 
464 143 7 9 0.35394338 
640 9 7 8 0.35310063 
510 129 7 8 0.3461159 
240 145 8 9 0.3396245 
534 128 6 8 0.33310854 
853 400 8 11 0.32596943 
79 247 8 11 0.30771923 
92 246 9 12 0.30266365 
826 589 9 12 0.30156267 
200 161 8 10 0.30050337 
560 556 9 12 0.2994842 
291 167 8 11 0.2930964 
700 591 10 13 0.28268975 
426 174 6 8 0.2800851 
168 120 7 9 0.25320905 
745 113 8 10 0.25108567 
391 161 7 9 0.24794567 
165 254 10 12 0.2413021 
369 170 7 8 0.2412997 
487 134 7 9 0.23347357 
725 134 7 9 0.23052989 
587 342 7 9 0.22838096 
728 200 7 9 0.21960199 
153 240 8 11 0.21880683 
913 309 7 10 0.21714678 
399 192 7 9 0.20603533 
925 305 8 10 0.19768097 
973 153 8 10 0.19292855 
828 585 9 11 0.18619087 
886 312 8 10 0.18571514 
137 244 9 11 0.18397497 
132 315 11 14 0.18350586 
628 112 6 8 0.18111369 
573 121 6 8 0.17840536 
111 233 9 10 0.17747514 
1008 289 7 9 0.17426658 
847 120 7 8 0.17407264 
264 169 7 9 0.17373829 
190 192 7 9 0.17130558 
402 133 7 9 0.16463026 
172 287 11 14 0.1629273 
583 200 6 8 0.16216716 
279 269 9 11 0.15923874 
691 8 6 8 0.15905777 
1011 169 8 10 0.15896188 
605 9 7 8 0.1561128 
574 175 6 9 0.15514277 
263 134 7 9 0.15382218 
962 269 8 10 0.15131561 
709 264 9 11 0.15040255 
450 143 7 9 0.14997944 
597 620 9 13 0.14978337 
726 284 6 9 0.1465116 
639 152 7 9 0.14592253 
174 236 9 12 0.14479822 
90 103 7 8 0.14261578 
765 380 8 9 0.14113863 
269 205 8 10 0.1389294 
791 223 8 10 0.13605045 
470 80 7 9 0.13548167 
30 127 7 8 0.13488548 
999 574 7 11 0.13445798 
177 93 9 11 0.13166377 
675 25 7 8 0.13007103 
720 10 7 8 0.12955025 
913 30 10 11 0.12947035 
1002 142 7 10 0.12871717 
181 240 10 12 0.12717062 
904 103 7 9 0.12626526 
753 212 7 9 0.12567009 
705 134 8 9 0.12484342 
810 150 6 8 0.123777054 
1013 528 9 12 0.1222707 
538 470 8 10 0.120517604 
590 463 9 11 0.1196018 
585 22 7 8 0.11926459 
564 550 9 12 0.11902243 
326 118 7 8 0.118947774 
564 557 9 12 0.11701818 
309 160 8 10 0.116217494 
664 14 7 8 0.11602711 
370 374 8 11 0.11294423 
505 480 8 10 0.1128225 
597 145 7 10 0.11246326 
901 604 10 12 0.11131201 
758 210 7 9 0.10853175 
327 153 7 8 0.1076043 
509 96 7 9 0.10543273 
432 413 8 10 0.10518757 
783 38 9 10 0.10141602 
814 221 7 10 0.10119541 
164 207 8 10 0.100974694 
545 178 6 8 0.09958526 
992 197 8 9 0.09909907 
791 209 6 8 0.0977093 
615 38 9 10 0.09746802 
543 153 6 8 0.09584489 
130 311 10 14 0.09543148 
941 103 7 10 0.09404592 
442 126 7 8 0.09334381 
512 207 8 9 0.093309306 
789 92 7 10 0.092195064 
250 268 11 13 0.091683485 
863 96 8 10 0.09151434 
714 29 8 10 0.09114917 
943 303 7 10 0.09104242 
106 237 9 12 0.09091063 
463 110 6 8 0.08915049 
809 222 7 10 0.08848955 
424 127 7 8 0.08842046 
880 157 7 9 0.0878094 
417 158 7 9 0.086903736 
747 14 6 8 0.08605194 
921 310 8 10 0.08515273 
953 288 7 9 0.08474985 
329 295 9 11 0.08428374 
928 199 7 9 0.08424551 
442 94 6 8 0.08391193 
666 10 7 8 0.08300347 
463 448 7 10 0.081953846 
190 197 7 9 0.08171512 
696 191 7 9 0.081639804 
215 192 7 9 0.08086739 
910 53 7 8 0.08072823 
559 135 6 8 0.08043722 
253 93 7 9 0.07994536 
511 480 8 11 0.07953109 
601 118 6 9 0.079271205 
622 558 9 12 0.077477366 
512 189 7 9 0.07745749 
750 31 6 9 0.07447588 
666 109 8 9 0.074233696 
311 164 7 10 0.07240129 
459 170 7 9 0.07222054 
503 319 7 9 0.071923226 
909 125 8 10 0.07123038 
117 161 8 10 0.07102086 
207 192 7 10 0.07071959 
431 475 9 11 0.070460424 
45 439 12 16 0.06952582 
999 361 8 10 0.06843482 
367 142 7 8 0.06835619 
317 292 9 12 0.067337304 
462 305 7 9 0.06644317 
546 205 7 8 0.0658601 
543 181 7 9 0.065757856 
900 588 10 12 0.065455705 
52 235 11 13 0.06527562 
570 176 8 9 0.06461501 
742 133 7 9 0.063253455 
192 251 11 15 0.062996276 
554 119 6 8 0.06254346 
454 143 7 9 0.061427366 
495 160 7 9 0.06094141 
343 150 8 10 0.06055985 
614 33 9 9 0.060006693 
646 136 6 9 0.05994304 
814 121 6 8 0.059428368 
465 190 7 9 0.059306424 
606 191 7 9 0.058929306 
560 94 7 8 0.058538612 
251 302 14 21 0.0582499 
392 190 7 9 0.058216132 
886 317 8 9 0.058048714 
268 76 10 13 0.057149082 
561 39 7 8 0.05693445 
638 156 7 9 0.05690299 
374 188 8 10 0.056587834 
55 191 8 9 0.055941027 
673 29 7 10 0.05580771 
841 185 8 10 0.055744473 
170 235 9 12 0.054755565 
738 173 6 9 0.054417375 
23 475 13 17 0.05399042 
354 113 7 9 0.053662393 
319 331 10 12 0.053582516 
433 149 7 8 0.053341188 
966 89 7 9 0.052819293 
912 86 6 9 0.052540258 
709 54 7 9 0.052405983 
938 295 7 10 0.052359506 
787 208 7 9 0.0523544 
474 215 6 8 0.051496156 
512 214 7 10 0.050933465 
322 182 7 10 0.05041599 
368 136 7 9 0.050377693 
217 158 6 8 0.05033068 
979 630 11 13 0.049730573 
961 189 8 10 0.049588963 
681 90 8 9 0.04957328 
472 198 7 8 0.049367458 
815 233 8 10 0.04936288 
777 127 7 8 0.04909843 
216 154 7 8 0.048908476 
840 153 7 8 0.04889957 
577 206 6 9 0.04840614 
686 137 7 9 0.04831582 
487 512 10 11 0.048214447 
383 142 8 9 0.04790205 
490 110 6 8 0.047878817 
289 128 7 9 0.047670413 
537 190 7 9 0.047024447 
337 183 6 8 0.04687377 
601 113 6 9 0.046777315 
360 136 7 8 0.04662824 
896 202 7 8 0.046354003 
62 396 13 16 0.046112593 
737 128 8 10 0.04539641 
945 151 7 8 0.045051344 
537 48 7 9 0.0448686 
1 259 9 16 0.044343583 
464 185 8 10 0.044216715 
518 480 7 10 0.04398042 
193 158 7 10 0.043918513 
390 184 7 9 0.0436798 
647 480 9 11 0.043666124 
601 22 8 9 0.043630816 
117 240 8 10 0.043467354 
814 182 7 9 0.04308217 
942 295 8 10 0.042974398 
56 214 8 9 0.04274297 
999 175 7 10 0.042652342 
416 224 7 9 0.0422366 
767 193 7 9 0.041762393 
1 266 11 19 0.041464303 
519 49 8 9 0.041404832 
387 137 7 8 0.04124447 
177 78 8 9 0.04114736 
975 111 7 8 0.041076433 
369 52 8 11 0.04106594 
726 166 7 9 0.040658526 
823 109 8 9 0.040637292 
511 131 7 9 0.04057154 
461 172 7 9 0.04054123 
783 33 8 9 0.040521145 
902 320 7 8 0.04026911 
722 167 7 9 0.04026775 
373 169 7 8 0.039543785 
345 177 7 8 0.039366476 
295 160 9 11 0.038938586 
353 175 6 8 0.038484044 
390 136 7 8 0.038465697 
400 176 7 8 0.038462225 
464 224 6 7 0.038213298 
574 125 7 9 0.038194053 
494 110 7 8 0.037890773 
942 260 9 11 0.037878677 
408 168 7 8 0.037878122 
203 192 7 9 0.037833035 
626 17 6 7 0.03714216 
633 169 7 9 0.037081722 
247 160 8 10 0.03701792 
56 207 8 10 0.036992252 
169 198 7 9 0.036918305 
766 142 7 8 0.036685657 
88 251 8 11 0.036545888 
831 236 8 9 0.036494765 
898 216 8 10 0.036466878 
553 176 7 9 0.03646364 
722 281 9 10 0.0363874 
586 463 8 12 0.03606808 
625 22 7 9 0.035834238 
1011 344 7 10 0.035741504 
828 230 7 10 0.035734408 
281 174 7 9 0.035681084 
846 262 6 9 0.035636295 
881 128 6 8 0.035625044 
353 169 6 8 0.035574093 
843 257 7 9 0.035541274 
749 113 7 9 0.03538826 
302 181 8 9 0.035352774 
191 152 7 10 0.035282645 
790 38 8 10 0.034906562 
566 37 7 9 0.034871925 
1003 293 8 11 0.034638878 
879 135 7 9 0.034623463 
445 459 8 12 0.03460493 
344 146 7 8 0.034551762 
878 198 7 8 0.034544326 
727 161 7 9 0.03450155 
958 286 8 11 0.034391817 
518 206 7 9 0.0341363 
792 32 8 9 0.033966254 
778 48 7 8 0.03367308 
643 143 7 9 0.03360579 
845 188 7 9 0.03331618 
470 192 6 9 0.033268098 
977 337 7 10 0.03316732 
558 65 7 8 0.032931082 
957 120 7 8 0.03289159 
174 197 7 9 0.03244967 
845 174 8 9 0.032400288 
343 181 7 9 0.032290243 
56 245 9 11 0.03215269 
137 340 14 19 0.03208346 
49 214 9 12 0.031880848 
828 594 10 13 0.031862505 
783 68 8 10 0.03180873 
496 166 6 8 0.031790376 
569 209 6 8 0.03167621 
345 158 7 9 0.031628102 
962 24 8 11 0.031599075 
24 238 10 13 0.031587493 
704 119 7 9 0.031485856 
494 126 8 10 0.031134903 
943 336 7 10 0.030971123 
841 176 7 9 0.030730508 
861 40 9 10 0.030722717 
336 160 7 8 0.030601382 
272 143 7 9 0.030248487 
437 150 7 8 0.030079173 
393 176 6 9 0.029963199 
898 319 7 9 0.029937306 
831 246 7 9 0.029796546 
816 161 7 9 0.029673448 
294 204 14 16 0.029616931 
809 182 7 8 0.029503223 
485 517 9 11 0.029494159 
360 174 6 8 0.029457945 
425 135 7 8 0.029417234 
387 161 6 9 0.029360116 
673 189 7 9 0.029356506 
593 182 6 9 0.029121524 
832 126 6 8 0.029070413 
202 197 7 9 0.029043432 
697 23 7 9 0.029002005 
320 177 7 9 0.028952586 
743 201 6 8 0.028908411 
282 200 8 10 0.028682796 
768 175 7 9 0.028527271 
985 316 8 10 0.028487548 
623 38 8 10 0.028463224 
570 126 7 8 0.02828178 
699 176 6 8 0.028194973 
979 623 9 12 0.028152753 
295 171 8 11 0.028127853 
351 159 7 8 0.027815409 
703 176 7 8 0.02767988 
622 229 8 10 0.027663618 
988 127 11 12 0.02761597 
186 198 8 9 0.027478667 
5 254 11 15 0.027435603 
616 89 9 10 0.027340371 
731 184 6 8 0.02729032 
352 183 7 8 0.02727926 
359 128 7 8 0.027174205 
142 240 7 11 0.026994675 
324 245 10 16 0.026987836 
367 118 7 8 0.02695744 
920 317 7 9 0.026800076 
760 222 7 10 0.0267576 
669 9 8 9 0.026671192 
576 183 6 9 0.026638309 
560 111 7 9 0.026489474 
938 262 7 10 0.026397422 
328 156 7 9 0.02631899 
1015 91 8 13 0.026305933 
670 480 8 10 0.026208028 
431 183 7 9 0.026141454 
830 272 7 9 0.026136786 
440 161 7 8 0.026065586 
352 78 7 9 0.026034966 
374 133 6 9 0.026023796 
438 166 8 10 0.026006516 
680 167 7 8 0.025934182 
269 201 9 10 0.025916802 
656 24 6 8 0.02590805 
207 236 10 14 0.025897732 
216 198 7 8 0.02579444 
961 185 7 9 0.025721163 
199 258 10 14 0.025693303 
415 120 7 9 0.02561621 
600 206 7 9 0.02557581 
504 183 6 9 0.025572497 
390 109 7 9 0.02553971 
706 198 7 9 0.025460048 
26 469 13 16 0.025285004 
970 201 8 10 0.02515625 
810 134 7 9 0.025103226 
324 334 10 12 0.025074292 
982 360 7 10 0.025056185 
538 151 7 9 0.024863916 
746 23 7 9 0.02484101 
718 25 8 10 0.024820436 
783 46 8 10 0.024706587 
848 152 7 8 0.02456896 
513 223 7 9 0.024567258 
738 133 8 9 0.024418455 
384 175 7 8 0.024367651 
223 189 7 9 0.024352541 
603 167 7 9 0.024280455 
809 127 7 9 0.024149787 
376 129 6 8 0.024124704 
630 16 7 8 0.024119942 
782 142 7 9 0.024084046 
777 174 7 9 0.02403519 
280 69 9 11 0.024031322 
786 214 7 8 0.023959002 
158 243 9 13 0.02393751 
745 37 8 10 0.02389013 
429 175 6 8 0.023730077 
162 306 11 15 0.023719404 
544 157 7 9 0.023700088 
251 90 8 9 0.023686085 
359 118 6 8 0.023657402 
561 208 8 10 0.023651259 
938 301 9 11 0.023570534 
480 199 6 9 0.023387825 
942 170 7 9 0.023321813 
78 212 9 11 0.023298163 
614 119 8 8 0.023139492 
480 208 7 9 0.022956977 
269 68 10 12 0.022903921 
325 185 7 8 0.022871457 
606 13 6 8 0.022835756 
943 255 8 10 0.022828406 
695 488 8 12 0.022738686 
798 208 8 10 0.022553572 
649 24 7 8 0.022527484 
1009 629 9 12 0.022350686 
727 130 7 9 0.022098044 
258 168 7 10 0.0220904 
539 183 6 9 0.022081072 
689 13 7 9 0.021979341 
767 138 7 8 0.021914816 
550 223 7 9 0.021903016 
986 350 7 10 0.021826189 
654 32 7 9 0.021819854 
432 168 7 8 0.021794405 
850 77 9 10 0.021767449 
882 318 7 9 0.021732925 
655 206 8 10 0.021718511 
487 216 6 8 0.021667944 
544 57 6 10 0.02162772 
813 150 7 9 0.021623654 
552 216 6 8 0.021552008 
519 189 7 9 0.021510255 
936 231 8 9 0.021457236 
303 176 7 9 0.021411244 
56 198 9 11 0.021369996 
808 177 7 9 0.021346884 
481 144 6 9 0.021326499 
720 208 7 9 0.021282917 
631 21 7 9 0.021250198 
565 94 7 8 0.021212485 
148 324 13 17 0.02114204 
421 159 7 9 0.021131134 
1006 126 7 10 0.02106813 
922 126 7 9 0.021021036 
826 190 8 11 0.020962536 
561 213 7 9 0.020905204 
520 85 6 9 0.02090107 
673 184 8 10 0.020874975 
839 156 8 10 0.020860223 
722 174 6 8 0.020846384 
385 166 7 8 0.020817399 
779 38 7 10 0.02072996 
785 222 6 9 0.020710172 
634 157 7 9 0.020689206 
722 111 7 9 0.02068116 
264 141 8 10 0.020677116 
904 151 8 9 0.020654418 
926 126 7 8 0.02062736 
472 152 7 9 0.020603733 
830 199 9 11 0.020570396 
506 190 6 9 0.020530747 
830 191 8 9 0.020528536 
481 215 6 8 0.020526301 
168 279 12 16 0.020488473 
335 168 7 8 0.020488372 
784 128 7 8 0.020476127 
410 214 6 8 0.020459158 
371 36 7 10 0.020328771 
245 264 12 15 0.02032345 
582 205 6 8 0.020320132 
897 326 8 10 0.020295247 
744 206 7 9 0.02028175 
360 168 7 9 0.020277586 
886 126 6 8 0.020229965 
555 95 7 9 0.020172615 
847 124 7 9 0.020151973 
889 326 7 9 0.020142637 
941 109 9 10 0.02012518 
14 251 11 14 0.020096432 
401 183 7 8 0.020068679 
711 49 7 9 0.020040244 
