0_Parade_Parade_0_611
25
588 154 36 47 0.9967623 
303 171 38 55 0.9958026 
497 201 24 37 0.9945668 
153 164 33 49 0.99410856 
72 196 23 31 0.99408853 
413 139 37 50 0.99193734 
614 187 22 32 0.9828895 
917 224 14 17 0.97098464 
261 196 26 35 0.96825457 
657 198 15 26 0.8447644 
759 208 12 20 0.84030294 
530 210 17 23 0.70939326 
685 214 11 14 0.6569697 
784 249 8 9 0.41270167 
600 168 30 41 0.19492696 
952 235 10 13 0.15383157 
274 196 28 39 0.09679706 
174 219 15 18 0.08100826 
1 257 8 12 0.04622599 
722 228 12 14 0.0369507 
682 211 19 24 0.03294595 
538 215 14 19 0.028523883 
513 207 21 33 0.024644542 
958 230 9 12 0.022774823 
373 137 15 18 0.020494066 
