0_Parade_Parade_0_639
53
635 572 48 72 0.9977391 
715 79 24 31 0.9970004 
591 99 28 33 0.9967527 
339 207 33 43 0.9947542 
515 161 25 31 0.9858305 
438 271 25 32 0.9670953 
274 196 34 44 0.918141 
951 420 15 22 0.9135844 
967 404 10 12 0.83496696 
545 194 21 32 0.79913217 
880 427 15 17 0.7952115 
975 531 45 102 0.75819886 
963 482 35 56 0.6842302 
904 413 8 10 0.6810711 
425 289 16 22 0.62308246 
919 434 12 15 0.57717806 
806 441 14 18 0.5614959 
937 409 11 14 0.43325052 
984 408 11 11 0.273498 
1007 406 9 12 0.27107766 
429 280 21 26 0.2604593 
259 245 31 31 0.24024948 
824 435 13 16 0.19370423 
1008 413 11 13 0.18679732 
1000 406 8 10 0.17771271 
898 548 38 74 0.13454376 
839 425 9 11 0.116942644 
692 0 19 14 0.11566609 
1014 407 9 12 0.09712142 
456 496 13 18 0.0797109 
924 414 8 10 0.079628445 
540 246 28 43 0.079412654 
913 435 11 14 0.0734689 
933 435 12 15 0.07175069 
985 399 9 10 0.057321366 
811 438 12 17 0.054846257 
829 441 13 15 0.0461968 
936 430 10 14 0.04472078 
1012 417 10 17 0.043234047 
934 443 13 17 0.041356124 
943 426 12 17 0.03906251 
1001 401 8 9 0.033812832 
1006 401 8 9 0.031408176 
996 465 15 20 0.028450118 
865 458 13 18 0.026371038 
804 431 14 16 0.025412375 
282 219 28 38 0.022559257 
266 227 32 39 0.022276344 
832 422 10 12 0.02206332 
289 172 8 10 0.0216052 
999 422 11 13 0.021443944 
838 470 11 15 0.021284558 
982 463 27 36 0.021033099 
