0_Parade_Parade_0_850
38
624 289 30 38 0.99789786 
940 285 29 35 0.9959352 
483 298 25 30 0.994042 
749 303 25 29 0.99175465 
364 311 23 28 0.98987377 
834 292 29 43 0.9881689 
249 314 21 26 0.9718152 
189 316 16 20 0.97101915 
33 318 15 19 0.9575487 
544 335 11 14 0.9495554 
125 318 16 19 0.94722044 
152 313 20 23 0.9404442 
990 328 13 18 0.92526126 
71 318 19 21 0.9040969 
50 325 12 14 0.5889053 
270 313 14 18 0.28974956 
859 333 15 19 0.2605714 
4 325 10 14 0.116923414 
79 291 14 17 0.09509656 
13 300 9 13 0.09380723 
44 289 12 14 0.089338005 
0 316 11 18 0.08333207 
354 275 10 12 0.05312377 
61 323 13 15 0.049347185 
575 288 7 10 0.045691013 
206 317 15 19 0.03705295 
196 288 17 21 0.035452284 
171 316 13 17 0.031252597 
162 309 15 19 0.029367767 
1013 314 11 18 0.027295602 
92 297 14 16 0.025507675 
379 298 11 15 0.023575705 
850 314 24 36 0.02300419 
679 337 8 9 0.022672616 
0 272 6 11 0.022186453 
911 312 15 15 0.022049502 
123 295 16 18 0.021122139 
43 309 12 16 0.02106649 
