0_Parade_Parade_0_218
75
738 386 36 40 0.99865496 
929 622 10 13 0.89913523 
917 548 9 12 0.67864525 
944 540 9 12 0.5798995 
859 525 14 22 0.48998147 
1006 597 14 17 0.4381766 
966 545 9 11 0.3796917 
0 605 8 12 0.37932953 
102 528 10 13 0.31089658 
1014 535 9 13 0.3059422 
942 611 10 14 0.29995775 
957 550 8 11 0.1990847 
920 581 9 12 0.17363022 
142 558 13 15 0.12628752 
868 531 12 18 0.12482208 
89 552 7 9 0.09813414 
38 558 8 10 0.09170396 
894 555 9 11 0.08276604 
0 610 8 14 0.07712982 
989 596 10 13 0.0759391 
962 544 8 10 0.07463504 
846 529 18 21 0.07121779 
993 560 9 12 0.07121554 
869 495 8 11 0.06858286 
101 564 8 10 0.068208314 
881 549 9 12 0.06279768 
1 574 8 11 0.061559703 
321 535 10 13 0.058471605 
104 512 10 11 0.0576541 
904 591 8 10 0.05713314 
32 575 6 8 0.056753453 
6 552 8 10 0.05600369 
114 544 9 11 0.05290577 
937 543 8 11 0.05098164 
95 514 10 13 0.047701225 
989 543 8 11 0.04562955 
110 510 9 12 0.045405004 
913 582 8 10 0.045303695 
929 542 8 11 0.045156065 
39 582 8 10 0.041299257 
885 550 10 12 0.04065587 
61 612 11 14 0.039541658 
997 558 9 11 0.03823266 
64 553 7 9 0.03768603 
23 616 8 10 0.035851434 
143 528 9 13 0.035120744 
85 590 9 11 0.03416977 
26 576 6 9 0.033838958 
929 598 10 13 0.03271575 
105 574 8 11 0.03112578 
113 572 8 10 0.030295305 
5 575 8 10 0.029689679 
329 510 7 9 0.029105077 
531 516 15 19 0.028925577 
876 534 9 12 0.026224032 
1002 551 9 11 0.026112426 
1014 525 8 14 0.025982572 
990 548 8 11 0.025671255 
889 556 10 11 0.025593488 
985 542 8 11 0.024291199 
117 572 8 11 0.024057886 
108 515 10 12 0.0237531 
918 554 9 12 0.023588143 
954 555 8 11 0.02330056 
927 555 8 11 0.02310553 
58 553 7 8 0.022049263 
975 607 10 13 0.021634858 
39 576 7 10 0.021555334 
884 544 9 11 0.021448247 
1011 591 13 19 0.021380756 
107 527 11 14 0.02133403 
32 607 8 11 0.021146845 
974 544 8 10 0.021022012 
983 535 8 10 0.02069778 
7 615 9 11 0.020648265 
