0_Parade_marchingband_1_476
121
743 174 50 67 0.9995172 
857 103 33 40 0.99819094 
591 168 26 35 0.99701464 
453 221 29 35 0.9959001 
675 159 33 41 0.9950938 
798 128 42 52 0.99410015 
282 254 24 40 0.9934737 
519 174 22 30 0.9926617 
385 222 22 30 0.9916545 
611 201 39 52 0.99039114 
334 266 30 46 0.98763674 
242 259 21 31 0.97913694 
421 276 39 53 0.9789097 
353 224 20 27 0.97848547 
205 250 23 31 0.97668093 
200 177 14 20 0.9687882 
432 191 19 25 0.96236724 
326 145 12 16 0.95572567 
314 216 17 27 0.95458734 
475 115 16 19 0.9540508 
174 186 12 16 0.95113444 
574 162 17 23 0.94141614 
583 92 13 17 0.92392915 
263 179 11 13 0.89854234 
398 200 21 24 0.86835635 
481 192 22 28 0.8660142 
72 256 19 22 0.86519635 
710 51 15 18 0.8283976 
313 165 11 15 0.81959236 
639 55 15 18 0.75005376 
368 142 11 16 0.72996384 
58 232 15 19 0.6838646 
407 137 13 17 0.6777115 
220 189 15 18 0.6768076 
303 166 8 11 0.65440345 
736 37 13 18 0.52680594 
155 200 12 16 0.4995216 
249 179 8 12 0.48521695 
393 133 10 13 0.42727712 
605 73 11 14 0.2708294 
688 132 22 27 0.2512956 
584 67 10 12 0.24320734 
563 109 15 18 0.22896303 
544 70 9 11 0.20738114 
526 99 9 12 0.2066359 
66 233 13 16 0.20295964 
694 66 13 15 0.20042454 
581 162 20 29 0.17414469 
787 36 16 20 0.1602299 
422 120 9 12 0.15501574 
607 44 8 11 0.15391971 
860 3 15 16 0.14141504 
875 41 15 19 0.13959986 
390 137 11 15 0.13911192 
353 153 9 11 0.13583519 
495 101 11 14 0.13298391 
185 242 12 16 0.13029832 
819 29 14 18 0.101857804 
536 89 8 10 0.09967003 
511 88 10 12 0.095471896 
679 45 10 12 0.092458 
503 114 11 14 0.091539055 
599 76 11 12 0.08193927 
762 14 12 15 0.08030896 
279 333 31 38 0.07572643 
566 104 11 13 0.07202948 
815 35 15 19 0.07012814 
677 137 26 32 0.069423385 
576 131 11 15 0.06861298 
398 140 11 14 0.06804946 
383 139 10 14 0.06719937 
695 44 9 12 0.0659931 
576 91 14 16 0.06543365 
588 69 10 12 0.06189677 
592 76 11 12 0.061262928 
542 65 9 12 0.05697337 
565 86 9 12 0.052836757 
699 55 20 23 0.050625317 
863 38 25 27 0.049400155 
748 35 16 20 0.049369216 
163 198 11 14 0.04845639 
619 75 12 13 0.044875517 
504 86 10 12 0.043184724 
892 5 16 17 0.042815767 
561 87 9 10 0.04280295 
497 192 18 23 0.042730223 
298 167 8 10 0.040207744 
469 111 13 16 0.039075177 
788 14 13 15 0.038484853 
254 179 9 13 0.0382442 
566 90 11 14 0.03488885 
553 93 8 12 0.034430325 
773 45 13 16 0.031334255 
243 319 25 34 0.031138636 
899 40 13 18 0.029103242 
418 125 10 14 0.029008694 
613 74 11 13 0.028674768 
520 94 10 12 0.02848834 
543 74 9 13 0.02750377 
506 91 10 14 0.0273324 
883 90 17 21 0.027135916 
27 227 13 16 0.027059332 
189 330 15 18 0.026799131 
865 1 15 13 0.026753297 
261 243 18 21 0.026338458 
541 87 8 11 0.02576512 
494 114 12 15 0.024551654 
803 27 13 17 0.024120593 
263 364 25 34 0.02374745 
240 181 9 13 0.023569549 
656 38 9 11 0.023472132 
617 54 10 12 0.023437979 
545 160 23 26 0.023392934 
267 176 10 12 0.023120994 
365 223 22 28 0.022999624 
515 86 9 12 0.022865703 
735 47 12 16 0.02243688 
684 42 13 15 0.02172278 
538 68 10 11 0.020406732 
780 41 16 18 0.020381117 
161 319 17 20 0.020036742 
