12_Group_Group_12_Group_Group_12_182
20
372 189 421 254 0.99825317
172 240 218 297 0.9948773
253 202 295 256 0.9875488
796 186 852 256 0.9861967
571 211 616 272 0.9841203
701 227 747 289 0.9681359
23 251 63 301 0.95692027
499 227 544 286 0.91742224
877 176 920 234 0.65652895
280 416 313 461 0.10814649
71 349 105 392 0.051124487
301 471 335 517 0.04103729
-5 354 21 392 0.032866456
855 404 887 445 0.031058295
103 499 133 542 0.0306731
422 278 457 322 0.027472176
609 593 647 643 0.023033818
287 379 321 427 0.021927511
8 429 42 475 0.021610927
167 363 208 412 0.02121076
