12_Group_Group_12_Group_Group_12_315
30
818 331 859 383 0.95411634
400 289 431 331 0.8887498
616 323 652 370 0.8688681
720 322 761 377 0.86009175
275 314 303 351 0.64901227
515 314 550 360 0.5946153
196 312 225 349 0.41058815
923 522 956 567 0.372478
334 324 361 355 0.17812052
644 383 671 418 0.16432483
659 359 686 395 0.050895095
609 430 636 463 0.044458102
579 375 608 413 0.044231594
617 403 645 438 0.039513513
556 325 586 365 0.034808856
758 323 791 367 0.03343616
266 325 312 381 0.03336573
585 350 617 390 0.03021744
344 304 376 343 0.029379843
219 301 251 342 0.028315386
69 262 103 310 0.026494619
123 240 162 290 0.026310258
330 351 355 381 0.026245361
453 352 483 389 0.024806153
410 253 439 288 0.024069576
618 374 649 414 0.024042675
428 329 456 364 0.022728674
358 354 384 386 0.021313075
379 351 408 385 0.020989336
177 301 240 374 0.02030875
