12_Group_Team_Organized_Group_12_Group_Team_Organized_Group_12_186
215
822 193 858 237 0.88490766
313 384 340 419 0.8387226
16 179 42 215 0.8180425
655 364 686 404 0.7511968
719 344 748 381 0.74768686
367 181 395 217 0.69489497
396 368 425 405 0.62691903
470 306 499 343 0.57326794
600 358 625 391 0.5642151
146 194 171 225 0.54697204
207 359 235 394 0.5296982
763 223 789 257 0.50958925
199 181 228 219 0.4929872
405 148 430 181 0.49004945
69 161 99 200 0.4605913
275 171 301 206 0.4480116
688 208 717 244 0.4259643
226 198 253 233 0.42413062
529 342 555 377 0.42293593
864 326 895 366 0.4171976
343 310 369 344 0.40762615
450 403 479 440 0.36229315
263 153 288 186 0.33283907
329 153 358 189 0.31364396
631 217 659 253 0.2621621
901 189 928 225 0.23865102
280 349 305 381 0.23244068
765 149 790 181 0.22677863
562 203 586 234 0.22508055
452 173 480 209 0.22414432
406 450 432 482 0.2237415
613 297 642 333 0.217924
779 426 807 465 0.21426915
123 182 151 217 0.21422027
721 151 747 184 0.21105628
595 173 621 207 0.2065832
529 382 559 418 0.19879134
511 178 535 210 0.19445112
914 257 961 316 0.18204567
379 534 406 567 0.17346948
441 153 467 187 0.17309667
294 450 324 489 0.17007117
689 427 716 461 0.16764042
671 150 694 180 0.15715225
516 121 542 155 0.15459232
541 200 565 232 0.1437782
716 306 744 339 0.14068499
741 145 767 180 0.14028394
460 347 486 380 0.13351893
490 171 515 203 0.13226625
969 345 1000 385 0.117771745
693 309 715 338 0.11160623
453 282 487 323 0.10573292
772 333 797 366 0.1021501
672 176 695 205 0.09480841
609 155 634 187 0.09245969
709 223 734 256 0.091985956
300 263 330 300 0.08953181
432 226 460 262 0.088765465
752 204 777 238 0.08291282
822 456 854 498 0.08246309
164 145 191 179 0.08223578
464 224 493 261 0.08129952
232 149 259 182 0.07950087
664 460 693 497 0.0789038
866 159 903 204 0.07489665
573 103 595 132 0.074512616
229 272 263 312 0.070123106
516 201 541 231 0.06875177
235 438 259 469 0.06613245
326 361 353 394 0.064086884
689 151 713 182 0.06171616
248 248 276 283 0.06088144
674 305 699 336 0.059370864
536 106 559 134 0.057894826
615 475 643 513 0.05756767
71 96 105 138 0.056555666
435 462 461 495 0.05655444
332 432 360 468 0.055010047
643 426 668 457 0.054999426
788 298 814 331 0.05498115
440 350 465 382 0.054265477
643 152 667 183 0.054170914
0 231 24 265 0.053495158
463 479 486 508 0.05312314
333 264 361 300 0.053111922
664 409 691 442 0.053009894
593 252 619 285 0.05159901
479 351 508 385 0.05064792
476 381 506 419 0.04906103
638 282 668 319 0.04782028
357 54 383 87 0.0474416
597 279 623 316 0.047310147
259 195 287 230 0.047011748
961 375 1010 435 0.04698448
591 225 616 256 0.045858677
410 203 439 236 0.045673925
741 535 771 571 0.04538766
151 411 176 444 0.045119207
304 475 334 512 0.044857137
354 403 381 435 0.04456711
129 406 156 441 0.044509094
207 153 233 186 0.043209918
564 329 591 364 0.042937074
357 270 386 307 0.04213266
99 283 124 316 0.042061128
534 221 559 252 0.04165311
304 306 331 340 0.04142254
885 379 921 426 0.040650573
736 300 762 334 0.040125284
202 246 230 280 0.040010016
358 132 383 163 0.039703645
510 276 536 309 0.039220653
941 223 975 269 0.039014187
743 247 768 279 0.038470846
411 329 434 358 0.038203645
668 93 696 129 0.038156055
288 378 315 413 0.037793133
698 350 726 390 0.03751118
673 255 698 287 0.037181944
484 103 510 135 0.03714927
390 128 416 161 0.03663748
612 328 640 363 0.036250733
689 175 713 205 0.035891112
559 381 585 414 0.03583055
489 456 513 486 0.03570055
281 513 309 548 0.035121646
336 44 362 77 0.0350487
590 196 616 230 0.03499426
516 508 541 538 0.034938656
571 76 594 104 0.034264322
535 52 559 83 0.034118995
635 176 661 208 0.03398011
486 202 509 232 0.0337069
463 129 488 160 0.033705145
688 276 711 304 0.033682175
682 449 711 487 0.03366062
483 74 506 102 0.032618683
483 487 508 517 0.03184541
308 203 340 241 0.03158226
919 508 954 554 0.030991204
185 351 212 388 0.030641522
566 181 591 214 0.030299792
572 149 597 181 0.030078983
594 463 619 496 0.029915571
773 283 799 318 0.029774627
719 451 746 487 0.029605929
304 165 334 203 0.029504547
386 20 411 50 0.02934117
505 431 533 468 0.029258247
669 279 694 310 0.029092401
308 131 336 164 0.028933823
329 485 355 517 0.028854327
256 333 284 369 0.028702384
787 344 818 383 0.028372405
538 303 563 336 0.028073525
245 296 275 334 0.027914705
953 155 1021 251 0.02784621
744 171 769 204 0.02778296
561 482 591 519 0.02776205
257 379 286 414 0.027543422
388 97 415 132 0.027453233
718 247 744 280 0.026857108
436 94 461 126 0.026837878
813 151 856 200 0.026658228
565 121 591 155 0.026605114
969 300 995 336 0.026588874
204 406 238 446 0.026588157
923 143 955 182 0.026425991
70 197 98 230 0.026281426
638 74 662 105 0.026171133
408 77 434 109 0.025775697
828 139 898 218 0.025744908
460 509 487 542 0.025727969
303 538 333 574 0.025718695
512 252 540 287 0.02561871
411 248 440 286 0.025568195
271 224 297 258 0.025544949
719 534 749 571 0.025369858
358 2 385 30 0.025150368
638 332 665 366 0.0249982
385 301 416 339 0.02489503
884 468 930 527 0.024844425
845 398 875 436 0.024750477
253 479 280 512 0.024716701
357 355 383 388 0.024702208
889 327 918 366 0.024657788
101 350 127 385 0.024577418
923 354 952 391 0.024343545
0 275 25 313 0.024290264
793 124 821 159 0.024051398
410 477 439 510 0.023301877
77 332 108 369 0.023207072
383 49 408 80 0.02305037
178 330 202 363 0.02292319
119 457 146 491 0.022916418
281 133 310 168 0.02282177
666 327 693 361 0.022543816
406 23 432 54 0.022513876
293 363 351 432 0.022290742
186 227 217 265 0.022200886
183 302 209 336 0.021560663
740 431 769 466 0.021457996
701 331 761 402 0.021194365
251 452 279 488 0.021149253
306 69 332 103 0.021091219
465 77 490 107 0.020969657
988 251 1019 294 0.020765586
384 218 413 252 0.020587584
383 357 441 428 0.02058301
362 453 389 486 0.020577438
554 430 581 464 0.020430643
46 149 114 222 0.020286623
255 511 284 547 0.020149667
210 123 237 158 0.020148152
