12_Group_Team_Organized_Group_12_Group_Team_Organized_Group_12_21
17
258 311 304 365 0.2585149
505 367 535 407 0.18527497
356 300 380 332 0.1466782
465 260 490 292 0.08845038
561 284 587 317 0.08642225
513 322 539 354 0.08342234
559 328 591 367 0.07725956
538 251 563 282 0.06150194
382 298 406 329 0.03315259
458 330 482 362 0.029282622
415 305 440 337 0.028110161
239 409 285 458 0.025441267
511 224 540 261 0.024326323
405 325 433 360 0.021302922
313 304 338 338 0.020984959
556 229 581 262 0.02035257
480 303 507 338 0.020143546
