12_Group_Large_Group_12_Group_Large_Group_12_213
115
44 433 83 490 0.26098192
478 356 505 389 0.23508821
403 421 439 465 0.16036485
430 413 460 450 0.15229176
845 350 871 380 0.14783734
407 300 432 331 0.13220356
760 302 784 332 0.13056783
845 258 870 291 0.12972285
274 350 302 384 0.123472326
588 285 611 314 0.12342078
342 358 368 392 0.11860031
515 326 537 355 0.116298534
539 310 562 340 0.11347265
175 398 211 443 0.10967594
174 428 222 485 0.108977474
665 408 696 444 0.1089722
844 307 868 337 0.10187839
924 358 953 393 0.10056554
590 409 618 443 0.097655736
711 361 736 392 0.09373251
539 356 568 390 0.08774277
529 455 558 494 0.08689886
746 380 771 411 0.08367947
783 415 815 454 0.080255054
891 428 919 465 0.07908691
744 284 769 315 0.07712027
664 284 687 312 0.075999685
743 329 767 358 0.07465661
433 331 457 361 0.07195374
822 348 846 379 0.067461684
692 379 720 414 0.06362268
643 332 670 365 0.06136884
471 287 493 315 0.061203808
227 307 251 338 0.058717404
-3 383 18 416 0.058213763
487 332 513 364 0.058015388
969 400 993 431 0.05677974
587 333 614 366 0.056225263
869 278 893 307 0.053832542
996 350 1020 386 0.05312222
767 360 793 391 0.052289188
969 327 998 364 0.051839724
722 281 745 312 0.051661767
481 303 505 332 0.050908934
463 333 488 365 0.049783595
643 281 664 309 0.048121512
513 412 539 446 0.047897656
915 429 946 467 0.04727146
382 335 403 362 0.047036428
606 420 638 458 0.04625251
949 324 974 357 0.046174362
252 423 283 463 0.043459684
359 406 388 443 0.04299576
329 409 355 444 0.042508613
286 301 310 331 0.03985681
432 255 456 286 0.03879476
565 425 594 462 0.0374193
642 253 664 281 0.036663137
568 303 592 334 0.036428675
612 283 635 312 0.0361077
720 402 747 435 0.035179026
204 357 234 395 0.034950767
433 309 456 338 0.03487174
277 430 307 468 0.034766022
951 383 977 416 0.03429919
584 384 609 414 0.03408767
305 328 329 360 0.033860996
691 302 716 333 0.033695355
392 286 417 318 0.033233218
61 493 101 555 0.03248268
866 306 889 336 0.032373328
865 329 890 360 0.032142516
922 322 952 358 0.03156992
192 471 235 521 0.031081086
793 278 818 310 0.029911036
744 357 768 387 0.029890614
25 411 60 457 0.028740995
844 375 872 408 0.027940162
457 405 486 441 0.027710421
65 625 102 671 0.027703281
254 301 279 332 0.02737287
261 280 285 311 0.027127897
483 398 510 433 0.026853152
530 404 562 443 0.026699807
564 331 587 362 0.026606448
890 282 913 310 0.0264219
871 410 896 442 0.02624312
258 331 288 367 0.026068406
387 390 414 423 0.025975749
828 273 853 305 0.025746524
226 373 258 413 0.025683489
661 350 685 382 0.02545204
100 570 134 616 0.025247142
822 379 848 411 0.025118973
21 494 76 568 0.02506354
941 436 967 470 0.024907233
311 381 336 412 0.024509152
991 520 1022 564 0.024470773
900 357 925 390 0.02439741
796 178 824 213 0.024391921
801 335 825 365 0.024231635
616 335 639 365 0.02407846
559 378 585 412 0.024076853
259 372 292 411 0.023265384
224 451 254 493 0.023136947
845 459 880 500 0.022361731
663 257 685 285 0.021927772
362 336 390 369 0.021818979
692 254 715 283 0.021623535
616 254 640 283 0.021518705
715 432 747 470 0.020770319
432 376 460 410 0.02071115
612 605 655 655 0.020572733
416 347 448 385 0.02029223
437 278 461 308 0.020260558
