12_Group_Team_Organized_Group_12_Group_Team_Organized_Group_12_778
125
708 121 732 151 0.5002454
884 155 912 192 0.43197584
225 284 246 311 0.36961406
845 188 868 218 0.34141493
933 154 959 187 0.30537003
843 124 866 155 0.27973545
815 143 839 173 0.23099
556 225 577 252 0.22240329
763 115 785 143 0.21436284
587 305 607 331 0.18943647
611 225 630 251 0.1760523
56 285 77 311 0.17485256
712 306 731 330 0.16853438
781 302 802 330 0.14801902
127 410 152 442 0.14258638
169 282 190 309 0.13967377
401 309 420 335 0.1382422
656 82 680 107 0.11959966
645 225 665 250 0.10594499
200 54 224 82 0.09928993
156 96 179 125 0.09839906
649 308 668 332 0.093949355
68 409 94 441 0.09102513
173 221 197 251 0.090492144
378 75 401 100 0.08922852
281 68 304 96 0.087735444
329 226 349 252 0.08468416
252 75 275 102 0.081645355
159 378 180 405 0.0809469
112 283 133 309 0.07230215
800 78 822 104 0.0721235
30 250 54 278 0.0713148
464 72 485 97 0.06654916
817 97 842 126 0.06651299
461 208 483 236 0.066502474
466 296 485 321 0.06511908
800 128 823 158 0.064726815
489 228 511 253 0.061919507
973 112 1007 156 0.061917942
440 225 459 249 0.06182692
704 54 727 80 0.061024792
277 226 297 252 0.057644945
799 99 822 127 0.057082575
747 100 772 133 0.05485377
740 76 761 101 0.053969145
211 298 235 326 0.05344519
865 129 887 158 0.053357985
288 290 307 313 0.052150384
593 209 618 240 0.051867772
694 106 719 137 0.050481018
515 381 535 406 0.047718238
47 198 72 228 0.04742937
337 54 361 80 0.047291823
713 68 737 96 0.046586014
384 229 402 252 0.04657138
534 70 557 96 0.04643688
516 297 536 323 0.04568937
333 206 355 235 0.044388145
229 381 250 407 0.044343065
567 329 589 357 0.04424086
345 287 364 312 0.043773007
235 220 254 244 0.043611985
725 207 747 235 0.043383483
284 127 312 161 0.04184082
411 71 434 97 0.04093793
581 91 605 121 0.039165135
46 233 71 264 0.038884047
304 76 327 104 0.03784183
155 406 180 437 0.037774857
773 229 795 257 0.037619743
299 98 323 127 0.03734461
256 206 277 233 0.037246406
464 385 484 410 0.03698946
924 203 948 234 0.036778957
259 285 279 311 0.036433093
112 231 139 266 0.036068305
490 83 512 108 0.03554088
74 195 98 227 0.03543792
105 408 133 443 0.03366632
401 387 421 412 0.033106722
973 12 1009 60 0.032035653
206 205 228 234 0.031665243
103 299 128 329 0.031409558
665 384 685 411 0.03125262
665 326 686 351 0.031126799
232 100 256 129 0.031026252
207 334 228 360 0.029956851
225 123 251 155 0.029869506
715 385 736 412 0.02933893
264 379 285 405 0.028746929
31 280 54 307 0.028235938
354 201 381 232 0.027887953
76 299 99 326 0.027225398
264 303 284 328 0.02678519
663 250 685 276 0.026535315
507 77 529 104 0.026426403
515 208 537 236 0.026281793
101 375 123 403 0.026260667
644 93 669 122 0.02611563
642 402 664 430 0.02586679
504 224 527 252 0.025799982
929 308 952 336 0.02578648
178 74 204 104 0.025530515
822 177 847 209 0.025356304
537 210 560 240 0.02459402
611 249 632 274 0.02420239
666 205 687 232 0.024013424
873 324 895 353 0.023563206
919 134 949 170 0.023457715
589 403 611 430 0.02343064
484 385 503 410 0.02305056
533 300 553 325 0.022937635
305 287 324 311 0.022708429
991 319 1018 361 0.022378964
223 403 248 434 0.022371517
162 256 187 286 0.02226659
212 379 235 408 0.022091482
361 225 387 253 0.021633158
314 206 338 236 0.02117456
160 297 183 326 0.020982113
666 118 693 150 0.020916376
889 310 910 336 0.020907758
695 385 716 413 0.020854311
488 249 512 277 0.020623349
744 53 768 82 0.020153133
