12_Group_Team_Organized_Group_12_Group_Team_Organized_Group_12_653
76
328 304 369 357 0.9789099
427 386 470 441 0.97252697
385 284 426 337 0.9463616
240 357 284 413 0.92110485
949 377 994 435 0.9124799
594 380 636 432 0.89579964
78 172 113 218 0.8877359
314 226 352 275 0.8724879
196 176 229 221 0.8380967
526 313 563 362 0.81123334
803 199 834 239 0.79749066
775 360 810 404 0.79327476
658 337 691 381 0.5759553
862 204 886 236 0.29689717
150 307 183 351 0.25560805
835 446 868 493 0.18491787
313 479 351 522 0.17027833
450 464 488 511 0.15306002
666 471 700 515 0.1510948
16 219 53 264 0.12536278
259 305 292 350 0.11537902
683 238 713 276 0.10444974
774 426 817 480 0.10397039
712 500 739 535 0.097010545
738 273 767 308 0.095823064
353 437 388 484 0.07996638
360 557 391 595 0.06689836
103 223 133 262 0.065803096
891 596 927 640 0.058996387
922 300 949 336 0.05415498
664 303 696 343 0.051179416
458 247 491 290 0.048618905
921 378 954 423 0.04710442
941 551 978 597 0.046105947
844 184 872 218 0.045754015
746 355 774 390 0.045684256
532 481 564 519 0.041372642
995 538 1022 576 0.04061116
20 342 54 385 0.040354457
716 454 747 495 0.039423265
733 481 766 520 0.038865626
901 280 929 315 0.038325172
554 554 585 595 0.03670804
859 398 897 438 0.036556598
26 277 60 319 0.0365147
278 222 310 264 0.036339853
827 507 859 548 0.03622918
39 709 93 765 0.036123022
816 254 848 292 0.036094964
816 355 845 393 0.034393717
811 302 840 339 0.03286566
49 240 82 284 0.032406803
814 405 845 445 0.03240233
251 204 280 241 0.03238101
579 247 610 285 0.031524688
50 197 80 235 0.030408688
711 380 741 416 0.028559923
693 554 727 596 0.027839294
895 252 923 284 0.027775342
841 248 871 285 0.027503546
40 436 75 482 0.026027143
715 352 744 386 0.024723247
550 299 585 344 0.024453888
695 401 725 439 0.024328265
0 301 28 342 0.023611736
993 242 1023 284 0.023491256
590 294 623 336 0.023424448
939 326 971 368 0.023215346
900 399 928 435 0.022113206
271 277 306 323 0.021478662
994 195 1020 232 0.02139383
605 330 642 376 0.02111114
793 252 823 289 0.020716479
225 253 258 294 0.020361736
177 518 214 564 0.020119883
274 476 308 518 0.020119378
