12_Group_Group_12_Group_Group_12_478
19
334 286 404 370 0.8300623
429 282 499 362 0.7163613
561 241 627 322 0.16591983
65 472 118 534 0.15049858
145 122 245 239 0.08361107
663 372 718 446 0.0806365
507 99 586 187 0.07783774
781 133 872 248 0.04912405
92 402 144 464 0.045657985
165 227 236 320 0.04221329
807 503 839 547 0.032549627
224 315 290 390 0.030986395
835 299 992 479 0.028795173
116 463 160 519 0.028017104
893 542 919 574 0.02429735
708 141 752 200 0.0241563
780 426 819 478 0.023310272
135 434 205 524 0.021783091
744 328 841 432 0.021308178
