12_Group_Large_Group_12_Group_Large_Group_12_461
21
825 138 880 208 0.9918818
526 188 572 245 0.965434
226 156 272 215 0.9649103
131 167 189 240 0.9623996
377 94 438 173 0.9489218
461 120 507 180 0.93898654
594 119 641 179 0.9032848
667 145 718 207 0.8771307
0 122 57 212 0.579633
299 249 346 314 0.17947246
685 85 727 133 0.096672624
57 118 106 175 0.04955944
299 194 343 253 0.038179733
258 115 303 169 0.03546244
278 458 315 503 0.02902835
532 230 575 285 0.028117625
399 193 437 243 0.021979759
382 300 414 339 0.021943625
482 188 517 236 0.021897547
79 632 114 677 0.020529049
560 68 599 114 0.020460062
