12_Group_Group_12_Group_Group_12_227
77
732 274 765 317 0.946877
513 229 539 262 0.849721
242 276 274 318 0.8428639
638 153 663 184 0.82774526
607 220 636 255 0.81487644
650 284 681 324 0.792114
839 192 869 231 0.7626738
392 309 423 350 0.7419668
718 145 741 175 0.72689164
479 281 507 318 0.6952116
299 180 325 216 0.6731594
809 260 837 296 0.6078381
489 205 512 236 0.5744595
185 258 217 299 0.5716318
733 182 761 218 0.54887265
346 154 371 187 0.525679
391 252 417 286 0.5003848
700 219 725 250 0.44524863
452 153 478 186 0.4258785
565 193 590 225 0.39766783
330 223 356 258 0.38399968
551 282 579 320 0.37411138
596 296 630 336 0.33277062
239 181 268 219 0.3324724
302 255 330 291 0.3217267
429 231 452 262 0.2811217
397 193 424 226 0.2676311
473 128 498 161 0.20184965
652 204 678 239 0.19825749
380 131 404 162 0.16229017
713 201 743 239 0.12144936
581 181 606 213 0.07667272
871 249 897 284 0.07350899
602 652 635 694 0.072843544
469 259 496 294 0.07254826
177 301 210 341 0.06520199
561 222 587 253 0.061768387
355 228 382 264 0.05039385
587 201 614 237 0.049728155
555 137 580 170 0.048794277
366 251 390 283 0.04840332
700 148 726 181 0.046025965
326 276 351 308 0.04131405
820 221 848 257 0.03843892
102 564 139 611 0.03822645
762 255 790 291 0.037473336
544 180 568 212 0.036042754
559 253 584 284 0.03326106
692 246 719 280 0.030526433
824 183 883 254 0.03019893
361 275 386 305 0.030159611
665 484 689 514 0.029482236
469 198 493 229 0.029368326
383 370 416 410 0.028374584
531 374 558 409 0.027345559
431 299 461 336 0.026147798
206 229 230 259 0.025698015
846 329 874 363 0.0256857
558 325 585 358 0.025430491
660 258 687 289 0.024286343
221 459 245 490 0.024223698
914 277 944 314 0.024042586
467 102 497 140 0.023493575
907 348 939 388 0.023142343
153 322 180 358 0.022660166
686 272 718 313 0.021726204
591 205 654 274 0.021693088
355 202 384 236 0.021462735
825 357 850 388 0.020925697
742 224 768 256 0.020923655
406 356 436 392 0.020855164
98 385 128 421 0.020736447
229 226 255 258 0.020563994
531 404 558 437 0.020480258
685 652 720 695 0.020401394
660 173 684 204 0.020394357
307 162 332 194 0.0200014
