12_Group_Team_Organized_Group_12_Group_Team_Organized_Group_12_64
25
873 321 939 410 0.95789385
111 321 160 384 0.94016784
243 266 287 323 0.9359854
662 272 715 341 0.92897344
537 237 576 289 0.50370926
560 530 604 584 0.2862625
532 287 600 371 0.058687165
328 304 369 351 0.055556484
464 239 507 297 0.05160963
473 316 514 362 0.045057576
603 318 640 373 0.040901605
375 305 405 341 0.032810025
506 425 549 471 0.030757658
766 240 805 291 0.030642852
409 306 436 340 0.029724881
286 223 321 269 0.029614013
402 460 427 492 0.027234582
578 228 620 283 0.024849117
277 485 365 574 0.024571048
610 453 643 493 0.024209535
429 382 460 422 0.021910258
481 453 513 492 0.021718627
425 243 463 295 0.020566355
164 216 218 283 0.020494584
435 307 462 343 0.020377183
