12_Group_Team_Organized_Group_12_Group_Team_Organized_Group_12_340
35
326 112 384 187 0.9947996
531 29 580 94 0.980718
289 1 339 59 0.9777935
134 2 184 61 0.9763831
475 0 520 48 0.95531774
614 34 663 97 0.95356095
38 1 87 55 0.951503
383 1 430 50 0.81751007
-2 59 42 131 0.7945934
942 37 985 93 0.7820477
220 -3 268 42 0.5660471
857 59 891 103 0.41771045
732 74 773 127 0.26817393
94 1 130 42 0.2354205
41 136 73 176 0.18642452
357 2 390 43 0.16517702
871 101 904 144 0.07523615
593 -1 634 40 0.06513148
858 161 884 195 0.048516974
886 64 925 117 0.04851583
432 -2 466 30 0.047141112
681 -2 713 31 0.03663282
259 100 287 140 0.034895565
388 56 418 97 0.032620292
0 0 23 27 0.031314675
909 81 969 149 0.029147517
652 0 682 30 0.027400458
534 0 569 36 0.025181187
364 39 395 80 0.0223976
82 173 135 246 0.022009488
670 22 701 68 0.02158375
928 19 960 58 0.021430686
626 0 657 30 0.020589381
0 133 21 169 0.020227121
905 143 959 211 0.020179091
