12_Group_Group_12_Group_Group_12_249
43
408 390 458 450 0.78619677
461 197 501 244 0.6616125
886 475 921 518 0.6224179
623 373 667 427 0.5476648
559 249 597 297 0.49522495
493 564 563 647 0.4949352
945 553 978 593 0.49128368
590 304 627 350 0.22795838
520 197 554 241 0.18985197
265 549 355 660 0.17934653
343 287 390 344 0.17130132
714 327 746 365 0.15910159
574 402 626 471 0.14398646
408 199 434 233 0.11484677
734 357 765 395 0.11202057
980 600 1017 651 0.10064177
68 368 199 547 0.09676708
58 84 173 240 0.07391472
474 130 505 167 0.06748967
761 491 864 612 0.064864516
882 522 918 568 0.063774556
817 414 857 461 0.05811239
881 583 931 644 0.046676204
384 177 414 213 0.04270349
279 176 316 219 0.035357937
351 625 402 692 0.031148462
360 422 414 495 0.029636983
776 414 827 475 0.028310895
562 291 604 345 0.027995957
606 459 655 526 0.02587689
482 242 522 293 0.025392506
420 201 501 302 0.024485674
277 231 319 281 0.02423928
871 477 937 555 0.023956059
702 383 773 469 0.023151608
661 353 700 401 0.023022922
489 189 561 271 0.022720886
359 149 388 185 0.022634104
356 255 389 295 0.022594137
139 299 260 460 0.022565655
307 279 342 324 0.020939153
606 393 678 490 0.020487616
429 554 502 650 0.020122452
