12_Group_Large_Group_12_Group_Large_Group_12_143
50
468 228 497 268 0.36656985
85 202 115 239 0.36268088
261 206 285 237 0.30737054
131 234 166 279 0.15682785
308 172 334 204 0.14747436
51 225 82 267 0.13821778
24 217 52 252 0.11700653
202 231 228 265 0.10917302
390 232 415 263 0.10079869
184 228 208 261 0.09026216
228 251 254 286 0.075484164
2 205 29 244 0.07173107
273 225 298 256 0.06910141
176 198 202 232 0.0641227
210 153 235 185 0.05953833
153 199 179 233 0.04825095
354 245 382 280 0.047824554
203 401 230 436 0.043014195
131 201 157 234 0.042747196
337 232 360 261 0.037199784
255 256 281 288 0.03698534
234 204 257 234 0.036920067
565 232 591 263 0.03653272
14 166 45 205 0.03619571
290 176 314 207 0.03503875
286 283 312 315 0.03475988
123 180 148 211 0.03472667
251 309 280 344 0.033464763
69 148 94 183 0.0331463
308 228 331 258 0.03205737
228 172 253 205 0.031891685
76 309 101 341 0.031138213
362 54 388 85 0.028273793
176 267 208 307 0.027483357
0 406 29 451 0.027398106
305 200 330 231 0.02593016
439 230 464 263 0.024335997
206 204 229 234 0.024169737
28 309 54 342 0.024017375
357 200 381 230 0.022168506
542 249 568 281 0.021973316
229 321 264 365 0.021250058
378 28 402 57 0.021033362
51 175 76 207 0.020908136
100 447 127 481 0.020898292
24 245 54 282 0.020688605
51 306 78 341 0.020554574
914 175 942 209 0.020432303
533 22 565 58 0.02029466
863 176 894 213 0.02023384
