12_Group_Group_12_Group_Group_12_407
41
147 292 192 352 0.9919635
663 244 710 303 0.98281395
253 272 295 324 0.9536793
355 278 396 330 0.94355863
441 256 473 297 0.5425205
597 371 635 417 0.40221438
550 270 581 310 0.29385084
954 229 985 269 0.2359326
78 272 113 319 0.14664426
911 270 944 310 0.0814922
137 246 165 281 0.07611038
911 327 948 371 0.075914405
737 166 771 210 0.04836143
349 586 383 631 0.04736306
245 543 287 597 0.04616211
326 376 362 426 0.04582709
141 427 183 479 0.041156724
843 198 879 245 0.040512018
332 350 358 385 0.040380273
714 274 748 318 0.037905797
610 429 647 475 0.036743205
205 302 231 338 0.034897175
180 246 208 282 0.031907935
584 329 616 366 0.030443532
836 245 873 295 0.029535642
101 478 483 857 0.026954561
352 345 382 382 0.026077254
926 225 957 263 0.025908537
941 306 972 346 0.025854878
259 352 289 389 0.023595493
565 352 598 392 0.023483517
70 401 102 440 0.023162244
751 296 789 340 0.022934856
888 342 927 389 0.022286052
479 305 511 343 0.022127958
618 272 652 314 0.021945138
415 249 447 292 0.021724714
938 234 990 301 0.021254634
668 371 702 410 0.020286435
969 308 994 343 0.02018294
860 195 932 282 0.020167775
