12_Group_Team_Organized_Group_12_Group_Team_Organized_Group_12_55
51
413 87 449 131 0.3921912
287 172 312 203 0.25236315
86 76 114 114 0.1699099
185 146 214 181 0.12628418
196 122 224 157 0.12213628
280 226 306 259 0.11096555
236 143 263 177 0.09141771
303 153 329 185 0.0892863
50 100 76 130 0.084057994
321 272 349 307 0.07723041
460 149 490 185 0.070879266
482 145 515 185 0.06609736
198 173 225 206 0.064629756
74 176 97 204 0.063499644
98 119 125 154 0.060812388
379 175 413 215 0.05100544
306 220 335 257 0.049388565
77 201 104 234 0.044817775
156 199 178 228 0.042413432
99 147 128 182 0.039037976
77 123 105 157 0.036227584
507 153 538 191 0.035623457
380 235 405 264 0.034626238
232 284 254 311 0.03209004
356 202 383 235 0.030785022
73 304 100 336 0.030474633
229 103 255 137 0.029575665
125 148 151 180 0.029377233
257 173 283 205 0.028971702
415 228 440 256 0.02841601
253 205 277 234 0.028056422
455 96 482 132 0.027378488
434 170 463 203 0.02715977
77 150 103 183 0.026482685
406 152 437 189 0.02648116
225 229 248 258 0.026391827
49 151 76 184 0.025634177
51 202 79 238 0.024778254
306 131 330 160 0.024152882
229 306 253 335 0.024141919
80 328 108 362 0.023985231
20 169 49 209 0.023195839
103 257 129 292 0.022697577
235 204 258 233 0.022015303
233 176 259 207 0.02195044
133 179 158 211 0.021756908
264 252 288 284 0.021031357
134 228 158 260 0.021029873
533 155 566 195 0.02072636
455 208 485 245 0.02067276
60 71 124 147 0.020003002
