12_Group_Group_12_Group_Group_12_843
22
391 494 487 600 0.9834225
88 447 205 642 0.9057488
-9 457 80 638 0.2268878
305 456 365 538 0.14632623
615 539 700 637 0.13243926
612 377 644 421 0.0802829
567 356 595 393 0.06255528
486 424 558 512 0.04855419
612 479 654 529 0.03919466
663 256 687 287 0.035646718
-4 86 69 198 0.034053277
709 697 795 772 0.03164529
378 176 410 218 0.031205518
771 584 819 643 0.029047973
640 362 670 402 0.027842468
371 401 407 444 0.0269053
914 709 964 761 0.024800709
266 464 391 617 0.022804888
456 393 501 448 0.021732172
422 403 461 451 0.02146054
861 160 902 211 0.02063485
593 231 620 263 0.020134224
