12_Group_Group_12_Group_Group_12_434
22
159 169 213 245 0.8970523
818 208 871 282 0.8967304
415 169 451 218 0.8650028
544 241 590 300 0.76674306
560 184 593 227 0.5760028
768 259 818 324 0.1615521
707 240 752 303 0.11590171
711 188 746 232 0.111107275
765 210 801 261 0.10945136
142 218 191 286 0.09588545
224 284 258 327 0.069771096
351 253 395 308 0.06093813
376 192 415 238 0.05405982
603 187 639 239 0.04794489
433 272 468 316 0.047134064
735 195 778 248 0.03469519
448 190 488 241 0.03024459
882 212 918 264 0.028001197
405 211 446 268 0.02768132
585 153 615 194 0.026875803
547 284 596 341 0.025744492
400 254 473 337 0.020201368
