12_Group_Large_Group_12_Group_Large_Group_12_315
112
809 382 845 429 0.7829646
753 271 785 311 0.7053946
497 377 528 416 0.4964027
692 412 724 453 0.44113356
684 529 716 569 0.42702374
581 407 616 453 0.33441404
599 301 627 336 0.33145496
877 396 910 438 0.31104803
367 361 394 397 0.2734774
886 342 918 383 0.22831117
950 435 976 468 0.19610938
657 303 684 339 0.17087036
549 282 576 316 0.15257554
121 346 151 384 0.14341274
659 356 690 394 0.13001992
503 319 534 356 0.12763703
579 576 610 615 0.12597549
176 403 202 439 0.11471936
686 276 712 307 0.113114126
793 251 823 292 0.1125082
114 418 147 460 0.09738531
222 539 270 599 0.09371797
632 580 666 623 0.08998817
585 476 618 517 0.088137105
185 334 212 369 0.08658932
564 356 590 389 0.08316325
385 476 414 510 0.07942371
710 591 745 634 0.07205253
535 522 567 561 0.07108663
514 510 543 547 0.06643654
435 332 459 363 0.06157356
452 485 479 518 0.060267415
258 406 279 434 0.060251083
919 402 943 433 0.059447948
484 505 510 538 0.059180748
306 363 330 394 0.05853399
555 228 581 260 0.05742993
608 460 645 506 0.054165743
212 485 240 519 0.05202675
869 468 902 509 0.051454104
459 326 483 357 0.050553348
78 506 106 541 0.04389363
327 375 352 409 0.04314574
719 152 741 181 0.042861123
261 337 282 364 0.042306453
643 286 669 322 0.040282518
539 331 564 363 0.039572746
340 327 362 356 0.03907831
661 396 697 442 0.038942978
946 349 980 395 0.03700479
717 321 748 360 0.03599131
794 149 819 180 0.035505105
682 180 706 209 0.03527121
739 154 763 184 0.034811288
462 251 483 279 0.03338782
509 255 532 284 0.033309236
693 151 715 179 0.03325052
279 408 305 441 0.032843318
593 250 617 280 0.03282271
920 454 952 494 0.0327786
533 478 562 513 0.032084372
284 355 307 384 0.031759195
410 501 442 540 0.03171869
540 247 566 278 0.031520788
671 252 696 284 0.03148725
788 307 821 345 0.031060023
589 196 613 227 0.030996671
503 277 528 308 0.030778108
52 506 79 541 0.030469313
418 359 440 389 0.030178322
436 254 458 281 0.029900417
772 152 794 182 0.029884007
762 206 789 240 0.029368088
438 457 462 489 0.028547298
947 510 977 543 0.02809033
404 464 432 499 0.028068805
669 155 692 183 0.027627667
356 514 401 570 0.027403245
5 499 30 539 0.0270204
149 333 178 370 0.026714774
232 336 253 362 0.026222045
687 222 718 261 0.026019616
382 308 406 339 0.025518686
563 207 586 235 0.02550406
834 52 862 89 0.025455683
893 457 926 499 0.025449377
410 300 432 330 0.0253847
459 461 484 493 0.025305048
684 603 720 646 0.024772169
638 370 679 419 0.024611475
21 510 49 545 0.024572136
666 226 692 262 0.024407502
542 211 564 239 0.024399968
497 419 535 467 0.02422517
463 400 490 437 0.02407232
157 385 187 421 0.023824314
82 535 112 573 0.023752702
513 599 548 644 0.02290794
561 332 589 366 0.022449572
360 308 382 337 0.02232666
807 322 841 368 0.021882236
687 322 721 363 0.021525137
818 267 851 309 0.021246405
815 205 844 241 0.021070747
175 485 201 516 0.020945622
258 540 307 601 0.020851513
254 429 279 462 0.020745065
222 502 256 544 0.02034306
768 581 804 626 0.02027722
486 233 507 259 0.02016063
302 429 328 463 0.020153236
757 342 800 398 0.02006647
