12_Group_Large_Group_12_Group_Large_Group_12_550
47
63 62 104 112 0.9155231
753 66 793 118 0.91056824
77 526 113 573 0.86559445
902 517 941 567 0.8234465
942 55 985 113 0.8199704
599 69 635 117 0.8014722
586 525 618 568 0.7756989
229 57 266 104 0.72002834
232 518 269 566 0.6884439
745 523 777 563 0.370259
404 62 436 104 0.3311006
747 556 779 597 0.29585236
419 519 452 560 0.2872655
576 157 649 248 0.16752473
815 594 852 641 0.11582318
426 125 459 167 0.102977514
402 169 443 221 0.08730728
299 123 326 159 0.07578453
406 94 438 136 0.074430786
763 577 792 612 0.042985223
252 112 286 153 0.042564824
380 110 415 155 0.040299404
716 581 746 618 0.040197358
224 119 255 156 0.039707165
792 589 824 628 0.03916623
759 632 788 670 0.038715046
940 173 983 235 0.03171704
567 549 601 593 0.03141815
913 118 943 155 0.03066415
597 626 633 671 0.030472191
456 599 489 644 0.02956625
34 132 118 236 0.029253135
428 48 462 93 0.028788477
204 159 257 220 0.027714025
452 121 482 162 0.027217915
399 186 467 267 0.026747009
889 138 921 179 0.026055153
549 65 590 118 0.025278538
563 511 595 552 0.023722105
268 201 311 254 0.023719648
381 143 425 199 0.022344496
772 611 803 649 0.022150822
789 523 822 565 0.021687282
636 120 670 165 0.021482324
551 585 586 629 0.020928334
43 590 74 629 0.02040332
625 64 662 114 0.02032672
