12_Group_Group_12_Group_Group_12_80
119
770 281 804 325 0.92817307
299 297 335 343 0.9128722
283 115 316 159 0.897962
838 166 867 205 0.8451608
543 228 575 270 0.8243121
655 206 692 254 0.8177494
182 292 216 335 0.74325716
644 112 676 154 0.7368853
471 123 500 160 0.7318459
77 144 104 175 0.7264367
874 277 905 316 0.7055763
353 123 381 159 0.69778234
703 114 736 158 0.6757207
422 228 456 272 0.6586926
405 106 433 142 0.557752
220 130 249 169 0.45524198
924 132 953 169 0.44823247
807 122 833 157 0.35874808
132 119 159 153 0.318159
523 102 551 138 0.25761262
594 114 622 150 0.21992993
629 277 661 317 0.1281627
223 196 251 235 0.110135116
377 384 406 422 0.08910281
714 370 744 407 0.07260374
358 46 386 82 0.07093194
861 150 894 192 0.06871975
821 146 851 186 0.066420466
19 119 46 152 0.06484242
105 200 133 236 0.06415371
663 411 692 448 0.06319501
685 276 719 317 0.05874425
335 104 361 139 0.056962565
434 301 470 345 0.05685541
432 374 458 407 0.055630535
504 193 534 233 0.05515551
560 19 587 52 0.054940384
501 417 533 456 0.054844115
787 148 814 183 0.05335242
384 122 409 155 0.05066402
457 326 488 364 0.050425015
438 151 463 184 0.050228894
899 127 927 164 0.047807276
895 199 927 239 0.047013693
890 255 922 297 0.04604647
769 377 801 419 0.045436073
733 118 761 155 0.04533878
81 284 109 316 0.044175077
308 70 331 99 0.041792016
589 417 619 453 0.040559534
996 145 1021 181 0.039208055
592 220 619 256 0.03900117
353 299 379 333 0.038431242
224 382 252 419 0.037574828
563 99 589 136 0.03700412
60 128 88 165 0.036666628
943 99 970 133 0.03654225
271 251 298 289 0.03652114
640 332 670 366 0.036284655
201 357 232 397 0.036069177
942 247 979 287 0.036036916
408 149 435 182 0.035893954
941 177 971 215 0.035777137
611 173 643 211 0.03505199
551 296 580 334 0.03455884
530 148 559 182 0.033824034
768 71 795 106 0.033126604
693 373 722 409 0.032999907
967 271 992 305 0.031901196
414 28 438 60 0.031753477
261 119 290 158 0.030492382
382 332 409 366 0.030216746
892 326 927 373 0.03000974
410 358 439 393 0.029986436
458 373 491 411 0.029642148
516 223 545 261 0.029190574
848 95 876 133 0.029136244
996 246 1022 283 0.028958965
590 251 618 287 0.028077807
100 126 127 161 0.02792667
151 50 176 83 0.027680669
118 173 149 210 0.02736882
771 167 802 207 0.02661773
404 299 438 341 0.026472962
158 293 191 332 0.026388971
565 151 590 182 0.026316848
230 100 254 132 0.02627586
128 144 154 177 0.026129428
18 151 43 181 0.025635587
911 221 952 268 0.02562337
838 124 867 163 0.025457745
823 154 881 224 0.025443938
482 4 509 35 0.025387358
173 227 200 264 0.025322324
897 99 923 132 0.025110181
450 223 480 264 0.024316292
377 30 402 63 0.024251223
178 181 204 214 0.02412239
281 54 306 86 0.023887381
255 178 285 215 0.023864718
785 255 816 296 0.02369603
131 281 160 319 0.02369468
736 374 768 414 0.023250109
230 330 262 370 0.022650432
210 216 245 263 0.022481756
658 10 690 49 0.02242425
538 173 565 207 0.022097671
434 125 458 158 0.022086188
844 299 876 337 0.02200977
608 201 641 242 0.021860033
535 71 564 107 0.021691296
661 294 697 336 0.021334616
586 174 614 210 0.020854741
2 375 36 429 0.020778084
559 177 585 210 0.020581
659 352 687 385 0.020548891
250 378 282 419 0.020475347
486 252 510 282 0.020313222
914 266 956 312 0.020088105
