12_Group_Group_12_Group_Group_12_519
87
713 224 751 271 0.9620877
574 200 610 246 0.91484797
901 199 935 242 0.8211448
824 202 857 244 0.7874069
445 207 483 254 0.67759484
586 121 614 158 0.27935034
807 137 838 177 0.25153363
321 172 356 213 0.24247661
360 94 386 127 0.20189874
791 71 819 105 0.19741902
848 122 878 161 0.16642638
615 349 642 385 0.16557106
896 237 929 279 0.15824297
679 181 705 212 0.15437359
665 95 694 134 0.1511917
685 23 714 58 0.1387272
483 72 506 102 0.13344643
760 169 789 208 0.13107368
638 91 667 130 0.12158396
715 70 743 105 0.11465988
863 69 892 105 0.10863376
850 360 876 394 0.103179224
528 171 558 210 0.09648059
612 125 640 161 0.09647509
812 6 839 35 0.09248559
611 376 638 409 0.08672995
687 195 719 235 0.08395846
943 122 972 159 0.079019785
796 166 824 204 0.07281076
831 243 862 281 0.06962827
766 122 793 156 0.06960354
230 103 264 145 0.06800096
296 76 326 112 0.066558465
927 353 952 384 0.06635759
430 181 459 216 0.0649198
466 53 489 81 0.06425829
690 272 719 306 0.06282123
457 249 486 285 0.058631666
458 128 484 163 0.05730658
926 41 954 75 0.057292454
378 98 406 134 0.057061054
738 126 769 164 0.051423606
767 23 793 55 0.050628163
742 94 772 130 0.04978721
558 143 589 184 0.04975266
404 224 432 259 0.0493861
631 117 664 159 0.048213515
566 248 596 284 0.046573225
458 25 482 54 0.044205677
440 19 465 49 0.042225793
509 26 534 57 0.042196017
818 52 842 84 0.04210485
491 22 516 52 0.041008823
537 223 563 255 0.040357053
941 24 972 63 0.03927135
825 100 850 133 0.038272265
410 275 433 306 0.0366691
713 20 742 55 0.036543168
405 100 432 132 0.036248814
849 51 875 84 0.036203533
406 251 431 284 0.035945605
706 300 739 339 0.035871245
440 148 465 181 0.035446875
491 359 515 390 0.035133198
388 47 413 80 0.035040986
794 19 819 52 0.035004072
899 49 922 78 0.034209915
973 79 999 111 0.034009255
405 145 435 180 0.033676647
633 278 660 312 0.03291408
741 25 769 60 0.03285462
539 3 568 34 0.03282261
324 26 353 62 0.031574003
406 26 433 59 0.031437214
867 25 893 57 0.03120337
745 377 775 413 0.030683327
436 73 461 103 0.030578623
517 127 549 167 0.030327672
900 26 924 56 0.028024971
501 375 532 411 0.027929598
633 179 661 213 0.02775548
876 198 902 234 0.02761189
838 273 869 310 0.027574426
683 114 716 157 0.027137522
601 190 682 284 0.027113114
281 126 313 164 0.026183737
336 -137 830 392 0.02447431
