12_Group_Large_Group_12_Group_Large_Group_12_103
92
500 184 543 239 0.95435864
108 142 148 194 0.8964831
763 177 793 217 0.889274
311 183 353 237 0.7393363
815 165 844 202 0.6905565
914 291 970 360 0.62557083
553 379 597 435 0.51228774
27 219 75 281 0.5092859
695 175 729 219 0.40267077
72 306 109 352 0.32993177
452 144 490 187 0.3022552
237 209 282 268 0.25096875
400 153 429 190 0.21643336
364 131 388 161 0.20546359
64 168 99 213 0.19329539
779 242 825 300 0.18766515
309 121 336 155 0.18520448
929 178 957 214 0.18490402
600 252 632 294 0.17264433
590 388 634 446 0.1672832
239 448 318 554 0.16411221
128 269 168 318 0.14490703
628 199 656 236 0.12798774
447 307 485 356 0.124885954
509 126 532 156 0.120560415
168 174 199 213 0.119602025
831 223 875 277 0.11336581
639 130 666 165 0.11055022
306 149 338 187 0.10937405
785 175 815 215 0.103254385
744 187 774 227 0.1028872
280 159 309 198 0.10251624
654 234 688 278 0.09446514
347 307 387 360 0.08945058
400 194 435 240 0.08872686
630 295 669 347 0.086759135
537 297 584 356 0.085936405
591 297 628 348 0.08010394
502 346 546 406 0.07738117
453 252 497 309 0.07148437
383 167 417 211 0.069166146
626 73 658 115 0.06723451
840 400 885 466 0.06434557
618 145 647 184 0.06054438
564 173 595 214 0.06030687
737 128 760 159 0.059367336
933 250 1002 339 0.05850321
433 167 470 214 0.057858486
879 213 923 261 0.057828557
1 185 36 238 0.054355055
745 151 770 185 0.05286483
225 168 265 215 0.051725537
804 368 857 439 0.04975363
619 172 650 214 0.04918528
552 229 588 275 0.047028925
610 218 642 258 0.0432775
658 144 687 182 0.038215533
147 151 179 192 0.036485635
427 368 459 411 0.03573689
135 487 252 608 0.035251997
667 172 698 214 0.034749098
425 268 463 316 0.034484662
406 391 470 484 0.03419888
886 266 930 323 0.033900935
271 192 310 247 0.033885926
203 292 237 335 0.03333717
305 313 343 361 0.032240383
302 220 369 302 0.03198535
583 151 612 188 0.03194383
152 192 183 234 0.031277895
273 269 305 313 0.030521054
356 166 392 213 0.030309279
740 265 780 317 0.029100213
682 221 719 268 0.028941412
871 358 1014 523 0.02875644
418 222 454 265 0.026892083
715 248 745 289 0.026757656
120 221 153 263 0.026267359
791 154 854 228 0.025687968
747 158 806 230 0.02365952
653 270 688 315 0.023491113
764 343 810 406 0.023266878
767 411 816 472 0.02288806
98 272 135 315 0.022764245
164 210 207 268 0.022696694
835 338 883 408 0.02267224
168 290 206 334 0.022179201
634 335 675 396 0.021375075
405 130 431 162 0.020550182
199 152 238 196 0.020477908
474 286 515 343 0.02043181
116 314 159 367 0.02022915
