12_Group_Group_12_Group_Group_12_331
29
570 395 614 455 0.98202723
692 135 740 196 0.91956794
766 437 821 505 0.8741189
216 386 258 440 0.86007553
421 359 464 412 0.8513489
327 520 385 587 0.80983585
622 490 663 542 0.11440515
131 464 176 528 0.111948
570 488 606 530 0.1071462
710 656 759 717 0.089258455
260 460 305 530 0.08057768
528 425 563 471 0.074566916
288 486 344 555 0.059963454
768 652 816 714 0.05649199
565 250 592 287 0.05345711
300 607 343 660 0.04153513
595 730 642 790 0.03469612
365 764 415 825 0.033778857
205 453 240 501 0.032928053
507 121 539 163 0.027796125
361 502 416 569 0.027403088
997 374 1023 414 0.02622993
659 652 697 700 0.025954867
348 280 381 322 0.02454429
359 595 398 642 0.023910744
300 610 380 706 0.023467742
993 713 1021 754 0.023158457
382 421 417 465 0.022102559
0 677 34 725 0.021999227
