12_Group_Large_Group_12_Group_Large_Group_12_13
91
868 414 889 440 0.18999484
538 437 559 463 0.15846458
597 413 618 442 0.12111582
234 363 255 391 0.118628316
727 365 746 388 0.110987894
920 384 943 413 0.10287814
430 522 464 564 0.09698791
366 406 388 435 0.0911475
333 513 362 549 0.09102197
153 383 178 413 0.0880491
902 521 931 559 0.08647701
824 537 852 572 0.07851436
437 407 458 432 0.07795657
154 410 178 439 0.07492861
895 439 916 467 0.07471202
945 405 969 436 0.07131198
123 333 145 360 0.07092934
827 437 849 463 0.0684341
205 407 228 437 0.059602004
814 375 838 404 0.057557464
98 515 124 548 0.056679036
54 386 78 417 0.05515783
161 459 185 490 0.05475714
907 364 930 392 0.0540095
253 537 289 580 0.050567094
204 435 225 462 0.048445154
695 515 722 549 0.04785387
129 430 152 460 0.04715934
153 435 176 463 0.046607073
612 462 635 492 0.043683745
254 299 275 324 0.042670198
785 517 819 558 0.03916003
636 357 655 382 0.03894429
673 401 694 427 0.03776422
101 479 124 509 0.03729611
571 414 592 442 0.03703697
716 410 738 439 0.036859028
315 359 334 384 0.036477234
281 280 304 307 0.036391817
127 354 152 385 0.03637767
878 463 900 489 0.036313586
69 328 94 359 0.03622505
839 463 860 490 0.035447013
843 514 867 544 0.03544009
250 359 275 390 0.03450951
385 362 405 388 0.033945803
74 206 99 236 0.033623952
183 279 205 306 0.03335603
209 309 230 334 0.0327841
72 387 97 418 0.032467607
714 527 744 566 0.03242633
746 407 769 437 0.03153303
178 336 202 365 0.03095603
182 440 206 469 0.030677203
156 330 179 358 0.030401085
519 404 540 431 0.029706977
330 383 352 411 0.02967802
696 435 718 463 0.02930483
22 296 47 329 0.02899722
284 336 308 365 0.028570239
856 390 878 417 0.02847842
134 307 156 335 0.028267957
560 428 583 456 0.02799602
279 256 300 281 0.027717715
58 310 82 341 0.02709059
390 514 414 545 0.02702319
926 432 951 463 0.026459018
152 284 173 310 0.025950613
383 383 404 409 0.025777206
419 408 441 434 0.025688864
228 432 252 460 0.025545364
846 482 867 510 0.024840504
606 519 633 553 0.02483451
872 483 896 512 0.024787143
799 412 821 440 0.024713458
309 487 333 518 0.024238035
771 406 793 434 0.024019374
181 403 207 435 0.023790428
281 514 307 545 0.02332186
234 306 254 332 0.023216067
337 438 361 467 0.022662496
483 385 502 410 0.02266098
201 280 222 306 0.022533096
552 516 584 555 0.022254968
243 285 264 311 0.022023352
415 382 436 408 0.022022717
356 306 376 331 0.021657575
646 513 674 547 0.021460751
284 306 306 333 0.021279395
332 490 357 520 0.020903658
135 285 156 312 0.020778084
