12_Group_Team_Organized_Group_12_Group_Team_Organized_Group_12_855
33
805 275 835 315 0.796606
899 302 943 356 0.7823688
891 239 919 275 0.68425107
738 256 770 295 0.5054095
795 362 838 415 0.43159607
676 282 702 315 0.29430315
664 333 694 369 0.18218145
666 219 692 252 0.09516413
984 417 1017 466 0.08547845
635 257 662 291 0.080171816
718 359 742 391 0.07621952
949 330 982 377 0.06925881
81 199 117 246 0.05451168
811 330 845 372 0.04896526
756 278 788 318 0.040350687
987 521 1024 581 0.040069792
769 356 799 396 0.039900504
791 262 850 333 0.032511637
559 373 590 409 0.030905211
827 351 879 414 0.029453902
617 428 642 461 0.029121302
642 346 674 386 0.028189514
666 256 693 292 0.02687357
607 303 633 337 0.026100878
737 371 770 412 0.025742687
211 274 239 310 0.024592785
428 355 458 389 0.023687145
876 229 934 300 0.022634046
748 330 779 369 0.02234523
938 301 972 345 0.021304665
917 310 977 393 0.02113399
714 297 747 337 0.020209022
303 384 330 416 0.020114116
