12_Group_Team_Organized_Group_12_Group_Team_Organized_Group_12_138
28
102 896 196 1008 0.86295736
138 424 209 512 0.8176858
212 949 305 1065 0.8096362
756 399 811 480 0.6548901
267 511 339 595 0.6118293
425 408 480 477 0.5847061
606 505 662 577 0.420651
767 972 826 1044 0.2774482
539 441 605 526 0.20746985
892 1008 940 1065 0.1871678
588 387 655 464 0.17858514
806 448 873 537 0.16305897
382 406 425 462 0.12706973
834 398 887 464 0.0987932
81 395 134 461 0.067062065
129 646 186 714 0.052003186
694 920 740 981 0.046957437
127 536 176 603 0.046298962
275 409 331 475 0.044597812
475 403 518 463 0.035583258
674 401 728 470 0.031549692
431 535 485 600 0.0301773
822 917 869 976 0.026847607
56 714 110 793 0.026704771
125 670 213 778 0.026109697
243 432 301 510 0.02392575
96 463 157 536 0.021362258
351 373 396 431 0.020741275
