12_Group_Large_Group_12_Group_Large_Group_12_107
140
758 193 793 239 0.9516803
80 212 118 262 0.95045245
845 189 880 234 0.89991075
190 383 228 432 0.86985224
548 298 582 342 0.7918502
302 203 330 238 0.779563
297 316 331 358 0.7495786
636 312 667 351 0.73966974
241 181 270 219 0.7332266
161 204 192 243 0.7212752
518 210 542 241 0.7137815
592 208 622 246 0.6936507
471 378 503 421 0.6434763
432 237 461 274 0.6141339
651 218 679 254 0.53624606
389 308 419 346 0.5336665
411 202 438 237 0.4957717
704 200 732 237 0.4745564
727 377 758 418 0.4147898
474 203 498 233 0.36169556
351 221 377 255 0.2854293
618 179 642 209 0.2772689
841 405 873 444 0.26927075
403 386 434 425 0.20599939
902 193 933 232 0.19309787
0 211 39 277 0.16123092
482 453 510 489 0.13219936
799 129 824 160 0.1300688
565 201 590 234 0.12485521
334 205 361 240 0.12164252
388 279 416 314 0.11422251
915 404 942 440 0.10978648
671 362 697 394 0.10323655
362 328 387 363 0.07364219
442 307 472 345 0.07334162
205 173 233 207 0.07297805
947 362 982 406 0.07189221
929 460 958 497 0.07187116
0 292 29 338 0.070859514
786 267 821 310 0.06507941
280 152 308 188 0.064715855
117 168 149 208 0.064706735
53 245 83 284 0.064701214
430 118 457 152 0.064537495
507 241 539 279 0.06333773
205 331 233 366 0.060700394
410 496 438 531 0.05782283
300 276 327 308 0.05740128
434 503 460 538 0.05678897
545 180 568 209 0.056306306
225 351 254 386 0.05525204
124 272 155 310 0.05347752
639 249 668 287 0.053375665
484 177 509 206 0.05329566
782 320 816 362 0.052626412
953 244 990 292 0.052196357
171 252 198 287 0.051609147
747 271 778 311 0.05026228
256 220 285 255 0.048930984
301 372 333 406 0.04820075
449 248 480 286 0.046709318
490 222 517 258 0.046642233
669 272 693 303 0.045647133
663 153 689 186 0.043763537
840 464 869 497 0.043689765
389 169 417 205 0.042808194
396 540 426 575 0.042072177
99 268 130 305 0.041337498
460 223 488 259 0.03966595
509 328 535 359 0.03963156
485 123 511 155 0.03925943
616 254 648 294 0.038518485
415 104 440 137 0.03827854
430 179 457 213 0.037654605
363 275 389 309 0.0372118
484 481 516 521 0.036991633
896 425 924 460 0.036406506
870 378 900 411 0.036402386
774 377 805 415 0.03590713
352 249 381 286 0.03485768
401 149 427 185 0.033412304
825 383 858 424 0.03334537
995 346 1023 388 0.033107687
532 103 559 137 0.033075545
460 506 489 543 0.032929745
869 422 901 458 0.03217954
922 498 953 538 0.03151122
896 484 924 520 0.031083187
515 158 537 186 0.030717876
555 355 587 391 0.029942565
553 250 585 288 0.029910646
330 323 360 362 0.029649869
478 280 512 323 0.02959803
437 271 466 307 0.029253991
29 349 60 390 0.028702985
207 572 244 619 0.028696876
567 147 593 178 0.0285016
304 150 331 185 0.028227773
181 299 214 339 0.027903594
281 221 312 259 0.027261274
386 563 418 603 0.027203523
619 122 645 154 0.02681277
275 250 305 285 0.026492309
813 146 842 184 0.026119957
252 323 281 360 0.026090594
53 202 84 249 0.02606086
199 222 227 257 0.025778158
864 224 894 260 0.02564348
222 162 281 232 0.025191685
925 380 955 417 0.025078878
153 399 184 436 0.024922077
430 350 460 385 0.024578288
246 427 275 463 0.024138473
464 126 488 158 0.023891808
234 302 262 338 0.023823928
997 402 1026 446 0.023725193
590 249 623 289 0.023716507
385 222 411 256 0.02332297
230 254 263 292 0.02308622
334 271 365 307 0.02288051
551 443 587 486 0.022711532
788 173 821 218 0.022623008
512 500 540 538 0.022527387
697 324 723 359 0.022387046
632 204 689 274 0.02235747
256 124 283 160 0.02222981
766 102 791 134 0.02217657
847 157 874 194 0.02215193
715 305 749 348 0.022010557
331 152 360 190 0.0219859
513 70 538 100 0.021420622
619 158 643 186 0.021309659
533 366 570 410 0.021278828
454 70 481 102 0.021113114
485 542 514 575 0.021100644
151 265 183 305 0.021032402
773 154 798 183 0.020718796
435 149 464 184 0.02068937
948 429 976 465 0.020660011
200 278 228 311 0.020127764
