12_Group_Large_Group_12_Group_Large_Group_12_1007
60
374 241 409 285 0.621311
682 232 729 295 0.48305753
453 203 479 237 0.4086845
537 201 568 240 0.31597334
377 173 409 212 0.23628661
643 216 675 257 0.22254066
515 208 540 241 0.17358904
666 138 702 184 0.15635322
227 202 256 238 0.11517903
412 222 439 257 0.100385375
436 218 464 255 0.096357375
995 337 1024 380 0.085194394
640 246 674 290 0.077108994
561 220 591 256 0.07223597
256 172 284 207 0.06885302
229 239 266 285 0.0658843
356 186 394 229 0.06520903
948 199 977 236 0.062015772
553 182 581 218 0.05522875
12 168 37 203 0.049931902
619 220 645 255 0.049268126
586 222 612 256 0.045837842
749 153 773 184 0.04484823
341 157 367 191 0.0429
495 205 521 239 0.042277556
764 171 790 205 0.04194186
129 197 161 236 0.041552395
925 202 955 239 0.041460205
486 249 513 287 0.03968784
121 155 146 184 0.03401813
580 249 613 292 0.031894647
506 237 542 284 0.03181009
532 20 559 54 0.031629022
645 148 695 210 0.03142986
818 206 859 257 0.03065746
436 249 463 283 0.029520389
615 251 647 293 0.028798781
631 195 695 274 0.028504103
510 174 534 205 0.028044228
978 324 1008 365 0.027896792
533 246 568 288 0.027165622
463 256 492 293 0.026589245
871 206 897 239 0.026081277
815 151 850 194 0.025284663
609 175 634 207 0.024975598
667 288 702 329 0.024961028
976 252 1006 289 0.024210263
899 252 928 289 0.023855418
210 217 244 258 0.023779165
793 173 821 210 0.023313478
80 200 106 234 0.023313466
435 184 478 238 0.023130113
973 220 1000 255 0.022925636
919 245 952 284 0.022767767
839 250 874 294 0.022433303
273 158 299 191 0.02215418
373 298 411 346 0.021613168
590 26 615 58 0.021605814
789 225 827 271 0.020529633
749 126 772 155 0.020381963
