12_Group_Group_12_Group_Group_12_728
21
237 122 322 233 0.99835134
819 126 909 240 0.9971879
519 135 601 243 0.9963749
651 114 737 223 0.9955077
37 180 144 309 0.9950015
355 131 441 247 0.994766
405 0 463 56 0.07551788
857 43 892 87 0.06662308
442 0 508 62 0.05025425
788 11 854 90 0.04926125
933 187 1020 297 0.046454508
472 182 518 250 0.045067262
836 37 907 124 0.029000843
10 0 53 44 0.028964385
722 242 803 342 0.027839221
394 58 481 164 0.025798708
38 119 77 164 0.024184337
79 102 111 142 0.021495624
511 408 857 825 0.021122366
503 7 584 104 0.020694057
413 281 509 402 0.020096296
