12_Group_Team_Organized_Group_12_Group_Team_Organized_Group_12_617
101
910 191 949 241 0.8704053
566 159 600 203 0.8492672
202 194 241 246 0.67947805
69 200 111 250 0.63749605
844 128 867 157 0.49877214
341 180 363 208 0.21186432
1 250 34 300 0.20963693
356 225 379 256 0.20816536
904 629 945 687 0.1983
251 203 280 241 0.196021
291 157 314 188 0.18409957
976 154 1006 193 0.13998011
645 155 670 183 0.13347206
721 153 742 180 0.13297114
433 220 457 252 0.11438555
122 198 152 239 0.11168891
866 200 890 232 0.10863386
278 200 302 232 0.08967227
232 292 262 331 0.08694887
797 174 823 206 0.08645881
383 174 406 204 0.08294816
740 156 762 184 0.08239297
151 173 181 214 0.07950416
636 708 693 762 0.07482977
773 157 794 185 0.07480024
350 201 377 236 0.07053168
277 225 299 253 0.06149482
487 225 511 256 0.058744512
459 231 484 261 0.0577096
381 198 407 230 0.055266395
696 153 720 182 0.054981127
821 150 843 180 0.054610465
770 203 795 235 0.05347953
518 251 541 280 0.052083872
661 174 685 205 0.0500307
519 308 545 341 0.047704473
845 105 869 135 0.0464398
772 224 800 260 0.046308637
665 226 691 259 0.045310136
866 124 888 154 0.044549488
511 228 535 258 0.04188707
667 203 690 233 0.04040298
256 153 281 186 0.040066436
544 202 571 235 0.039833978
350 245 377 280 0.038462963
229 150 256 185 0.03799761
620 171 647 206 0.037277713
413 175 436 206 0.036194485
826 399 861 447 0.03615731
172 154 203 192 0.035525374
-7 249 58 352 0.035312828
686 248 711 281 0.03498248
86 311 127 363 0.03491817
846 178 870 209 0.03471639
938 174 976 224 0.034313455
507 202 533 235 0.03376389
259 177 288 215 0.033521336
815 224 844 259 0.033322673
690 173 714 204 0.033036917
303 203 329 236 0.032599594
481 396 513 437 0.031709842
225 249 253 283 0.031554867
457 205 482 236 0.03148835
643 131 668 162 0.03136451
431 177 454 206 0.031236585
743 200 771 234 0.029721389
789 198 816 231 0.029708063
649 520 719 605 0.02962287
630 599 669 646 0.029420856
689 203 713 233 0.02917209
664 127 688 158 0.027676199
152 217 186 261 0.02750396
363 158 385 185 0.027495697
814 250 846 288 0.027356053
481 270 511 306 0.027231017
553 582 590 641 0.0271556
532 276 557 306 0.027154887
923 277 953 312 0.026770063
103 69 132 109 0.026658867
759 501 794 544 0.026467402
511 405 543 447 0.026134273
205 151 234 189 0.025239505
517 354 542 389 0.025213907
249 121 276 156 0.024769418
850 217 877 253 0.024153758
644 282 671 316 0.024116004
635 429 668 472 0.02387851
817 199 843 232 0.023745067
509 179 534 210 0.023492524
94 473 125 511 0.023468733
895 119 919 151 0.023458099
604 558 640 604 0.023205785
867 149 892 182 0.022387912
719 200 747 235 0.022094281
948 138 1016 222 0.021789229
378 223 403 256 0.021527624
718 455 749 495 0.021470536
486 154 510 185 0.02082065
616 376 648 421 0.020664923
582 251 613 286 0.02014756
562 222 587 252 0.020032916
