12_Group_Group_12_Group_Group_12_379
69
893 224 929 271 0.9355338
423 237 460 283 0.9344424
329 234 364 278 0.91975075
536 233 569 275 0.8999886
474 117 510 165 0.8974257
869 165 901 205 0.889878
155 180 186 221 0.87735593
730 224 762 267 0.8357085
81 232 115 274 0.7737436
357 157 389 199 0.7507548
796 229 831 273 0.72673446
577 126 608 167 0.722706
282 106 312 145 0.7153795
293 166 324 206 0.6739914
663 113 699 158 0.61893374
430 156 462 196 0.536931
843 116 872 154 0.52631855
524 108 556 148 0.5231496
632 173 664 215 0.5168529
418 100 446 135 0.51514554
156 246 190 289 0.46082982
191 103 219 141 0.41907915
244 234 274 273 0.3693775
629 227 665 271 0.36896262
526 155 561 199 0.3469082
786 104 814 141 0.3247495
383 115 411 149 0.31793118
725 127 756 167 0.26871592
230 193 257 228 0.25408
755 153 787 195 0.24750705
610 103 640 141 0.13561472
972 371 1002 411 0.1166797
993 300 1019 341 0.098341204
201 147 228 182 0.09614464
172 274 206 316 0.07830521
331 123 356 153 0.075775206
639 117 669 155 0.07429933
228 145 255 180 0.07325805
477 252 508 291 0.07033247
839 196 871 237 0.06891499
456 143 489 188 0.06303458
385 221 415 262 0.060700037
558 162 590 203 0.057296548
364 103 392 138 0.055573422
4 530 28 570 0.053425435
916 299 948 338 0.052696284
208 168 236 206 0.052316867
968 551 1004 599 0.05127293
818 98 847 136 0.05021802
734 299 766 338 0.04814477
450 301 484 340 0.047949817
606 142 643 191 0.047924694
190 509 218 547 0.04703526
176 154 211 197 0.046999734
247 175 276 212 0.041170973
150 120 177 154 0.040452175
784 139 816 181 0.039258864
346 292 378 330 0.037399158
975 169 1003 205 0.03628871
402 200 434 239 0.035836898
101 530 126 562 0.03454145
764 299 795 337 0.033052374
340 157 489 336 0.032458518
782 322 811 361 0.03014523
17 434 48 475 0.027327666
974 323 1002 362 0.026350753
993 419 1020 459 0.02457083
763 222 796 268 0.02272395
817 266 1070 554 0.021475686
