12_Group_Team_Organized_Group_12_Group_Team_Organized_Group_12_500
17
586 153 696 296 0.99861956
223 158 327 290 0.99601007
877 160 999 327 0.9761573
945 74 1027 198 0.9543259
408 130 536 294 0.8431023
356 2 472 87 0.30636388
81 181 127 240 0.27078402
53 155 78 189 0.09742533
713 213 764 284 0.07944348
296 4 364 63 0.04647734
346 29 498 206 0.0445293
113 189 167 266 0.035904102
755 190 831 302 0.030043606
918 514 961 560 0.027660336
21 124 49 157 0.027632963
29 151 57 187 0.026625996
50 286 89 338 0.022618633
