12_Group_Group_12_Group_Group_12_247
32
114 172 171 250 0.9111375
402 116 444 170 0.8936
529 134 565 182 0.86675006
789 332 850 425 0.6491933
807 175 864 251 0.5055979
473 367 540 451 0.43186486
354 193 387 233 0.23250355
558 206 597 256 0.14355123
505 54 534 90 0.08496667
603 277 650 340 0.08099687
158 220 221 296 0.07327757
937 324 986 391 0.061197538
250 195 282 238 0.055122867
552 235 595 292 0.051203735
448 316 509 402 0.047639094
439 58 482 107 0.044144876
722 338 788 421 0.038805123
705 230 787 325 0.03778139
856 186 901 247 0.03478268
436 230 477 279 0.033303298
473 265 513 313 0.0317044
82 186 124 243 0.029928489
532 51 562 89 0.026456906
176 284 215 337 0.026159931
655 319 722 396 0.026081981
185 447 330 595 0.025830492
555 270 632 369 0.025159555
508 242 552 295 0.022539224
561 503 661 636 0.022456467
224 194 262 248 0.021374896
852 339 905 408 0.020442313
81 127 215 283 0.020130059
