12_Group_Group_12_Group_Group_12_732
26
226 149 253 183 0.6067839
584 234 609 264 0.58796173
824 202 848 232 0.56232405
469 256 496 289 0.43507266
696 211 727 250 0.13979669
339 176 367 212 0.12836796
590 354 615 385 0.11478095
505 201 534 238 0.06772885
562 244 594 283 0.05250701
802 205 831 240 0.046831343
231 201 260 237 0.04399259
355 155 380 187 0.037560374
772 221 801 257 0.03391652
487 406 512 437 0.032330945
738 150 764 181 0.029542673
179 157 207 190 0.028510593
203 166 240 208 0.026747322
167 315 212 370 0.024680857
689 171 718 206 0.024426624
195 227 231 269 0.023861924
437 277 464 308 0.02364609
506 400 532 434 0.023371037
353 224 386 262 0.023144795
202 309 231 345 0.02228806
485 304 510 334 0.021657648
460 299 490 334 0.020501334
