12_Group_Large_Group_12_Group_Large_Group_12_94
48
202 110 277 201 0.98076034
647 196 710 275 0.9789932
653 105 716 184 0.9146898
410 135 476 219 0.85353833
507 95 560 163 0.82420546
822 109 883 184 0.7570934
701 45 744 100 0.68711424
356 5 407 57 0.41797644
157 68 207 135 0.41243708
450 49 497 112 0.41209316
86 42 135 104 0.4051151
528 18 575 76 0.40307766
384 77 431 136 0.39962974
170 -4 226 47 0.37706923
879 50 922 101 0.27811193
11 65 70 148 0.21903126
695 1 743 51 0.1636625
768 -1 818 45 0.1489678
947 5 996 58 0.14604701
754 38 799 97 0.1411865
278 20 320 73 0.089908116
580 3 624 53 0.07801917
154 20 229 106 0.0713932
669 -3 705 34 0.06956461
883 83 932 145 0.06426968
864 6 902 49 0.06058773
900 15 964 88 0.05581918
342 97 402 170 0.04265792
392 39 439 99 0.042168535
512 2 548 40 0.040832687
219 32 260 84 0.03649275
44 1 86 41 0.03389189
251 2 288 42 0.032831065
476 0 511 35 0.03203629
127 -4 167 35 0.031042188
462 17 499 62 0.030503398
219 0 260 41 0.029688332
0 40 124 201 0.026555633
656 39 689 82 0.025976688
403 0 443 43 0.025497425
785 184 835 249 0.022641215
604 86 644 138 0.02250849
811 -1 855 38 0.02224008
300 -2 340 37 0.022007506
990 191 1023 242 0.020969361
249 25 293 80 0.02088211
297 140 374 241 0.020753553
784 115 824 167 0.020532079
