12_Group_Team_Organized_Group_12_Group_Team_Organized_Group_12_442
62
760 178 784 212 0.30424556
974 211 1001 248 0.3017224
818 170 846 205 0.2575776
124 200 150 232 0.20388764
234 205 263 242 0.20114878
529 178 557 212 0.19045742
144 177 177 216 0.15455806
669 218 701 259 0.1278535
612 144 640 179 0.11071529
112 223 145 262 0.09307458
849 153 879 188 0.08727625
812 250 840 287 0.07575178
177 182 208 219 0.073877364
799 151 827 186 0.06662035
425 257 451 291 0.06392556
374 225 404 262 0.05771359
538 406 571 448 0.054450396
482 256 508 289 0.054071266
574 230 604 265 0.052908193
846 198 873 230 0.05080086
767 151 792 183 0.049726244
870 275 896 308 0.0487088
3 232 47 308 0.04745289
425 149 459 190 0.046856627
455 218 483 254 0.044312157
253 180 278 212 0.043565944
158 249 193 294 0.040595602
206 388 239 431 0.04031943
568 198 598 235 0.037281655
594 129 626 166 0.036542792
791 128 819 165 0.03601075
377 148 407 188 0.035354786
617 172 645 208 0.035328977
865 227 890 259 0.03444646
801 232 827 265 0.03371272
946 285 981 330 0.033098154
638 178 665 213 0.033010893
350 273 382 315 0.03287393
131 156 159 194 0.02984136
766 229 794 262 0.027995517
510 222 542 262 0.026771395
803 276 827 307 0.026642054
817 129 848 165 0.024656402
715 170 747 209 0.024467183
0 349 32 409 0.024456846
493 198 519 232 0.02443684
206 222 237 258 0.024421556
404 380 437 421 0.024266763
949 179 1025 286 0.024178378
486 76 513 111 0.024088996
615 225 646 262 0.023492655
966 357 995 400 0.023266492
411 328 440 364 0.023199527
842 297 874 334 0.021646677
537 155 566 189 0.021623878
431 294 460 334 0.02150366
436 358 465 394 0.021408644
645 221 677 261 0.02084673
849 245 881 284 0.020523041
201 147 228 187 0.0203157
563 271 594 307 0.020264212
735 274 765 310 0.020243686
