12_Group_Group_12_Group_Group_12_38
38
273 66 317 123 0.98520017
793 60 835 115 0.90567225
490 80 531 135 0.88611174
574 64 623 127 0.87353206
105 76 150 133 0.8151613
204 72 249 129 0.7643971
412 80 458 136 0.67268306
717 55 761 109 0.6277303
384 220 433 281 0.3878381
337 195 375 247 0.2787902
852 102 890 152 0.21356687
632 92 666 137 0.21045363
323 71 366 129 0.15337467
531 359 599 441 0.13307513
309 297 349 347 0.1063246
56 136 95 184 0.07230036
123 240 155 284 0.06805723
476 441 518 496 0.064197935
684 133 722 181 0.063393176
448 319 484 367 0.06039953
499 182 539 237 0.05378842
355 338 395 389 0.052446313
78 231 122 286 0.05016106
261 319 302 368 0.04721702
533 171 574 228 0.03641446
435 194 472 245 0.035096556
385 119 424 172 0.03412668
735 144 779 196 0.033115577
123 207 154 246 0.03273111
816 172 846 210 0.031177968
603 72 670 153 0.028938519
407 116 464 189 0.027920315
69 382 109 434 0.026991837
315 222 349 263 0.02556108
141 221 174 265 0.02463097
277 266 314 310 0.023667585
405 180 478 277 0.02090843
717 97 787 178 0.02090025
