12_Group_Group_12_Group_Group_12_179
22
493 208 548 276 0.9946201
448 140 493 198 0.99287194
783 253 838 323 0.99248636
93 223 141 286 0.9874156
230 239 278 299 0.9661185
264 158 303 208 0.95012605
638 245 692 313 0.9293896
721 197 773 261 0.912634
309 196 356 256 0.9113436
892 246 950 317 0.83347034
143 202 189 258 0.8297381
358 231 404 290 0.48650852
574 222 621 283 0.13509905
986 287 1019 336 0.08367611
378 163 421 218 0.05831144
-1 234 30 283 0.04088431
169 481 198 519 0.035967976
834 192 885 255 0.027028983
988 249 1019 298 0.02664833
257 479 290 519 0.025391553
843 362 882 412 0.02186884
229 168 263 211 0.020535173
