12_Group_Group_12_Group_Group_12_417
22
208 232 236 267 0.93473625
114 216 148 259 0.85539937
277 219 304 254 0.85000443
509 224 539 263 0.8042718
585 225 612 260 0.7988192
645 243 671 275 0.7554176
724 218 753 256 0.6948332
447 215 474 250 0.6419877
372 243 402 282 0.602493
865 210 898 253 0.50431365
788 228 817 266 0.35494995
796 263 829 304 0.046634264
734 244 766 284 0.043399222
659 272 687 311 0.04202056
627 232 685 302 0.039527442
944 225 984 275 0.03821245
406 255 433 291 0.035735805
537 402 560 435 0.027211035
161 280 191 316 0.025202282
455 270 485 305 0.025092155
691 284 719 319 0.023233667
262 210 323 280 0.020344814
