12_Group_Group_12_Group_Group_12_218
30
221 59 274 126 0.99709857
78 38 137 113 0.94022423
470 71 506 119 0.64505047
717 61 756 110 0.4991682
835 126 901 228 0.21595722
421 173 451 212 0.17352806
831 36 926 150 0.12709615
542 171 574 214 0.12554848
7 171 54 234 0.09592197
954 8 1005 65 0.07803815
522 124 555 165 0.06790446
634 126 676 179 0.055953443
582 397 621 456 0.055684485
327 278 359 321 0.052374937
330 194 357 229 0.050398707
560 149 588 187 0.047496945
678 193 726 274 0.040264875
438 126 468 165 0.033839393
564 328 600 376 0.032758966
757 140 803 195 0.030483982
175 218 215 267 0.029724026
776 184 858 304 0.026071599
634 246 668 286 0.025949497
108 -1 156 47 0.025381818
353 91 388 132 0.024316734
63 2 110 47 0.023625089
339 327 370 367 0.02330564
579 248 614 291 0.02317712
504 70 536 113 0.022346338
738 23 780 70 0.020059314
