12_Group_Group_12_Group_Group_12_28
72
615 97 657 152 0.95504355
387 198 426 251 0.9525178
706 86 747 140 0.95139354
129 128 169 182 0.93840325
248 254 286 303 0.9129719
74 24 108 68 0.9079036
512 59 549 105 0.8882222
237 73 269 116 0.8774222
914 85 965 152 0.8661192
553 105 589 152 0.7674766
185 196 218 239 0.7574606
165 36 198 78 0.74461013
261 151 297 197 0.7346863
795 78 835 130 0.7157025
302 129 335 172 0.69462174
109 73 140 115 0.68141454
661 53 700 103 0.41445753
617 41 653 88 0.3526028
521 257 552 297 0.3026187
208 102 247 151 0.25086826
40 232 76 278 0.19857459
467 228 500 269 0.19270036
501 194 536 239 0.10711888
807 142 841 185 0.09732412
38 118 81 170 0.08540985
538 179 575 229 0.07483546
93 193 127 236 0.07440488
690 6 732 56 0.05516841
436 97 469 138 0.048707914
502 106 539 152 0.047378708
144 243 184 296 0.046018325
338 278 368 320 0.03786862
365 362 391 393 0.037098654
23 197 53 235 0.035211854
204 45 231 83 0.035108346
355 93 385 130 0.03507159
896 328 926 368 0.03434539
790 219 826 268 0.033222523
411 332 440 371 0.03264377
46 171 78 210 0.032295
46 202 74 237 0.032169133
90 44 127 91 0.03193432
233 142 270 188 0.031707242
488 269 524 311 0.031238055
116 469 158 522 0.030905088
588 62 622 108 0.030035157
531 301 575 357 0.02983398
325 408 354 445 0.028414767
556 213 590 260 0.028021796
174 84 209 131 0.027901765
228 196 261 239 0.027368363
333 93 360 128 0.027307501
690 171 727 217 0.02717546
378 69 407 105 0.026051227
655 -5 704 44 0.02598668
278 73 307 110 0.025906576
76 425 113 473 0.025582407
500 316 542 369 0.02487424
409 263 444 309 0.024643455
159 197 187 235 0.02363265
556 136 596 190 0.023126638
838 148 872 193 0.02296155
249 431 287 477 0.022570783
919 245 948 282 0.02220375
298 200 331 242 0.022093931
305 252 336 292 0.021731656
150 88 184 134 0.021552155
110 246 136 282 0.021383053
0 334 31 387 0.02095963
69 142 107 188 0.020938743
251 181 292 233 0.020760905
162 168 228 248 0.02008232
