12_Group_Group_12_Group_Group_12_367
69
324 362 351 395 0.5670685
291 254 317 288 0.54942733
536 274 561 305 0.46922544
199 335 224 367 0.421569
431 287 453 314 0.34668186
354 289 378 320 0.32858396
458 356 481 384 0.27917686
698 357 722 387 0.2765658
626 356 652 389 0.24141918
635 272 661 306 0.2283234
259 365 288 399 0.22244585
556 361 579 389 0.184327
660 323 684 353 0.17664906
285 304 311 336 0.16152729
615 283 640 316 0.1541722
384 280 406 308 0.1392712
407 330 434 364 0.12788475
439 350 462 380 0.12538719
462 283 484 310 0.12019605
560 326 583 354 0.112873524
450 305 474 335 0.10343565
630 404 658 437 0.09106874
410 303 433 332 0.074840635
211 280 234 311 0.07255317
452 328 477 360 0.070808865
486 280 509 310 0.067812264
403 382 427 410 0.06749494
205 301 229 331 0.06432638
391 260 413 290 0.06201759
596 299 620 329 0.06171332
226 329 251 360 0.06092221
518 334 541 363 0.058293976
537 378 562 410 0.052526064
743 357 769 390 0.051512606
584 382 609 413 0.051084287
480 351 504 380 0.04838996
558 399 586 432 0.04808152
695 333 719 363 0.046696443
538 303 562 333 0.04662871
615 335 638 364 0.046028968
694 501 727 543 0.040848378
390 353 415 383 0.04073712
535 329 559 359 0.038923386
387 300 411 329 0.038184393
224 300 248 329 0.03677818
641 302 665 332 0.035680275
411 260 432 288 0.03555899
266 252 294 289 0.03454612
515 302 540 332 0.033289224
555 259 580 294 0.031554896
592 333 616 362 0.027769161
759 376 784 408 0.02732351
179 254 206 291 0.026683223
665 349 691 383 0.026316928
204 257 227 289 0.025964549
513 404 537 433 0.025738932
684 306 716 342 0.025288034
534 454 560 487 0.025057988
609 449 638 484 0.024393857
301 331 328 363 0.024277598
583 605 608 637 0.024005298
440 373 466 404 0.023501953
762 405 789 439 0.022554234
712 433 743 471 0.021701993
670 375 697 409 0.021351002
135 378 173 419 0.020938886
403 401 430 434 0.020933265
691 395 721 432 0.020710995
511 255 544 296 0.020370765
