12_Group_Team_Organized_Group_12_Group_Team_Organized_Group_12_60
56
369 167 414 225 0.99256974
116 158 157 211 0.98762256
518 228 575 300 0.9701313
204 191 244 242 0.9543605
415 258 462 319 0.95385075
822 68 877 138 0.95251995
663 111 710 171 0.95056117
523 152 564 206 0.9277888
21 185 63 238 0.9049834
593 148 636 201 0.8704323
301 156 333 197 0.86812824
657 182 707 247 0.8423826
446 168 485 219 0.8074665
969 142 1012 199 0.59155697
765 129 801 174 0.576565
934 -2 1004 73 0.47375393
187 152 219 192 0.3904466
951 192 1018 290 0.1473257
908 359 944 409 0.0832172
627 400 663 450 0.07893664
197 270 249 332 0.07812665
869 234 904 277 0.067522846
406 375 456 440 0.06592998
351 242 389 290 0.06244205
369 267 408 315 0.060032934
76 218 114 269 0.053241238
699 321 740 378 0.049110062
645 475 706 553 0.047541745
141 264 187 320 0.044783678
659 272 701 325 0.043193236
4 375 38 421 0.04122291
949 93 993 150 0.04049516
10 259 52 312 0.038974624
174 220 207 263 0.034908313
153 555 187 601 0.03449577
115 237 155 286 0.033023704
552 325 593 377 0.031993173
51 292 91 343 0.031902317
353 298 391 344 0.029397065
305 186 339 229 0.029158084
791 267 834 323 0.02871563
659 361 698 411 0.028466064
583 306 627 367 0.027739085
496 579 553 640 0.02699066
347 469 388 521 0.026872996
326 224 364 273 0.025611246
451 209 493 263 0.0241053
19 353 57 400 0.024036173
590 377 633 432 0.023985835
512 402 550 452 0.0239596
396 540 449 605 0.023621872
89 262 135 319 0.023512635
756 151 806 215 0.022535102
12 213 79 298 0.022340091
632 319 677 380 0.0206571
956 279 1002 346 0.020302294
