12_Group_Team_Organized_Group_12_Group_Team_Organized_Group_12_759
16
454 296 541 409 0.99885917
701 302 779 398 0.9924177
221 301 286 406 0.79152656
631 335 676 390 0.20463817
737 512 772 559 0.14424583
193 57 281 179 0.059335586
518 243 559 299 0.05932269
140 367 229 485 0.052408837
773 449 805 493 0.047167953
614 425 649 471 0.046110958
936 472 970 517 0.038407333
489 4 568 112 0.028770484
532 373 569 426 0.027691081
13 36 170 271 0.024840755
662 429 710 485 0.02161573
14 410 84 526 0.020562971
