12_Group_Group_12_Group_Group_12_823
32
357 320 398 375 0.97609335
610 309 650 360 0.9747799
482 301 522 354 0.9679443
215 342 260 400 0.95486116
716 302 760 359 0.9371251
698 393 735 442 0.18082187
527 380 559 420 0.087679
508 399 540 437 0.0796423
578 369 612 412 0.06903792
611 196 641 236 0.06678469
286 417 318 461 0.06197668
455 424 489 462 0.045131695
334 461 364 494 0.044407547
655 378 688 421 0.03958559
178 399 208 439 0.038791154
318 382 351 423 0.038549334
481 425 513 462 0.037386175
770 371 802 412 0.034109864
496 459 546 515 0.032396555
601 484 635 528 0.032195237
461 220 489 255 0.03180953
563 399 596 442 0.031418744
433 431 465 470 0.030956069
715 456 749 499 0.027568713
355 180 385 221 0.02667233
642 448 673 489 0.026637988
663 428 692 466 0.02556391
582 433 611 469 0.0236197
219 479 247 514 0.022337679
528 96 561 136 0.021859946
611 41 645 85 0.02134413
434 220 462 254 0.021229628
