12_Group_Group_12_Group_Group_12_935
537
458 535 482 565 0.4573879
509 610 535 643 0.44344544
305 453 328 483 0.4344077
840 537 864 568 0.4244131
223 329 250 362 0.42048922
684 443 708 475 0.42017382
760 635 788 670 0.41059834
399 556 424 587 0.36057433
284 345 310 378 0.32989514
309 527 334 559 0.3109874
615 435 637 462 0.29934275
890 629 918 666 0.26982522
68 303 90 332 0.25485575
661 76 683 104 0.2514791
263 407 286 436 0.24480222
628 605 655 639 0.24063307
403 534 426 563 0.23615703
337 560 361 592 0.23444383
509 437 532 467 0.2333719
20 101 40 126 0.22384538
130 282 152 311 0.22179563
351 349 377 381 0.22127639
439 612 465 646 0.2176217
713 553 738 583 0.21453631
28 223 52 253 0.21136974
912 226 934 255 0.20956402
410 334 431 361 0.20534275
471 351 495 381 0.19595306
624 634 653 671 0.19208562
248 462 270 490 0.19051746
408 383 429 410 0.18870643
259 254 279 281 0.18866025
32 203 56 232 0.17312041
531 525 555 555 0.17282583
814 176 835 202 0.17154749
582 604 608 637 0.16905043
560 639 582 666 0.16628394
159 306 180 332 0.15885949
908 513 931 542 0.1579271
591 530 613 560 0.15737095
73 588 94 614 0.15735148
228 527 250 556 0.15500417
339 384 364 415 0.15360096
46 412 71 443 0.15293704
176 178 197 204 0.15046404
971 229 993 260 0.15046036
944 73 968 102 0.14918871
156 353 177 380 0.14903945
179 306 201 334 0.14848341
388 207 409 232 0.14712042
102 351 128 382 0.14709064
379 636 402 667 0.14591941
809 431 831 460 0.13767646
529 356 552 385 0.13419978
210 510 234 540 0.13405414
689 645 712 672 0.13365316
408 458 429 484 0.13356043
356 100 377 128 0.1272602
938 414 961 444 0.127205
966 509 988 540 0.12663642
363 610 387 639 0.12509304
532 328 554 358 0.12464994
711 404 732 430 0.1244364
416 108 435 132 0.1238385
182 435 205 463 0.123407505
383 435 406 464 0.12277591
297 149 318 176 0.12252462
435 462 455 487 0.12245511
267 589 289 616 0.122422785
176 482 198 509 0.122222416
901 530 927 563 0.12189825
688 509 711 538 0.11999062
775 555 799 584 0.11907629
583 559 606 588 0.11773573
652 308 672 334 0.117003515
514 585 540 618 0.11634032
234 480 256 507 0.11499776
7 290 32 324 0.11499727
408 585 431 615 0.113882005
556 278 577 304 0.11369452
444 55 464 81 0.113293625
302 181 323 207 0.110946484
123 154 146 182 0.1103683
275 559 297 587 0.10946523
334 255 355 281 0.10902096
977 201 1000 233 0.106518485
358 125 379 154 0.106345825
712 506 735 534 0.10631323
862 479 884 508 0.10595335
211 382 232 408 0.10552581
843 227 864 254 0.1048845
429 591 452 620 0.10462819
559 436 581 464 0.10461399
257 428 280 456 0.10218579
534 45 557 73 0.1014085
477 105 498 130 0.100945465
31 349 55 378 0.100759186
608 486 632 517 0.100684255
284 20 307 48 0.10050917
566 589 590 622 0.100385085
685 603 711 635 0.099704035
492 450 515 479 0.09945524
116 486 139 514 0.09945305
199 283 219 308 0.098376274
821 636 846 668 0.09746218
102 377 128 412 0.09730839
353 586 376 614 0.09694169
947 615 969 644 0.0965398
202 612 224 640 0.096058525
360 305 382 333 0.09489273
81 100 102 127 0.09482809
234 176 257 204 0.094789706
532 579 558 613 0.094581574
301 335 326 367 0.09436454
485 77 505 102 0.0940741
663 358 683 384 0.094041
352 486 376 516 0.092547916
283 277 307 306 0.092471704
123 329 145 358 0.092469305
151 530 174 558 0.09242168
73 610 95 639 0.0914429
699 387 719 413 0.090862535
635 409 657 436 0.09014597
776 487 797 514 0.09007056
363 433 385 459 0.0899513
507 409 527 434 0.08946817
736 459 758 486 0.088990994
382 73 402 99 0.08897065
793 228 813 253 0.08801549
494 487 516 515 0.08769845
790 258 810 283 0.08725771
353 277 374 305 0.086993836
996 458 1018 491 0.08618119
946 280 968 306 0.085876435
437 406 458 432 0.085452184
949 359 973 389 0.085356265
662 536 686 565 0.08523082
303 98 324 123 0.08422732
360 407 382 435 0.08412666
56 280 80 310 0.08301679
585 359 608 387 0.08190406
31 426 57 458 0.08182966
567 150 590 179 0.08138243
758 410 780 438 0.08087608
562 657 587 686 0.08085651
732 251 754 281 0.080765784
514 512 538 542 0.07997652
848 156 869 183 0.07953308
435 484 455 509 0.07905827
510 177 531 204 0.07807539
894 76 917 105 0.077815
615 76 637 105 0.07692648
177 457 202 487 0.07632827
693 286 713 312 0.076135434
304 199 327 227 0.07551519
103 529 124 557 0.07521151
147 382 171 412 0.07439689
569 386 589 411 0.074177794
560 406 582 432 0.07395619
52 146 77 176 0.07305248
520 382 541 408 0.07277739
330 616 352 644 0.07233188
311 231 333 258 0.0713564
359 181 380 208 0.07126612
141 583 164 612 0.071160294
206 587 228 615 0.07083139
200 302 224 332 0.07080063
431 306 452 333 0.06976908
52 45 75 75 0.06915681
314 585 336 611 0.068524234
515 47 535 73 0.068169095
49 353 72 382 0.06807635
391 480 414 509 0.06796087
944 98 967 127 0.06794241
435 259 454 283 0.06744781
915 52 939 81 0.06692359
871 413 895 443 0.066881746
211 70 233 97 0.06677722
364 81 385 107 0.06654194
126 504 149 535 0.06592384
19 460 42 489 0.06552485
720 488 742 516 0.065174334
644 362 667 390 0.06505869
63 487 87 517 0.064946726
256 609 280 639 0.06443468
430 105 450 130 0.06417619
256 542 279 571 0.063917086
432 281 451 304 0.063903876
713 136 732 161 0.0635895
389 54 410 81 0.06349047
411 160 431 185 0.06325973
778 281 799 306 0.0631704
481 120 504 147 0.062560275
261 103 281 128 0.06252871
926 154 949 183 0.06212112
672 487 694 516 0.06193567
55 631 79 662 0.06083716
821 611 844 640 0.060797174
927 462 949 491 0.060548235
18 605 44 641 0.060273465
750 176 771 201 0.059800673
234 434 256 460 0.0595203
158 334 179 360 0.059518494
713 660 737 689 0.059482668
488 156 509 182 0.059091896
513 156 535 182 0.05872623
134 105 155 132 0.05781278
283 483 306 510 0.057757534
466 311 488 338 0.057402626
230 156 251 183 0.0573562
956 531 980 563 0.05728712
47 181 71 212 0.05718546
952 308 974 333 0.056998808
721 49 743 77 0.056734525
804 412 826 441 0.0566805
826 330 848 357 0.05618479
632 203 654 229 0.055955157
972 483 994 513 0.055932302
892 129 915 158 0.055517565
158 226 181 254 0.055337355
831 309 852 335 0.055331513
948 52 973 82 0.055089984
534 126 555 152 0.05467274
612 252 633 278 0.054144613
101 100 122 128 0.054045983
906 23 930 52 0.053956944
325 539 350 571 0.05374298
274 384 296 412 0.053690046
407 52 428 79 0.05320886
35 253 58 281 0.053131405
983 180 1005 209 0.052804444
111 304 133 332 0.05275768
73 324 95 353 0.052384276
381 3 405 29 0.052365687
304 281 326 309 0.052317478
797 660 824 693 0.052092794
761 589 785 619 0.052072924
953 557 977 588 0.05198788
212 353 238 385 0.051324155
389 583 414 615 0.051266655
591 100 611 125 0.050935876
243 635 266 665 0.05092918
494 53 516 79 0.050912514
378 409 399 435 0.05072866
800 456 821 482 0.050614092
458 483 479 511 0.05028879
385 181 406 206 0.050191168
716 28 738 54 0.049839206
466 155 487 181 0.049529523
135 563 158 591 0.049471408
355 148 376 175 0.04946982
203 256 224 282 0.04903292
646 99 667 127 0.049024142
918 484 938 510 0.048964117
869 590 893 621 0.04880925
330 231 352 259 0.04870493
462 380 482 406 0.048492942
55 331 78 360 0.048381586
614 377 638 406 0.04809315
917 246 943 278 0.048017465
455 407 476 433 0.047810774
174 325 195 352 0.04746001
148 285 171 315 0.04723332
463 437 485 465 0.04709572
615 98 637 125 0.047077145
433 507 457 537 0.04678529
594 436 618 466 0.046551265
188 584 212 614 0.046498213
589 148 614 179 0.046460863
252 126 274 153 0.046451207
209 566 230 593 0.045980982
520 103 540 128 0.04590146
588 26 609 53 0.045835003
763 381 785 408 0.0458193
409 480 432 510 0.045628555
131 125 152 152 0.04557273
50 380 72 407 0.04539428
261 272 283 300 0.045380272
690 101 713 128 0.045084476
537 102 559 129 0.044778455
34 511 57 539 0.044486515
283 432 308 463 0.044401295
391 511 416 542 0.04388603
1 154 23 186 0.043773588
850 25 875 55 0.043677893
331 47 351 72 0.043514732
852 431 875 460 0.043353662
749 431 771 460 0.04334598
722 69 744 98 0.043175206
495 635 524 672 0.04314064
543 407 564 433 0.042910323
547 485 568 511 0.04288984
769 124 789 150 0.042834327
717 435 740 464 0.042743616
208 151 230 178 0.04267595
406 211 427 237 0.042622484
302 477 325 505 0.04256864
51 505 76 536 0.04231405
891 308 913 336 0.042156473
535 152 556 178 0.04214131
43 530 68 560 0.042058006
332 462 354 489 0.04190779
175 50 196 78 0.041564442
0 381 23 412 0.0409572
956 24 981 54 0.040933285
521 30 545 59 0.040329657
815 102 839 133 0.04029094
460 78 481 104 0.039828897
821 381 842 407 0.039687395
487 228 508 253 0.03946288
542 454 566 484 0.03940716
377 308 400 336 0.03922251
619 414 642 441 0.039202057
208 487 229 513 0.039005388
845 104 867 132 0.03868218
793 126 814 152 0.03862891
634 454 660 484 0.038398396
80 356 103 384 0.038270514
459 457 481 485 0.03820629
106 125 127 152 0.038160503
13 560 36 591 0.03807588
211 178 232 204 0.038065
254 308 276 334 0.03795972
438 205 459 231 0.037834752
231 406 254 433 0.037680764
273 604 298 635 0.03767066
105 617 129 647 0.03752514
282 539 307 571 0.03748782
584 380 607 408 0.03735567
170 198 193 227 0.037274938
67 22 91 50 0.037181664
183 156 204 183 0.037170753
405 28 426 53 0.03713894
923 70 947 101 0.037127074
121 660 145 689 0.03707671
543 77 563 102 0.037074428
659 158 679 182 0.03699736
150 102 172 130 0.036922768
922 127 946 157 0.036913913
561 209 583 237 0.03681035
329 509 354 540 0.036794744
361 49 383 75 0.036756717
975 405 999 437 0.036701944
793 586 816 616 0.036699247
312 254 333 279 0.036451213
608 53 628 78 0.036445465
119 174 141 201 0.03643608
890 429 915 460 0.036315724
357 538 379 566 0.036238704
692 528 716 558 0.035969496
776 23 799 50 0.035826005
182 251 206 280 0.03580594
844 249 867 277 0.035797738
159 77 181 103 0.03571776
796 52 818 78 0.03568561
844 512 866 539 0.035278104
876 359 898 385 0.035190288
647 124 667 148 0.035019767
111 280 136 312 0.034913376
110 206 134 237 0.034864042
670 634 695 667 0.034743216
562 305 582 331 0.034644246
488 258 508 284 0.03456867
433 155 455 182 0.03455671
477 535 504 567 0.034523208
51 73 74 102 0.03452084
571 329 592 356 0.034415293
665 56 685 80 0.034304135
638 481 666 515 0.034284234
197 632 220 663 0.034137413
303 304 326 331 0.0337336
871 176 893 202 0.033583574
437 437 459 465 0.0335813
311 379 336 411 0.03352655
202 455 225 485 0.033203498
793 4 818 33 0.03309212
413 606 436 635 0.033060517
80 377 105 410 0.032991197
848 408 870 436 0.03291572
224 54 247 82 0.0326758
912 552 937 584 0.032389507
333 203 354 229 0.032353345
80 566 101 593 0.032341376
225 562 246 590 0.032304015
737 540 760 570 0.03228372
467 279 488 304 0.032191887
820 484 841 511 0.031947527
73 408 97 438 0.031899698
847 591 871 621 0.031770147
669 282 689 308 0.031759385
865 2 891 29 0.031581923
950 482 972 510 0.031486664
658 329 680 356 0.031240515
387 332 415 366 0.031042175
175 357 200 388 0.0309065
821 353 842 380 0.030771837
564 101 585 127 0.03074335
772 508 795 536 0.030544518
465 260 484 284 0.030479806
235 129 257 156 0.030422237
407 632 431 664 0.030376934
7 230 29 261 0.03036629
236 255 256 282 0.03015501
460 178 480 204 0.030057726
556 49 580 78 0.030012563
689 202 709 229 0.029832799
643 558 666 587 0.029785505
866 506 889 535 0.029781254
772 336 791 359 0.029757902
745 654 771 684 0.029631078
612 129 632 153 0.029608918
877 101 901 130 0.029498773
26 627 56 663 0.029300084
79 226 103 256 0.029238468
972 583 993 612 0.02909259
766 456 787 482 0.029072601
869 534 893 566 0.028746985
893 587 918 618 0.028662048
454 2 479 28 0.028599812
668 174 690 201 0.028580878
232 201 254 228 0.028464317
126 21 149 49 0.028385477
291 129 314 158 0.028240249
952 329 973 355 0.028166978
668 1 692 27 0.02813242
843 384 864 410 0.027999869
790 635 818 672 0.027886366
892 360 914 387 0.027870288
250 152 273 179 0.027862621
340 127 363 157 0.027856002
559 80 579 105 0.027707499
510 198 531 225 0.027674958
309 635 335 666 0.027624102
357 458 379 484 0.027540332
302 28 326 57 0.027424594
541 256 563 284 0.027366212
30 380 53 409 0.027307142
444 556 468 587 0.027256258
440 179 460 204 0.027179593
178 29 200 55 0.027150856
154 434 177 462 0.027134215
25 122 48 151 0.026763141
741 158 762 184 0.026612476
224 583 245 610 0.026589103
379 123 403 152 0.026584178
967 44 989 74 0.026431715
582 632 607 663 0.026298234
585 404 607 430 0.02624288
298 658 325 690 0.02622665
749 608 780 647 0.02619798
638 180 660 206 0.026170256
926 377 949 406 0.026161794
430 329 451 356 0.026079468
381 256 406 286 0.026047962
2 49 22 79 0.026034659
724 231 747 259 0.026017485
52 455 76 485 0.02595054
696 150 717 176 0.025908405
978 154 999 184 0.025846755
944 119 968 149 0.02579568
741 506 763 534 0.025728077
839 354 860 381 0.025651608
616 183 637 210 0.025494184
433 122 454 148 0.02543321
595 309 616 335 0.025389463
622 2 645 29 0.025388235
339 182 361 210 0.025373824
719 354 737 377 0.025351461
185 562 209 592 0.025272327
285 99 307 126 0.025202246
948 206 972 235 0.02518461
519 311 544 341 0.025163151
314 48 337 74 0.025012149
176 72 197 99 0.024953337
233 24 258 52 0.024837507
902 207 924 235 0.024807192
313 407 336 434 0.024765143
704 581 733 616 0.024639545
688 181 708 207 0.024603182
826 281 847 306 0.02455234
536 227 556 254 0.024548303
512 256 533 282 0.024531111
688 76 710 105 0.024517737
-2 250 20 280 0.024460325
644 508 670 538 0.024445267
179 508 203 537 0.024421785
387 24 410 52 0.024386453
108 258 132 287 0.024285777
417 259 438 285 0.024248373
879 327 901 354 0.02424747
158 252 181 280 0.02421962
285 506 310 537 0.02414776
614 282 633 307 0.024125028
715 303 736 329 0.024037292
564 26 590 57 0.024029598
462 515 482 541 0.023531277
134 402 159 434 0.023454573
712 610 737 642 0.02340322
359 231 380 256 0.023287417
99 559 122 588 0.023217127
918 586 941 615 0.023206823
920 612 946 647 0.023146627
773 262 795 289 0.022979597
108 463 133 493 0.022847367
563 510 587 542 0.022670822
797 153 820 180 0.022648865
387 155 409 183 0.022598978
213 201 235 228 0.0225703
131 532 155 561 0.02255286
160 459 183 488 0.022353107
264 49 287 77 0.022272063
826 510 848 537 0.022259625
236 226 259 257 0.022257188
330 435 354 464 0.02225357
996 326 1020 359 0.022202693
58 102 79 129 0.022045705
812 77 835 105 0.021944804
945 251 970 282 0.021904036
460 204 481 231 0.021795185
912 3 940 31 0.021686295
7 73 28 106 0.02156285
98 584 121 612 0.021508647
972 379 994 409 0.021474123
207 403 229 430 0.02124449
55 557 80 589 0.021153767
790 352 813 380 0.02110085
871 50 893 77 0.02098142
693 47 715 75 0.020964406
264 328 328 402 0.02088759
693 356 714 381 0.020880705
899 282 919 306 0.020708771
530 606 557 640 0.020690333
568 532 593 563 0.020620907
0 404 24 438 0.020439146
692 27 714 54 0.020363418
995 23 1019 57 0.020126568
312 557 336 588 0.020058895
