12_Group_Team_Organized_Group_12_Group_Team_Organized_Group_12_503
66
429 186 464 231 0.8017002
98 105 134 150 0.7757672
558 38 587 75 0.74548876
332 196 373 249 0.7352223
754 201 789 246 0.7074713
883 108 917 151 0.70083594
407 80 437 118 0.6947595
952 202 989 249 0.69360864
490 26 514 57 0.65194136
659 73 690 114 0.6255445
369 48 396 81 0.6052329
297 54 324 88 0.59734875
266 108 303 155 0.58014333
543 181 582 231 0.5789033
193 97 227 141 0.5640891
872 193 907 238 0.5622179
229 46 257 81 0.5370473
330 91 360 128 0.5251451
138 176 175 222 0.51495886
721 99 759 146 0.4986736
797 91 829 130 0.4654872
883 68 913 107 0.4624402
575 80 607 120 0.46136585
438 39 463 71 0.43787983
818 69 854 112 0.40344405
742 60 775 98 0.3905576
490 76 520 114 0.34838003
26 179 64 225 0.33346117
686 59 716 98 0.29980552
159 55 186 88 0.26877722
645 202 681 247 0.24559146
624 50 654 87 0.22207846
239 191 274 237 0.097718425
411 16 442 55 0.06889727
654 112 694 163 0.058251753
454 0 486 34 0.054915592
494 102 538 161 0.05010173
461 21 493 61 0.0489446
309 246 340 289 0.048553076
386 91 416 129 0.04056606
771 89 802 129 0.0350194
153 82 190 130 0.034533028
582 224 621 276 0.033490013
232 238 269 291 0.032103296
415 47 441 79 0.03207753
715 9 758 57 0.028019173
577 108 617 158 0.026978571
350 115 386 162 0.026551481
542 27 604 100 0.02501639
715 68 751 110 0.02435618
325 389 359 428 0.024192646
615 93 645 129 0.02387391
330 48 361 85 0.023699466
220 92 254 136 0.022812149
782 73 844 146 0.022765467
387 58 449 129 0.02242827
461 94 492 132 0.02233021
609 120 647 167 0.022162063
306 70 372 145 0.022051577
496 39 530 80 0.0220059
723 50 787 123 0.021416135
732 143 768 189 0.021102693
71 146 110 194 0.020877566
868 55 931 133 0.020540701
536 92 569 136 0.020364253
741 174 777 216 0.0202703
