12_Group_Large_Group_12_Group_Large_Group_12_276
66
709 71 759 133 0.9856269
518 81 573 148 0.98498476
853 84 908 155 0.98389894
580 19 630 81 0.9830731
292 4 338 59 0.9784103
597 93 648 157 0.97321284
488 1 535 54 0.97278094
436 236 499 316 0.9657028
134 10 185 68 0.9616126
697 153 750 218 0.95154136
221 59 282 128 0.9449243
351 36 406 106 0.9442761
436 64 490 131 0.9398984
575 204 632 275 0.9389258
671 262 735 340 0.9368805
218 242 278 317 0.927411
323 225 377 294 0.90319717
650 66 693 121 0.8276355
-2 70 39 137 0.76438355
60 82 111 140 0.67050123
645 209 693 270 0.5457349
108 289 168 362 0.42571697
966 18 1000 55 0.33542332
297 78 337 129 0.30468008
824 181 889 266 0.27055997
657 5 704 57 0.26592773
740 243 785 308 0.25631273
364 128 420 197 0.19719961
460 182 506 235 0.18893383
911 206 1012 334 0.14536244
446 -2 483 36 0.09890971
998 339 1032 387 0.0822392
660 108 701 161 0.07882241
737 339 780 388 0.07815919
516 227 558 279 0.07007501
62 174 97 221 0.069661215
171 241 213 297 0.06289586
759 34 796 82 0.0622978
717 2 747 34 0.053626202
803 0 835 34 0.050607864
519 310 564 372 0.048561912
820 35 855 79 0.047884893
254 159 294 209 0.046820946
792 15 827 59 0.044467233
824 310 868 367 0.0444238
205 180 244 231 0.043940507
927 -3 968 39 0.042842038
171 133 212 186 0.042557634
-1 238 32 292 0.0363583
277 199 325 259 0.035292875
843 0 877 35 0.03198952
741 3 773 38 0.03112319
375 -1 411 36 0.03078003
1001 20 1032 60 0.029709535
783 163 835 222 0.029614486
44 223 78 274 0.02819828
62 1 105 49 0.026208011
762 134 803 188 0.025471266
514 25 561 82 0.025466472
232 -5 269 31 0.024645839
542 -3 580 38 0.023349747
155 47 196 101 0.02298827
570 262 611 316 0.022057831
431 14 472 64 0.021406492
11 155 57 217 0.020570623
374 298 419 357 0.02050492
