12_Group_Team_Organized_Group_12_Group_Team_Organized_Group_12_28
65
685 54 724 107 0.8682042
526 262 557 302 0.7684096
200 -3 264 49 0.6356336
459 258 485 291 0.58642966
437 261 464 297 0.5557856
602 266 630 304 0.52264875
838 278 863 310 0.287183
925 238 951 273 0.28619924
878 274 902 306 0.2813251
330 260 354 291 0.24657264
715 316 740 349 0.21361862
663 277 692 316 0.16343193
821 353 847 386 0.16163002
780 274 807 310 0.1494526
980 279 1010 319 0.13313164
698 223 726 258 0.1316406
794 336 822 371 0.1298292
617 332 643 368 0.1009251
13 214 43 251 0.099033155
434 327 459 361 0.06691686
411 321 439 358 0.064702496
867 332 894 365 0.059559368
901 334 927 366 0.05606031
975 358 1002 395 0.05423145
772 377 800 413 0.054178614
692 252 718 285 0.05349732
647 250 675 286 0.051201325
145 141 178 190 0.04976116
459 298 489 336 0.049481574
283 142 311 179 0.045911245
874 300 901 333 0.043956287
823 297 850 331 0.040996403
591 300 621 339 0.038169924
685 359 712 395 0.037038237
695 306 723 343 0.035908084
997 253 1022 288 0.035512876
955 375 981 407 0.034456406
84 205 111 239 0.033817135
131 264 162 306 0.033606134
295 323 323 360 0.03359513
900 258 926 292 0.033211205
716 278 739 309 0.032073885
915 350 943 386 0.031771556
638 379 667 412 0.031236257
913 276 943 313 0.031201137
791 298 817 333 0.03085865
972 254 1000 288 0.028960293
696 181 724 214 0.028498676
739 304 768 340 0.027877666
748 275 777 313 0.027716048
0 233 35 288 0.02733396
453 325 481 360 0.026524747
992 312 1023 358 0.025291432
566 304 595 341 0.02417933
635 353 661 385 0.023885071
955 275 980 308 0.023405477
463 502 497 549 0.022482876
642 294 672 336 0.022179749
818 404 844 436 0.021932682
358 301 383 334 0.02138058
665 324 694 361 0.021069983
418 270 446 306 0.020983191
623 180 649 213 0.020596903
586 255 642 329 0.020326452
502 394 534 437 0.020056562
