9_Press_Conference_Press_Conference_9_40
93
212 228 252 278 0.78004754
104 187 132 224 0.55232674
367 225 394 261 0.3924243
452 149 481 188 0.37968218
148 238 187 283 0.3763527
915 127 948 166 0.36976397
306 224 340 266 0.3086881
44 215 70 250 0.2883069
534 280 558 310 0.27538309
23 239 55 279 0.27352774
983 158 1019 207 0.24967769
585 127 608 156 0.19982678
517 174 539 202 0.16122425
241 169 268 203 0.15251064
707 145 736 183 0.14931749
7 168 34 206 0.12920366
535 172 558 201 0.12583703
911 166 945 205 0.101267315
410 227 441 266 0.095544554
593 173 618 205 0.09513266
174 195 202 230 0.089289784
431 244 462 283 0.0830271
465 199 491 231 0.08288153
461 229 488 264 0.0800192
561 171 586 204 0.078844495
373 205 398 236 0.076075815
356 171 383 206 0.074357465
443 120 475 161 0.07248554
250 200 277 236 0.071930185
666 174 690 205 0.06819177
43 279 75 319 0.06752576
80 253 109 290 0.06739583
482 299 507 331 0.065056264
335 167 364 206 0.06477554
284 201 320 248 0.06293762
405 149 431 183 0.06190514
353 282 382 318 0.058990356
283 152 314 192 0.05612325
619 220 645 253 0.055303708
480 154 508 191 0.050161988
409 278 435 311 0.047229305
151 172 180 208 0.04532289
120 304 156 350 0.04437227
332 203 358 238 0.042996872
762 121 786 152 0.04224613
979 28 1019 84 0.041212324
636 153 665 189 0.040682636
331 274 363 313 0.0401853
889 251 924 290 0.03892379
280 248 316 290 0.03890914
512 196 538 230 0.038669925
683 353 713 389 0.03795307
519 254 543 285 0.037467394
51 395 127 492 0.036782794
817 74 843 110 0.035479974
660 198 689 234 0.034159005
742 189 779 237 0.033851083
518 304 546 338 0.033089045
193 293 227 335 0.032312457
253 271 283 308 0.031001454
563 105 586 134 0.030920427
462 280 492 316 0.030443193
938 145 966 183 0.029433195
202 151 227 186 0.029407244
231 296 266 339 0.029318608
734 148 762 183 0.0287626
718 203 744 237 0.028484091
356 125 384 161 0.028359488
146 127 177 164 0.028175464
436 200 461 232 0.027505245
513 225 538 258 0.027391363
23 327 63 376 0.02682172
2 200 30 241 0.026608348
943 392 989 448 0.025898106
145 320 190 374 0.025874384
82 199 113 238 0.023979383
533 197 556 229 0.023869067
381 277 409 313 0.023804048
741 99 775 143 0.023465633
481 248 508 282 0.023375489
686 165 717 202 0.023256652
637 206 667 243 0.022417426
96 266 129 306 0.021992015
331 129 358 163 0.021875456
127 271 160 313 0.021643141
908 226 940 261 0.021313505
10 224 70 298 0.021167282
84 176 146 249 0.021089496
677 122 743 202 0.021080393
946 268 983 311 0.020952627
538 104 564 135 0.020688511
427 275 459 313 0.020472683
249 364 291 417 0.020131627
