9_Press_Conference_Press_Conference_9_60
49
260 388 297 438 0.5676943
770 529 810 584 0.5384922
866 397 893 434 0.53567845
947 457 987 508 0.5152692
683 391 710 429 0.44014665
394 383 421 419 0.3896755
767 386 794 424 0.3607175
542 448 582 500 0.3429431
552 309 582 349 0.3328762
309 456 361 518 0.27343315
453 282 492 328 0.2604312
120 386 151 426 0.16264422
120 450 156 500 0.15646033
795 482 830 525 0.14580484
812 429 839 461 0.1283802
563 374 589 408 0.10850908
635 383 665 419 0.10645263
659 351 687 384 0.08093573
601 438 641 489 0.07493921
705 459 734 493 0.068609476
587 350 619 390 0.058803964
615 349 646 388 0.0522358
540 530 570 572 0.041624293
746 550 783 599 0.041214112
810 456 841 493 0.0376898
406 475 438 513 0.036805753
514 412 539 446 0.03496513
297 399 335 447 0.03351003
374 551 411 605 0.031693775
633 335 672 380 0.030820314
258 443 286 482 0.03013503
626 555 666 601 0.029588483
458 347 495 388 0.028527167
535 409 564 446 0.02849966
539 357 570 398 0.028291589
433 348 464 386 0.027753398
788 404 822 447 0.027588276
991 455 1022 504 0.027376197
892 456 922 492 0.02706585
687 627 730 686 0.026949504
573 455 630 527 0.026640974
689 355 712 386 0.025509628
303 521 343 575 0.025134748
279 358 309 398 0.024219813
586 406 616 441 0.023191597
409 352 438 390 0.022344224
617 405 647 441 0.02121372
301 352 330 388 0.020560129
706 377 739 421 0.0200114
