9_Press_Conference_Press_Conference_9_325
20
687 122 751 217 0.98456836
335 198 392 269 0.9502575
469 244 513 305 0.07575058
590 221 630 275 0.074127644
481 330 518 376 0.0728087
756 52 793 99 0.06459364
412 96 446 142 0.046665248
305 194 345 252 0.044847947
525 245 569 306 0.04144717
942 162 989 221 0.032385286
833 171 883 236 0.03208411
591 93 628 140 0.03145604
833 23 882 83 0.031344794
535 125 565 166 0.026804896
333 295 369 342 0.025543528
529 176 570 229 0.023751076
406 215 448 274 0.021872075
752 183 801 242 0.021642393
416 109 484 207 0.021476392
378 326 408 367 0.020150442
