9_Press_Conference_Press_Conference_9_12
118
110 220 140 258 0.91461307
939 209 976 257 0.6429771
182 246 209 280 0.4961065
701 318 738 364 0.4949984
254 306 277 337 0.3922585
387 326 416 363 0.3724981
95 352 129 395 0.30021787
668 271 696 306 0.2919884
402 435 454 507 0.27488032
455 497 499 554 0.2585464
716 416 749 462 0.25435036
487 308 517 346 0.25102708
326 310 351 343 0.22708797
192 309 221 344 0.19623528
305 345 334 382 0.18089844
825 350 854 388 0.18075874
642 527 711 613 0.17956607
181 346 214 388 0.17549767
566 322 597 362 0.15613967
970 587 1017 658 0.14829868
647 324 675 359 0.1454009
127 374 158 417 0.12574026
87 550 149 624 0.12212414
18 282 45 317 0.11649723
314 235 338 266 0.11586035
452 362 489 408 0.10731531
618 304 643 336 0.10155522
245 418 292 479 0.1003085
867 353 899 393 0.095880255
535 413 574 461 0.08810348
444 435 496 499 0.08507447
530 348 560 386 0.08316099
581 358 610 394 0.0787699
45 275 72 311 0.07866605
402 346 433 384 0.07378088
510 290 533 321 0.07320175
360 350 387 385 0.06712287
302 174 327 208 0.0671021
809 551 889 647 0.062515564
257 352 290 391 0.059456952
232 325 259 362 0.058975324
628 471 682 536 0.058162943
465 324 495 362 0.056847412
567 285 588 312 0.05627625
81 375 112 417 0.055853087
284 334 312 371 0.053105455
818 309 845 345 0.048706036
195 478 227 521 0.04830103
432 329 462 366 0.046870645
535 498 570 541 0.046647836
12 450 57 504 0.045854315
176 496 222 553 0.04385935
719 184 747 222 0.04320511
329 348 356 383 0.043203756
910 398 970 472 0.043047123
670 448 731 532 0.042042624
301 366 340 418 0.041624594
709 375 743 418 0.039879564
544 307 568 338 0.039531942
7 553 51 606 0.038843688
584 307 614 345 0.03876874
127 282 154 316 0.03810083
358 303 384 337 0.037486304
816 450 854 498 0.036548194
301 429 336 478 0.03651266
750 621 790 668 0.03595158
202 374 232 413 0.035828806
829 406 863 451 0.035399884
274 303 303 340 0.035294496
11 391 53 441 0.034806527
746 299 772 332 0.03480397
330 426 366 473 0.034037
173 458 206 499 0.033112902
358 504 392 553 0.03275
158 230 182 264 0.032326724
428 393 470 445 0.032208856
837 329 866 367 0.031958073
98 206 155 277 0.0318049
152 281 178 313 0.0313745
662 236 690 272 0.031229202
564 372 595 409 0.030853132
887 345 924 393 0.030100768
970 396 1006 449 0.029824927
658 343 691 384 0.029792685
266 557 340 650 0.02952478
660 300 693 340 0.029409366
765 307 791 339 0.02931592
800 322 829 358 0.028917957
48 384 77 422 0.028379632
229 352 258 388 0.028095366
480 391 520 443 0.027947025
410 371 442 412 0.027711075
359 378 386 414 0.027489467
415 500 503 609 0.027489398
32 252 57 284 0.026864031
928 203 999 298 0.026208851
593 280 616 310 0.025926784
482 351 516 393 0.02566945
742 376 769 413 0.02564652
325 518 374 587 0.025507735
227 470 267 523 0.024350967
330 281 360 321 0.024047151
509 330 537 367 0.02327192
836 373 867 411 0.02325989
70 501 117 558 0.02302144
252 378 294 423 0.02279406
910 442 1031 624 0.022654956
154 330 181 365 0.022582375
351 402 381 442 0.022549003
718 149 745 184 0.021995872
166 233 225 302 0.021840509
154 429 187 472 0.021826409
80 252 107 285 0.021436596
560 441 602 493 0.0213371
798 347 835 392 0.021029264
76 207 101 239 0.020862143
510 401 548 452 0.020692261
711 227 739 261 0.020199783
