9_Press_Conference_Press_Conference_9_35
92
336 292 370 335 0.8593376
186 276 218 316 0.5903286
433 327 463 368 0.4432147
960 169 991 209 0.3552606
594 202 620 235 0.2787568
293 279 319 313 0.24424188
846 157 879 197 0.20940971
478 277 507 313 0.20781313
374 244 402 280 0.18633842
248 301 279 340 0.14686893
305 223 330 253 0.13967851
569 326 603 367 0.13738683
322 408 382 482 0.13094343
19 316 60 364 0.12331494
391 205 414 234 0.11779097
388 307 414 340 0.107194185
687 230 711 260 0.10204926
534 275 563 310 0.1003647
405 217 429 248 0.09337238
656 141 688 180 0.09118385
182 181 206 214 0.086209044
691 130 718 163 0.083047636
608 219 633 252 0.07879474
480 328 512 367 0.07846884
645 95 672 129 0.06818841
282 228 305 257 0.06730691
354 361 386 403 0.06594872
512 271 540 308 0.06202385
125 152 160 192 0.05984849
221 351 264 399 0.05804078
708 146 734 179 0.055729296
171 228 203 268 0.055426963
330 207 352 234 0.05505239
413 346 442 383 0.05382754
579 127 609 164 0.04969511
731 325 762 362 0.04827322
661 303 693 341 0.04698948
686 202 710 233 0.046140563
156 300 183 334 0.0458759
506 330 532 364 0.043646414
462 117 490 150 0.04230071
257 249 281 282 0.041760672
458 343 488 382 0.04168252
278 321 305 358 0.041352935
376 375 409 417 0.040931363
282 250 309 283 0.040871575
730 378 762 420 0.04000932
400 376 435 418 0.03888162
511 140 542 179 0.037095167
655 170 691 214 0.036446813
468 300 497 335 0.03519112
62 327 99 369 0.03513537
69 473 107 519 0.03404399
538 99 566 134 0.03367249
742 101 766 132 0.03350315
393 183 415 211 0.032080833
636 273 668 312 0.031852093
821 160 852 198 0.031037128
143 354 174 393 0.03084575
457 253 484 287 0.030683855
559 97 586 131 0.029899318
365 210 387 238 0.029410843
947 193 981 238 0.029347008
276 375 310 421 0.028719911
514 104 538 134 0.028713586
303 323 333 359 0.028415462
663 245 697 283 0.027974866
196 330 234 375 0.027456475
383 278 410 313 0.02741983
644 321 679 365 0.026187642
710 172 739 209 0.025848305
607 280 641 320 0.025701035
577 365 618 411 0.02520397
711 248 740 284 0.025087684
715 350 749 394 0.02504759
188 415 233 468 0.024962012
300 379 343 428 0.024529226
889 73 923 115 0.024201991
559 258 589 294 0.024138952
528 121 559 158 0.023761112
510 300 535 330 0.023668943
543 331 572 367 0.02343112
427 374 460 414 0.022479549
437 229 462 261 0.022213114
521 397 561 442 0.022061536
964 209 1004 270 0.022047063
558 417 599 467 0.021351831
810 97 843 137 0.021132518
830 149 893 220 0.02105843
949 92 981 131 0.020341804
624 391 669 446 0.020224614
720 300 749 335 0.020033354
