9_Press_Conference_Press_Conference_9_31
118
150 501 186 546 0.77720916
614 423 643 460 0.6665439
197 435 229 476 0.63567245
75 352 102 388 0.5256705
119 405 151 447 0.471073
301 435 332 473 0.4588982
338 502 368 539 0.41136956
796 486 824 520 0.3409997
289 579 325 628 0.28400183
974 490 1004 529 0.2773119
393 432 424 472 0.27424735
738 613 777 659 0.24699497
219 504 251 546 0.22778216
58 430 90 470 0.22751673
800 434 828 471 0.22026789
969 432 994 465 0.19969861
176 367 205 405 0.19115698
817 363 843 394 0.15001746
869 405 897 439 0.14100829
933 357 960 391 0.13716136
276 520 307 558 0.1288348
747 458 776 495 0.11931226
879 486 912 525 0.115268245
147 410 178 449 0.113384105
888 380 915 413 0.1036643
750 379 776 410 0.09087934
94 356 122 392 0.089418456
403 405 432 441 0.08698391
16 379 43 412 0.085347585
74 484 102 519 0.08130656
698 476 739 524 0.078798346
255 358 283 394 0.078551315
854 431 882 467 0.07716392
868 364 898 397 0.0749902
877 588 906 625 0.074858524
627 517 667 567 0.072169244
950 402 981 441 0.066012
3 404 26 438 0.06523528
718 432 743 463 0.065039836
28 301 53 333 0.06397783
105 381 136 422 0.06263091
229 453 257 491 0.056376353
326 451 356 489 0.054100305
848 362 874 393 0.054045673
995 374 1022 411 0.052295826
151 356 185 397 0.049981896
68 400 99 440 0.048742786
660 375 693 416 0.04870122
498 532 553 602 0.04792837
694 437 722 472 0.046795823
893 400 922 438 0.046504617
688 359 721 399 0.04596577
7 352 33 389 0.045543443
952 504 979 539 0.044596944
920 403 947 439 0.044167142
129 359 156 394 0.043866124
310 372 341 410 0.04367024
763 479 795 519 0.04352026
176 406 208 448 0.043311886
43 284 67 315 0.041941408
769 403 796 436 0.04187156
666 453 696 490 0.041210417
326 402 356 439 0.03994836
55 335 80 368 0.037878737
276 407 304 443 0.0366138
59 374 92 413 0.036251586
886 636 915 672 0.03371955
645 592 676 629 0.03294382
102 461 134 499 0.032197908
511 490 546 531 0.031879336
865 453 897 491 0.031071935
279 331 305 364 0.03091545
21 326 48 361 0.030894034
362 435 390 470 0.030740129
537 115 564 151 0.030101577
842 531 872 567 0.029987143
313 332 342 369 0.029965123
801 331 827 364 0.029459354
713 372 742 407 0.028835839
389 380 417 414 0.028744567
68 590 99 629 0.028495206
613 352 640 389 0.027991189
925 460 952 494 0.027868453
704 520 749 571 0.027397396
406 480 437 521 0.027354531
645 200 667 228 0.026572026
591 408 620 445 0.026338542
742 403 770 437 0.025814993
997 288 1026 338 0.02559486
595 446 630 488 0.02546903
457 522 491 568 0.025422635
795 408 823 444 0.025371274
549 14 582 52 0.02524889
276 357 305 396 0.024675436
122 559 158 603 0.024351094
250 559 285 607 0.023956804
641 407 673 447 0.023761539
29 452 59 490 0.023740023
816 395 849 436 0.023624176
583 377 611 411 0.023122791
825 579 856 618 0.022911595
884 521 921 565 0.022895046
764 359 792 395 0.02241781
435 502 463 541 0.022395428
922 232 947 263 0.022157634
663 524 694 566 0.022145761
130 481 165 524 0.022069708
309 508 338 545 0.02181982
569 488 599 527 0.02180072
316 581 360 637 0.0216034
772 434 799 469 0.021554114
300 531 329 568 0.021446867
128 525 161 563 0.021259412
303 470 339 514 0.021037472
234 331 261 364 0.020984262
383 534 414 574 0.02070842
638 255 662 286 0.020596743
945 530 975 568 0.020305634
