21_Festival_Festival_21_797
37
641 132 106 132 0.9999403 
314 319 54 67 0.99960405 
418 216 52 66 0.9995059 
502 258 53 69 0.9988595 
84 240 50 63 0.9982162 
292 236 48 60 0.99776053 
782 281 47 66 0.9969369 
835 162 40 49 0.9953111 
172 293 48 50 0.9951742 
286 197 29 41 0.9935296 
97 333 50 58 0.9915876 
663 66 37 44 0.9793634 
185 79 22 36 0.9768002 
30 185 32 44 0.9627683 
743 219 29 40 0.8987757 
965 145 34 48 0.71126515 
264 450 17 24 0.24331442 
434 375 50 43 0.1804084 
264 305 40 45 0.13159434 
930 202 16 21 0.084362395 
616 75 23 30 0.08254447 
254 312 34 50 0.07013257 
926 144 31 40 0.063523516 
395 206 22 36 0.063311264 
585 93 14 17 0.061744504 
128 266 22 34 0.05053761 
202 212 27 40 0.048309054 
772 61 22 34 0.045208633 
236 309 39 60 0.038699213 
275 440 17 22 0.03709631 
128 1236 51 44 0.032873183 
146 63 16 19 0.027109265 
959 158 25 39 0.024079395 
151 35 28 30 0.023072379 
254 75 27 40 0.020508498 
143 70 24 27 0.020425456 
504 192 43 47 0.020081248 
