21_Festival_Festival_21_605
35
443 28 86 117 0.9992449 
806 77 64 86 0.9990721 
311 63 74 96 0.9987112 
938 258 30 39 0.9980794 
178 114 62 78 0.9978834 
634 55 66 95 0.9977902 
994 268 25 31 0.9816467 
986 185 18 25 0.9768198 
758 162 20 27 0.95332426 
87 267 18 28 0.94657445 
59 238 18 25 0.9326126 
6 247 17 26 0.9218491 
934 206 18 22 0.90090466 
30 231 15 19 0.8992897 
148 194 12 14 0.7566118 
78 162 12 14 0.7300226 
49 276 18 23 0.39819318 
43 260 13 16 0.32339844 
964 224 12 15 0.31985837 
916 319 17 22 0.2815993 
126 270 13 19 0.109411135 
138 174 8 10 0.0940737 
893 177 17 22 0.07456969 
0 231 9 13 0.06902845 
86 316 12 16 0.06391478 
880 183 23 30 0.05193293 
129 242 11 16 0.051585313 
961 196 12 16 0.049401972 
876 195 22 28 0.0403561 
9 223 9 12 0.039615367 
43 265 19 25 0.03858951 
5 228 10 13 0.03348473 
66 229 15 20 0.026985288 
128 160 9 12 0.020780023 
45 197 9 10 0.020361379 
