21_Festival_Festival_21_340
250
790 196 89 118 0.9763265 
221 334 20 28 0.91472775 
253 353 17 28 0.9118701 
360 264 12 13 0.8684519 
565 264 10 14 0.8638917 
592 256 10 12 0.8619493 
97 321 14 17 0.7002906 
482 231 9 12 0.68358207 
455 232 9 11 0.66743517 
16 346 20 31 0.63167626 
661 278 9 12 0.6266747 
380 236 9 11 0.595833 
462 263 9 11 0.5614396 
702 292 13 15 0.5586359 
709 239 7 9 0.5526592 
416 233 10 11 0.5290406 
169 368 20 27 0.5261779 
448 254 10 13 0.52344364 
429 284 12 16 0.5206845 
376 236 9 12 0.49971357 
294 266 11 14 0.4528811 
69 345 17 22 0.375963 
514 316 13 19 0.36914217 
622 257 9 10 0.35007167 
309 244 9 11 0.31467298 
97 282 10 13 0.30154473 
655 261 7 9 0.2999372 
737 244 8 10 0.26562253 
165 328 13 19 0.2277442 
142 288 10 13 0.22755834 
236 336 16 23 0.21758147 
399 253 10 12 0.21215154 
123 359 18 21 0.20916095 
181 284 12 15 0.20735443 
740 245 9 10 0.20420296 
352 245 9 10 0.20107298 
473 248 9 11 0.18964472 
678 247 7 9 0.18378353 
480 264 9 12 0.17908801 
580 300 13 17 0.17441405 
337 223 8 10 0.17301573 
140 303 11 15 0.15601882 
187 283 12 14 0.1456636 
56 303 8 11 0.14504838 
660 333 9 14 0.14504015 
378 263 8 11 0.140571 
392 255 11 13 0.13832605 
440 260 11 14 0.13664874 
136 306 12 16 0.13492145 
263 297 13 19 0.13465925 
26 312 8 11 0.13184169 
369 236 10 13 0.128988 
142 275 9 11 0.1185429 
123 299 12 15 0.11653046 
289 235 9 12 0.11499183 
169 246 7 9 0.10935946 
576 305 12 16 0.10835471 
111 269 9 11 0.0999529 
733 257 8 9 0.09978744 
438 212 8 10 0.09728352 
403 251 11 13 0.09317624 
445 258 11 14 0.092921704 
454 281 13 16 0.0912648 
243 300 14 19 0.09042749 
417 254 10 13 0.08830933 
367 230 9 11 0.084872484 
277 240 9 10 0.083007105 
122 272 8 10 0.08178863 
399 223 9 10 0.08038191 
87 301 9 12 0.08025287 
138 257 8 9 0.08023191 
445 249 11 13 0.078793675 
170 339 18 20 0.076456994 
586 298 13 16 0.076324984 
655 270 9 12 0.075061776 
315 297 14 17 0.07302043 
737 287 9 11 0.07275236 
401 327 16 20 0.07220597 
588 275 9 12 0.069398545 
233 274 10 14 0.068945795 
47 296 7 10 0.068876915 
173 267 9 11 0.0683619 
457 261 9 12 0.06820439 
441 254 12 13 0.06772308 
377 268 9 13 0.067339666 
71 335 12 14 0.06691909 
161 348 20 25 0.06616512 
333 262 9 11 0.066040814 
585 271 9 12 0.06503671 
336 254 8 11 0.06433721 
34 287 7 9 0.06352958 
268 295 12 15 0.063483514 
619 260 8 12 0.061451726 
399 230 9 10 0.060789596 
327 253 8 10 0.057715427 
61 293 8 10 0.056507062 
536 260 10 14 0.05516212 
328 238 8 10 0.053742923 
73 271 8 10 0.052573238 
125 262 8 11 0.051787388 
419 236 10 12 0.051380705 
507 270 10 13 0.04970687 
198 292 13 17 0.049230743 
363 296 15 19 0.048251625 
25 300 8 11 0.047486506 
609 275 9 13 0.04743203 
351 307 12 15 0.04692873 
330 263 8 11 0.046659358 
216 225 7 9 0.046188775 
337 291 11 15 0.046036433 
967 356 9 11 0.045109194 
472 278 10 14 0.045054827 
662 273 9 11 0.045049284 
57 270 8 11 0.044908702 
936 370 12 16 0.044082493 
37 287 8 9 0.043730825 
81 302 8 11 0.043669507 
704 260 9 10 0.043620918 
193 256 7 10 0.043404706 
540 261 10 14 0.043099333 
357 245 8 10 0.042999554 
246 233 7 9 0.04228208 
696 255 8 9 0.042120192 
277 292 11 15 0.04163537 
397 259 12 15 0.04102578 
444 357 17 21 0.04042425 
356 315 12 15 0.039982963 
313 437 8 10 0.03919874 
48 300 8 11 0.038618367 
708 287 10 14 0.038211644 
138 286 10 13 0.03811063 
61 350 15 22 0.03747344 
41 302 7 10 0.037357323 
392 238 8 11 0.036526274 
121 256 7 9 0.036509506 
509 261 9 12 0.036310952 
361 283 10 14 0.036169022 
80 345 15 21 0.035998773 
293 293 10 15 0.035942733 
657 283 10 12 0.035938103 
972 373 13 17 0.03566012 
165 364 18 23 0.035077214 
137 292 10 12 0.035027664 
169 264 10 12 0.03470828 
334 238 9 10 0.034578674 
446 215 7 10 0.034502648 
140 360 15 21 0.034395557 
159 254 7 10 0.03425575 
478 331 12 15 0.03420074 
133 314 12 17 0.034199227 
322 321 23 27 0.034167327 
274 223 8 9 0.03373537 
63 335 11 13 0.033548262 
203 393 18 23 0.03324635 
175 287 14 17 0.032839756 
188 288 16 21 0.03270474 
181 268 9 11 0.032454714 
357 298 14 19 0.032284576 
86 264 9 11 0.032106746 
141 260 8 10 0.03181137 
392 319 21 26 0.031742755 
504 275 12 17 0.031740557 
433 224 8 10 0.031276897 
52 354 20 29 0.031067852 
271 314 13 18 0.031004382 
322 252 8 11 0.030974763 
80 317 10 13 0.03088991 
220 275 10 14 0.030658202 
736 279 9 10 0.03015331 
438 266 11 14 0.02985016 
328 278 10 12 0.029751858 
614 301 12 15 0.029387489 
517 323 14 20 0.028864665 
549 269 10 11 0.028822403 
110 252 8 10 0.02880849 
710 256 8 10 0.0287383 
504 261 10 13 0.028592415 
205 316 15 17 0.028178819 
289 262 10 13 0.028118856 
147 355 14 18 0.027799845 
439 230 7 10 0.027483292 
30 347 22 33 0.02748233 
543 268 10 12 0.027357208 
327 248 9 11 0.027330728 
429 311 14 17 0.027275082 
175 344 17 19 0.02709265 
981 361 13 15 0.027080392 
129 364 18 22 0.026834406 
320 268 8 11 0.026597995 
41 295 8 10 0.026578745 
205 263 8 11 0.026508784 
392 246 9 11 0.026355851 
229 262 8 11 0.026182022 
56 277 8 10 0.026173575 
720 270 8 11 0.025985252 
419 258 11 14 0.02584929 
236 323 16 21 0.025735643 
275 244 8 10 0.025472078 
243 233 7 8 0.025411814 
398 266 13 16 0.025275962 
560 254 8 10 0.02478476 
350 253 9 11 0.024631536 
410 237 9 11 0.024495373 
304 228 9 10 0.024367357 
19 342 15 21 0.024314635 
613 271 9 11 0.02423616 
139 316 13 17 0.024208104 
682 263 7 10 0.024160089 
450 232 10 12 0.024109075 
595 259 10 12 0.024014212 
217 271 10 13 0.023863424 
940 367 11 14 0.023775756 
383 255 10 12 0.02377403 
398 237 9 11 0.023693753 
298 262 11 14 0.023457475 
499 160 8 10 0.023351312 
404 223 9 10 0.023300875 
220 300 11 16 0.023108238 
427 325 14 18 0.023076307 
46 263 8 11 0.022971902 
124 351 16 19 0.02294635 
649 271 9 11 0.022919271 
73 277 7 9 0.022846201 
352 261 9 11 0.022493526 
309 304 15 20 0.022301536 
316 320 16 22 0.022296445 
126 256 8 10 0.022031043 
193 260 8 11 0.021955822 
335 287 10 14 0.021942388 
29 315 9 11 0.02175641 
357 240 9 10 0.021744981 
664 238 8 9 0.021719962 
251 297 18 24 0.02167482 
279 285 12 16 0.021578291 
681 271 9 11 0.021381712 
200 263 8 10 0.02126228 
581 315 13 18 0.021218361 
450 284 10 14 0.02114719 
375 255 9 11 0.021043977 
121 277 8 9 0.021039987 
706 295 14 17 0.020996938 
78 269 8 11 0.020926887 
172 307 11 15 0.020821543 
679 277 8 11 0.020656694 
447 221 8 10 0.02053214 
751 271 7 10 0.020447532 
731 246 7 9 0.020392591 
179 283 20 26 0.020288616 
368 225 8 10 0.020228175 
325 283 11 14 0.020045545 
