21_Festival_Festival_21_100
20
673 92 131 184 0.9994961 
436 446 124 160 0.9989004 
116 318 43 53 0.9762724 
98 174 25 34 0.73109084 
10 241 22 29 0.6733442 
77 180 23 29 0.576779 
24 240 26 31 0.3421376 
0 204 22 29 0.32493997 
162 156 20 24 0.21241695 
60 227 25 31 0.19707265 
177 192 26 32 0.054209422 
0 215 26 34 0.042048793 
53 203 26 32 0.040059075 
146 278 25 28 0.03576848 
176 278 31 41 0.03178844 
150 205 23 30 0.029279593 
35 193 24 30 0.025867017 
42 298 30 37 0.02164466 
93 253 25 30 0.020170122 
117 231 18 21 0.020125195 
