21_Festival_Festival_21_290
22
557 286 58 72 0.9993267 
464 304 63 80 0.99905914 
99 188 96 146 0.99823195 
813 307 55 98 0.9909424 
299 221 70 113 0.98816854 
133 336 21 27 0.74088836 
991 263 13 17 0.6626154 
928 325 40 67 0.31079385 
720 190 20 26 0.16903226 
548 670 13 18 0.1494452 
559 662 13 18 0.09624761 
399 318 15 19 0.077314824 
142 341 21 27 0.05036294 
516 669 16 19 0.040273488 
457 692 18 21 0.03945989 
35 356 13 17 0.036634084 
594 674 18 22 0.035284862 
156 348 14 18 0.031838294 
522 666 17 19 0.029857099 
106 362 19 24 0.024704462 
149 355 14 19 0.023805197 
405 283 11 15 0.022054879 
