21_Festival_Festival_21_107
56
597 183 45 57 0.9933155 
465 197 47 67 0.9852823 
87 240 60 90 0.97519547 
177 214 60 78 0.94828653 
689 217 35 51 0.9276106 
919 182 23 26 0.92506063 
786 197 30 43 0.8276232 
722 220 30 42 0.81895113 
999 186 20 26 0.80691767 
839 186 22 28 0.76990783 
781 173 16 18 0.552269 
778 146 15 22 0.30506623 
561 130 29 31 0.27875552 
550 154 38 44 0.16175595 
801 164 11 14 0.14604995 
556 215 34 39 0.11584198 
680 311 46 52 0.11227674 
720 243 25 31 0.106946 
739 109 15 17 0.08949024 
299 124 14 18 0.06457539 
834 202 23 26 0.06333482 
661 278 35 44 0.06300663 
639 180 23 30 0.05872777 
908 172 11 15 0.055220578 
766 155 13 17 0.052572254 
946 188 13 16 0.047702134 
765 127 9 13 0.045474093 
841 256 21 26 0.044590607 
548 170 42 52 0.0418624 
836 180 17 20 0.03681778 
320 116 11 14 0.033517834 
832 171 13 17 0.032094575 
803 196 22 30 0.031389885 
759 127 10 13 0.031272832 
239 105 15 17 0.02919412 
205 533 41 48 0.028780788 
515 138 23 33 0.027974954 
693 331 32 39 0.02781036 
814 197 13 18 0.027791312 
696 298 33 43 0.027688289 
965 194 13 15 0.027512824 
859 217 14 19 0.02721582 
165 132 11 12 0.02602764 
334 131 24 29 0.025529008 
906 177 14 19 0.025387593 
872 171 12 14 0.02500146 
624 54 13 18 0.024965033 
328 107 12 16 0.024063954 
762 161 16 20 0.024038669 
565 200 31 43 0.023038663 
875 167 12 12 0.023034759 
751 123 14 17 0.022962922 
936 12 10 12 0.022878302 
612 12 9 11 0.022213385 
605 27 12 16 0.021334283 
869 165 13 14 0.020574242 
