21_Festival_Festival_21_140
32
520 493 45 53 0.97670937 
432 459 19 28 0.8869933 
349 482 21 23 0.85465395 
950 447 9 12 0.35405317 
113 598 17 22 0.30062917 
644 687 14 16 0.2363422 
692 469 18 20 0.1923705 
629 672 12 18 0.18261856 
975 436 12 13 0.13339926 
436 1215 33 39 0.105232574 
890 417 14 17 0.09985017 
121 637 15 17 0.09137919 
649 460 15 18 0.06697309 
725 679 17 22 0.064621665 
428 420 18 20 0.057597492 
422 426 12 16 0.053082492 
339 591 40 46 0.04478707 
972 457 16 19 0.044416536 
330 506 16 23 0.04089897 
1002 452 15 17 0.040719505 
391 414 9 11 0.037630856 
699 724 36 47 0.03465276 
1011 518 13 28 0.03243325 
428 451 15 23 0.030999511 
343 481 17 21 0.030282792 
116 628 17 19 0.027853303 
29 668 14 18 0.026439572 
342 475 13 18 0.024642026 
955 452 11 14 0.023880614 
391 418 11 14 0.021786436 
630 665 11 14 0.02164505 
116 732 10 14 0.020926777 
