21_Festival_Festival_21_943
92
293 192 16 18 0.928586 
807 190 10 14 0.89792305 
112 195 11 14 0.8463464 
103 179 11 14 0.84030384 
710 194 11 14 0.7156208 
832 192 11 14 0.69725496 
761 185 9 11 0.6636108 
741 191 8 12 0.66307884 
353 176 10 13 0.6307302 
169 191 9 12 0.5564778 
494 190 7 10 0.5198116 
191 196 9 12 0.493293 
938 196 8 10 0.48947173 
488 189 9 11 0.44395515 
548 182 11 15 0.42341316 
386 185 8 10 0.41471916 
191 191 10 12 0.38993385 
517 185 9 11 0.3445949 
256 191 8 11 0.3436591 
543 186 10 13 0.34018683 
213 190 8 11 0.29852372 
229 185 8 11 0.27153268 
943 231 8 10 0.24659562 
67 189 12 15 0.24178141 
880 181 10 15 0.23844111 
569 192 8 11 0.19252858 
421 189 10 12 0.18147115 
153 192 10 11 0.16625862 
390 188 8 11 0.14896393 
261 192 9 12 0.14858937 
977 206 9 12 0.12016497 
157 197 9 11 0.11339602 
257 195 9 12 0.104405195 
54 180 9 11 0.103263795 
693 222 9 11 0.09552292 
994 203 10 13 0.0890741 
86 190 8 12 0.08775806 
622 223 7 10 0.08385261 
891 180 12 15 0.07602905 
138 197 8 11 0.07152681 
96 337 20 30 0.06618966 
210 197 8 9 0.06529151 
281 188 9 13 0.06458944 
185 189 10 12 0.06439414 
320 191 9 12 0.062146533 
401 196 10 13 0.05900423 
640 229 7 9 0.053126875 
65 193 11 16 0.050782334 
451 196 14 20 0.047864567 
190 185 10 11 0.047559787 
429 200 15 19 0.04736279 
173 262 11 13 0.04665657 
81 188 9 13 0.04572751 
400 216 10 14 0.044544924 
137 192 7 11 0.043196592 
289 189 12 16 0.041991882 
238 197 9 12 0.041491013 
212 184 10 11 0.040590644 
250 189 8 11 0.03948152 
558 184 9 12 0.038943816 
482 189 9 11 0.03866167 
884 184 13 16 0.036569793 
650 192 8 10 0.03618693 
327 190 8 10 0.035682872 
538 188 8 12 0.034700967 
141 197 9 11 0.034607954 
230 243 8 11 0.03418058 
239 191 8 10 0.0333367 
196 191 9 11 0.033143695 
872 190 10 13 0.031208739 
573 195 8 10 0.031136867 
249 184 7 11 0.029793909 
639 195 8 11 0.02952739 
423 194 12 17 0.029438874 
109 255 13 16 0.028102282 
56 188 10 14 0.027816923 
639 224 8 10 0.027268145 
117 235 9 12 0.027059345 
935 214 8 11 0.026565947 
505 199 10 14 0.026311876 
196 196 9 11 0.025686065 
505 182 8 11 0.025642162 
142 192 7 10 0.025169654 
1009 205 9 10 0.024816103 
402 191 11 14 0.023686422 
496 221 11 13 0.023328127 
112 235 10 12 0.02246722 
856 198 9 10 0.021644177 
279 182 10 14 0.021232342 
527 180 9 13 0.020642461 
326 195 8 12 0.02058 
304 172 8 10 0.020430662 
