21_Festival_Festival_21_526
96
622 630 16 21 0.76967543 
646 637 14 20 0.7584384 
78 597 23 30 0.7338543 
466 772 13 18 0.61582917 
262 677 12 18 0.56950307 
256 656 9 11 0.47768742 
429 -295 598 730 0.37636787 
752 588 22 27 0.32214653 
59 745 31 51 0.18548602 
201 541 11 14 0.16208348 
579 608 10 14 0.14836694 
450 810 14 13 0.14082406 
977 720 17 23 0.08786797 
826 569 15 18 0.08707511 
949 633 15 21 0.078816555 
432 552 10 12 0.07865082 
28 112 31 46 0.07543057 
436 556 10 12 0.07494771 
972 712 17 25 0.067230046 
230 547 9 11 0.064423844 
52 -190 612 634 0.063681744 
986 673 17 21 0.06294804 
233 566 8 10 0.061539765 
116 624 21 29 0.059303343 
424 675 10 14 0.059219368 
65 594 21 29 0.058570184 
819 632 19 21 0.05717448 
249 536 8 11 0.056060914 
987 621 15 17 0.05553667 
224 515 11 14 0.052123293 
186 518 7 10 0.045315992 
174 536 9 11 0.042844053 
740 594 14 20 0.039200395 
225 580 11 14 0.03854629 
241 497 8 10 0.038280573 
454 553 12 13 0.038257416 
217 601 11 15 0.03526888 
249 655 9 12 0.035202306 
229 639 9 13 0.035046276 
30 497 9 13 0.03498187 
163 599 15 20 0.034270756 
471 542 10 12 0.033943843 
486 796 14 21 0.032825068 
164 755 20 30 0.032274902 
720 630 23 31 0.032108437 
447 550 11 13 0.03194474 
92 565 17 18 0.03130904 
213 525 10 11 0.031258836 
875 683 17 23 0.031231191 
742 588 22 29 0.031212384 
238 658 10 13 0.031070663 
14 546 23 29 0.031022122 
796 551 10 12 0.02997989 
244 501 9 12 0.029910756 
182 536 9 11 0.029398276 
1013 610 11 17 0.028923333 
176 528 7 9 0.028837334 
965 688 15 21 0.02855221 
684 691 16 23 0.028147234 
811 633 18 21 0.02783979 
204 535 11 13 0.027776387 
269 504 9 11 0.027513016 
133 544 14 18 0.027497714 
16 501 11 13 0.027131423 
265 509 9 12 0.026816135 
721 665 18 22 0.026474386 
21 500 10 13 0.026319146 
215 583 11 14 0.026099183 
70 733 42 67 0.025666198 
48 558 8 10 0.025306989 
14 494 11 13 0.024773557 
782 562 14 19 0.024721673 
817 573 11 13 0.024658557 
109 597 23 32 0.023905316 
231 501 8 11 0.023813935 
439 541 9 12 0.023358775 
808 573 9 12 0.023338739 
224 660 11 15 0.023226907 
5 495 9 12 0.022906546 
772 539 9 12 0.0226344 
157 595 15 20 0.022626003 
603 780 17 22 0.02238261 
549 692 15 22 0.022258824 
253 534 10 12 0.02164793 
13 571 16 21 0.021499015 
967 692 23 29 0.021466404 
91 576 22 26 0.021352535 
676 625 17 21 0.021268135 
558 584 14 22 0.021214638 
430 512 8 9 0.020819543 
694 570 13 14 0.020639278 
239 533 8 11 0.02061897 
241 506 10 13 0.020473393 
101 584 22 30 0.02045558 
613 704 22 31 0.020279942 
419 556 11 13 0.020270234 
