36_Football_americanfootball_ball_36_257
29
71 227 72 92 0.99969935 
628 136 55 66 0.9996619 
428 195 64 73 0.999316 
863 157 83 112 0.99855727 
100 169 53 69 0.9980913 
503 213 34 46 0.992957 
289 178 52 61 0.99280095 
385 195 31 46 0.988182 
778 206 46 58 0.9766308 
57 183 25 33 0.97466725 
752 227 31 42 0.79961276 
195 183 26 34 0.5021225 
435 170 38 41 0.38208568 
1000 160 24 47 0.20001347 
31 173 23 34 0.16414788 
185 138 12 15 0.12416026 
70 178 23 33 0.08509666 
1 178 22 38 0.07282048 
198 179 40 48 0.06788858 
50 175 22 33 0.066263035 
385 0 27 25 0.050039716 
42 179 16 27 0.03905713 
763 217 33 45 0.033428095 
0 199 21 37 0.03307451 
264 170 35 45 0.03176091 
990 256 27 45 0.029279483 
0 159 12 19 0.026095552 
81 171 22 34 0.023765951 
75 183 81 104 0.022834722 
