36_Football_Football_36_157
290
739 218 28 32 0.9967632 
607 240 28 31 0.9952608 
906 218 24 30 0.99436826 
91 107 15 19 0.9903909 
501 245 23 32 0.9880602 
963 137 18 23 0.98776746 
609 143 21 26 0.9862742 
869 85 22 28 0.9855828 
42 256 21 26 0.9844684 
339 103 18 22 0.984212 
96 239 22 26 0.98351544 
161 201 23 27 0.9820939 
660 253 23 26 0.97851413 
514 55 17 21 0.97751963 
436 348 21 30 0.9764148 
900 26 17 23 0.97630864 
756 118 18 23 0.9760045 
580 5 20 26 0.9759135 
425 261 22 28 0.9756565 
494 8 16 20 0.9755381 
787 56 17 22 0.97320503 
299 212 22 26 0.9730872 
344 133 21 27 0.97214645 
905 168 22 23 0.97208166 
411 139 19 24 0.97046596 
668 34 19 22 0.96993154 
392 81 20 23 0.969873 
983 244 23 28 0.968286 
285 134 18 23 0.9674676 
523 111 20 23 0.9673294 
179 94 18 23 0.9660588 
241 253 25 29 0.9655397 
584 188 19 23 0.96498245 
616 40 20 23 0.96486425 
335 178 20 25 0.96437174 
116 200 17 20 0.96341795 
185 185 21 24 0.9622361 
541 27 21 26 0.9621463 
633 194 21 24 0.9621371 
580 86 17 22 0.9616763 
74 195 20 26 0.96092826 
970 25 18 21 0.96054846 
854 1 20 20 0.9601811 
979 198 16 22 0.9601772 
832 107 18 21 0.95972896 
50 129 19 25 0.9594677 
545 194 16 21 0.95841295 
229 174 19 22 0.9565919 
877 171 20 26 0.95625037 
394 195 32 37 0.9559043 
479 120 20 26 0.954185 
903 105 18 22 0.95395356 
144 96 18 23 0.9502934 
615 74 21 26 0.9497472 
232 77 21 27 0.9485166 
508 175 21 25 0.94739544 
152 151 18 23 0.94739395 
157 177 20 24 0.94696647 
545 108 17 24 0.94584537 
120 112 17 20 0.94435763 
788 176 20 22 0.93934035 
642 0 18 17 0.93763316 
383 129 16 18 0.9347367 
112 136 18 23 0.9341592 
535 74 20 27 0.9340612 
303 159 19 25 0.93291765 
411 54 19 21 0.9326043 
144 269 17 25 0.932411 
336 41 20 23 0.93095225 
215 159 18 22 0.9242592 
103 170 20 21 0.92419106 
43 188 21 21 0.9237871 
565 104 19 26 0.9236061 
417 0 21 21 0.92353046 
461 33 20 26 0.922766 
787 236 31 42 0.919495 
425 99 17 20 0.914724 
361 117 16 20 0.9104039 
889 128 18 21 0.90891397 
566 133 17 22 0.9086162 
248 117 17 22 0.9084924 
845 49 19 22 0.9081125 
0 183 17 23 0.90756404 
356 174 19 22 0.9066508 
270 164 18 20 0.90552306 
294 91 18 22 0.9011281 
440 165 20 21 0.8852673 
488 88 18 21 0.882798 
197 0 20 20 0.8787673 
432 218 19 25 0.87287253 
748 187 25 26 0.86036944 
247 191 20 22 0.84617573 
820 15 14 22 0.8414866 
899 86 20 22 0.83470994 
836 188 20 25 0.8298603 
782 112 17 20 0.8243147 
78 148 17 20 0.82202 
515 146 20 20 0.81434107 
265 26 17 20 0.813781 
706 145 16 19 0.81033 
186 145 17 19 0.79834 
455 103 15 19 0.7880349 
348 4 17 19 0.7870998 
91 135 17 20 0.77882606 
667 171 17 23 0.77635103 
814 107 15 20 0.76864153 
273 43 17 20 0.768093 
407 121 17 17 0.76525944 
98 7 18 20 0.7322729 
486 356 21 28 0.7241306 
249 153 17 20 0.7223397 
321 84 19 21 0.717105 
17 118 16 21 0.70320714 
980 159 14 22 0.6975636 
29 154 16 19 0.6796624 
233 128 14 17 0.67482156 
231 234 23 28 0.6124267 
730 121 18 22 0.6044159 
1008 91 13 17 0.59879345 
935 164 17 19 0.58609027 
275 186 17 20 0.5812618 
591 139 15 17 0.5735216 
848 166 21 26 0.5594698 
190 162 16 18 0.5566788 
853 183 17 21 0.5186615 
152 19 15 17 0.5172069 
301 120 19 22 0.51456785 
362 98 15 17 0.4418906 
307 255 23 27 0.43785268 
587 160 17 19 0.4174076 
0 144 13 19 0.40734145 
943 96 14 20 0.39227825 
387 111 15 18 0.38790056 
769 210 22 28 0.38291404 
824 188 22 25 0.37679794 
1001 198 18 21 0.3695611 
700 15 14 15 0.3464464 
763 148 22 25 0.3394509 
553 105 19 27 0.3364577 
260 350 45 45 0.32654396 
330 150 15 19 0.32414567 
11 167 18 22 0.31189537 
497 348 30 38 0.29460827 
55 117 13 14 0.27432704 
15 106 14 17 0.2570452 
250 170 16 17 0.24562955 
755 0 15 17 0.24550794 
966 97 13 17 0.24452329 
674 10 16 19 0.23964067 
327 128 16 21 0.23876189 
40 18 18 20 0.23307568 
938 176 15 20 0.22950631 
215 265 21 27 0.22878896 
732 49 19 21 0.22549635 
17 128 16 21 0.16616423 
222 261 24 28 0.16493063 
898 193 18 20 0.16223064 
231 254 24 30 0.14995284 
0 130 14 21 0.14886723 
636 169 20 22 0.1479796 
930 11 21 25 0.14574894 
638 156 14 17 0.14012317 
642 257 18 22 0.13764188 
30 124 14 18 0.13456045 
953 96 19 25 0.13108481 
161 130 15 18 0.1273074 
955 193 16 20 0.124854244 
683 128 16 20 0.11871698 
272 204 18 23 0.10064458 
169 383 47 53 0.099225566 
240 176 20 25 0.098564014 
1007 106 14 20 0.095112234 
760 200 24 29 0.094116524 
845 186 20 25 0.091600135 
993 0 16 13 0.091508 
714 165 18 21 0.09099105 
134 237 22 27 0.09065427 
376 360 34 37 0.0849498 
205 102 15 20 0.084147155 
682 31 19 25 0.08040854 
17 162 18 24 0.08024941 
238 152 17 19 0.07899309 
297 105 22 24 0.07738192 
785 240 20 26 0.076574676 
682 3 17 19 0.076146126 
947 101 17 22 0.072085336 
142 137 14 18 0.07084664 
593 142 20 23 0.070531204 
320 68 17 20 0.068523206 
593 242 14 18 0.066400975 
862 134 19 22 0.065506816 
270 173 20 25 0.06538775 
339 163 15 17 0.06486073 
1 210 17 23 0.063447714 
249 177 18 21 0.06300484 
932 3 18 20 0.06297176 
333 160 16 19 0.061665475 
799 232 33 43 0.05982175 
270 190 18 22 0.058941986 
670 16 16 19 0.058715146 
352 0 17 16 0.0584571 
483 210 17 23 0.05821886 
960 171 18 20 0.05729448 
949 186 16 21 0.056493998 
690 26 19 23 0.05365636 
924 117 15 18 0.05314717 
145 199 16 22 0.05159234 
138 182 14 19 0.051429663 
200 97 14 19 0.05057364 
481 359 15 21 0.049270403 
562 -1 15 11 0.047296252 
1007 74 14 17 0.047289815 
260 171 15 17 0.044690996 
969 234 16 22 0.04464604 
332 134 19 23 0.043930624 
331 0 16 10 0.04205849 
953 213 16 19 0.039358836 
258 160 18 22 0.039354987 
162 90 14 17 0.038839415 
30 76 17 17 0.038452756 
467 66 18 20 0.036769457 
823 11 18 22 0.036642298 
994 204 20 24 0.036631964 
246 340 39 54 0.036394205 
148 48 15 19 0.036114022 
774 218 24 31 0.03517351 
477 99 16 19 0.034793507 
731 35 20 21 0.0342948 
362 105 17 21 0.034222603 
629 135 15 19 0.034077037 
777 114 14 20 0.032904077 
68 184 18 22 0.032240678 
156 84 15 19 0.0322161 
3 283 18 24 0.03208566 
604 303 53 57 0.031881705 
553 177 16 20 0.031842995 
943 177 18 24 0.03182547 
761 0 15 13 0.030992564 
149 30 21 25 0.030813975 
116 382 53 52 0.030730693 
952 234 21 26 0.030559607 
648 256 21 26 0.030193908 
62 0 21 18 0.03001189 
973 246 15 20 0.029834146 
156 137 16 19 0.029167313 
187 239 17 24 0.029123556 
188 135 15 18 0.029020699 
0 33 7 14 0.028821666 
586 339 43 47 0.028199462 
476 60 16 20 0.027963398 
749 6 14 17 0.026854446 
418 13 17 21 0.026675228 
796 0 13 11 0.026585076 
295 131 19 24 0.0263094 
457 171 13 16 0.025789713 
346 178 17 22 0.025696518 
142 192 16 22 0.02525132 
793 248 31 43 0.025016561 
987 218 18 22 0.024859129 
550 184 18 24 0.024544451 
388 370 34 33 0.024516536 
846 176 18 24 0.02430945 
700 6 15 17 0.024038244 
1 237 17 22 0.023959829 
268 124 14 18 0.023850204 
150 88 19 24 0.02372687 
693 135 20 24 0.023477707 
891 119 16 19 0.023439078 
710 32 15 19 0.02327975 
505 363 19 25 0.023204153 
750 103 16 19 0.023165293 
379 153 15 17 0.023032598 
698 21 16 20 0.022871258 
147 0 14 9 0.022802886 
963 200 14 17 0.022473682 
189 290 17 21 0.02241406 
573 339 36 43 0.022199549 
748 210 26 33 0.021941187 
709 153 21 24 0.021777036 
27 176 15 20 0.021656696 
282 0 20 20 0.021593863 
366 119 19 24 0.021584839 
392 114 15 18 0.02158291 
97 142 16 20 0.02113401 
925 4 16 18 0.021070998 
640 173 22 28 0.020859772 
252 48 15 18 0.020760233 
0 52 9 19 0.020347167 
544 12 16 17 0.020253962 
717 168 22 26 0.020029841 
