36_Football_americanfootball_ball_36_615
28
196 105 30 44 0.9947825 
380 143 23 35 0.98658895 
862 152 13 19 0.98380244 
532 185 17 22 0.9753983 
452 155 18 24 0.9648636 
740 136 15 22 0.9592165 
82 134 15 19 0.9506637 
922 100 21 32 0.84228873 
520 155 13 17 0.81411296 
721 157 12 17 0.6447402 
670 173 14 20 0.528213 
645 163 11 17 0.4484469 
601 162 12 17 0.07816284 
615 151 14 18 0.0692051 
605 168 16 17 0.054860394 
688 158 10 12 0.047951758 
693 157 10 14 0.04725512 
0 152 9 18 0.04020171 
92 133 12 17 0.035457868 
712 163 13 17 0.033904053 
669 167 12 18 0.033466537 
436 155 14 18 0.028076999 
213 232 11 14 0.027715607 
930 105 26 29 0.027052153 
781 150 12 19 0.024491342 
790 171 11 14 0.022478187 
724 150 12 21 0.020989208 
639 166 15 19 0.020957494 
