36_Football_Football_36_138
50
878 84 29 38 0.9973646 
131 56 27 34 0.9944501 
748 130 23 28 0.9912941 
406 215 23 30 0.9908208 
644 217 20 27 0.97575915 
540 231 16 25 0.96310747 
293 82 21 35 0.9540256 
496 310 23 24 0.8615677 
520 202 13 16 0.821962 
557 200 14 17 0.77123046 
862 76 11 15 0.71797603 
466 207 16 19 0.694569 
980 74 13 17 0.6298742 
680 199 12 15 0.5829945 
837 260 26 22 0.56380236 
321 201 12 19 0.5395593 
451 189 13 15 0.5313665 
352 189 9 11 0.5199291 
671 103 28 27 0.4760598 
386 188 9 12 0.4321396 
710 185 13 16 0.4081936 
924 93 9 12 0.37840715 
929 78 11 14 0.3548792 
564 198 12 16 0.17957036 
489 187 10 14 0.16080827 
90 24 8 10 0.14737937 
41 28 10 12 0.1423733 
444 183 12 16 0.1085848 
542 204 10 12 0.072408654 
927 84 11 13 0.071779385 
571 196 9 13 0.06989237 
415 183 7 9 0.05599125 
508 189 13 17 0.05572448 
427 211 10 15 0.04740991 
421 211 13 20 0.037442096 
446 203 12 17 0.03428735 
453 201 14 18 0.034138028 
441 187 11 16 0.03343543 
442 182 9 12 0.032346748 
445 210 13 18 0.031615335 
513 202 13 17 0.031302337 
590 207 11 13 0.030601174 
474 203 13 19 0.026896838 
64 53 8 10 0.025711065 
667 114 21 19 0.023533918 
573 192 9 12 0.023253884 
391 194 10 12 0.022192676 
377 173 8 9 0.021584004 
673 202 13 16 0.020317072 
504 194 13 17 0.02019988 
