36_Football_americanfootball_ball_36_487
876
812 334 20 28 0.981037 
960 173 10 14 0.98097587 
94 92 11 13 0.9784046 
32 103 10 13 0.9742042 
533 196 10 14 0.97303355 
204 230 12 17 0.9702749 
871 230 11 14 0.969435 
696 118 10 13 0.9691542 
71 195 11 14 0.9686169 
656 182 9 11 0.9681494 
775 244 10 13 0.96770567 
129 46 11 14 0.9629658 
584 220 11 13 0.962765 
767 111 9 12 0.9624249 
622 183 10 12 0.9619111 
430 188 10 13 0.95984733 
296 182 11 14 0.9581723 
275 198 13 16 0.9551562 
168 237 13 16 0.9515499 
436 28 10 12 0.94841367 
88 221 12 14 0.9433218 
56 102 10 12 0.94312483 
704 95 10 12 0.9424446 
29 234 12 15 0.94172907 
526 245 11 14 0.9399783 
381 67 10 12 0.93938833 
687 183 9 11 0.9375361 
57 156 11 14 0.9356555 
40 134 11 14 0.9350327 
824 211 10 13 0.9343868 
942 144 9 12 0.93423843 
916 165 11 13 0.93375444 
879 124 10 13 0.9327736 
673 239 10 12 0.9292124 
355 179 13 15 0.9259964 
607 244 11 13 0.9245782 
632 228 9 13 0.92245954 
885 164 11 13 0.9223238 
321 255 11 14 0.9218376 
232 233 12 15 0.92119694 
102 175 12 14 0.9191314 
976 174 9 12 0.9185145 
860 149 10 12 0.91808796 
797 324 19 26 0.9171131 
863 108 10 12 0.9155247 
277 162 10 13 0.9141463 
625 72 9 11 0.9140779 
15 92 11 13 0.9131817 
224 252 13 16 0.9129437 
506 71 10 12 0.911589 
661 31 9 12 0.9098129 
918 210 10 13 0.909285 
381 46 10 12 0.90915954 
514 197 11 14 0.905353 
950 117 9 12 0.90499365 
420 108 10 15 0.9049779 
838 43 10 12 0.9037324 
977 102 10 13 0.90309167 
554 222 11 13 0.9018864 
175 99 11 14 0.89978987 
927 118 10 11 0.89840615 
114 51 11 14 0.8976001 
375 252 11 14 0.8959674 
360 271 11 14 0.89574575 
47 254 11 15 0.89465725 
86 108 11 13 0.8928266 
319 183 11 14 0.887609 
625 6 11 13 0.88557374 
465 132 10 13 0.8854994 
480 35 9 13 0.88406426 
12 145 12 15 0.8831203 
658 207 9 13 0.88293767 
7 107 10 12 0.8732453 
920 182 11 13 0.8705611 
284 80 10 12 0.86981606 
399 95 10 12 0.8689114 
7 215 11 14 0.86814165 
942 103 11 12 0.8659313 
112 88 11 13 0.8649936 
175 47 10 12 0.8641671 
54 301 17 22 0.8601301 
749 247 11 13 0.859847 
297 287 19 21 0.85707337 
141 247 11 15 0.8569054 
789 199 10 13 0.855029 
412 232 11 13 0.85388803 
770 32 10 12 0.85321885 
29 21 10 13 0.851301 
316 52 9 11 0.8512718 
883 44 11 13 0.8493373 
102 157 10 12 0.8488286 
633 134 10 12 0.8486297 
615 147 10 13 0.8463224 
85 152 10 12 0.84222895 
944 85 11 12 0.8411173 
426 141 10 14 0.8408194 
53 11 10 12 0.83558047 
371 99 12 14 0.8330261 
537 109 11 14 0.83294755 
605 44 10 13 0.83231974 
183 15 11 12 0.8312724 
796 51 10 13 0.83020675 
975 144 11 13 0.82884586 
568 220 10 12 0.8261538 
87 179 9 12 0.8258752 
843 3 12 15 0.8242839 
292 158 12 14 0.8223167 
168 117 12 14 0.82145846 
129 139 10 13 0.8197501 
708 13 9 11 0.8148854 
597 136 10 12 0.81469077 
449 131 11 14 0.81459737 
340 85 12 14 0.81455314 
547 195 10 14 0.8114209 
713 126 11 14 0.8102349 
897 227 10 14 0.8071799 
791 172 10 12 0.8070229 
159 15 11 12 0.80466735 
399 134 9 11 0.80135864 
82 255 13 15 0.7929336 
64 222 12 15 0.79259855 
914 55 10 13 0.7924225 
390 176 10 13 0.7875943 
417 252 12 15 0.783019 
292 258 11 14 0.7794454 
943 173 10 12 0.779158 
702 77 9 12 0.77819175 
561 11 10 12 0.7710256 
677 96 10 12 0.7705388 
736 72 9 12 0.77022684 
662 111 9 11 0.7663183 
453 112 11 13 0.7662706 
681 110 10 12 0.7660268 
669 79 10 11 0.7641471 
766 192 10 13 0.76291066 
913 231 10 14 0.7592524 
905 190 11 12 0.7578412 
463 85 10 11 0.7549161 
11 66 11 14 0.74885356 
9 36 11 13 0.74566525 
565 125 9 11 0.7431084 
1009 147 11 13 0.74306786 
391 88 9 12 0.74021804 
505 99 10 12 0.73973066 
195 174 11 14 0.73753476 
924 95 10 12 0.73501664 
987 227 12 14 0.73214644 
652 147 11 13 0.72270685 
444 81 9 11 0.71992373 
719 232 10 13 0.71478546 
528 22 8 11 0.7126534 
908 124 11 13 0.7115336 
61 38 11 12 0.69645995 
57 52 11 14 0.69471663 
100 200 12 14 0.69223315 
321 68 9 11 0.69029915 
721 85 10 12 0.6886773 
728 199 9 12 0.68618864 
797 221 10 12 0.68574363 
975 123 9 11 0.67973036 
452 56 11 14 0.6731887 
42 120 10 12 0.66844255 
841 174 12 14 0.662753 
449 36 11 13 0.66185594 
391 231 11 15 0.65798473 
40 58 11 13 0.65791154 
1000 29 9 11 0.6562307 
900 88 9 12 0.655662 
12 304 16 21 0.65177405 
567 144 10 12 0.6506035 
919 20 9 11 0.6503938 
416 181 10 12 0.64986265 
795 92 10 12 0.6496381 
843 210 11 14 0.6469535 
885 12 9 12 0.64378357 
992 103 9 12 0.6431858 
421 28 10 12 0.6429671 
574 39 9 11 0.63685584 
732 245 10 13 0.63073665 
550 98 10 14 0.62162346 
159 61 9 11 0.6162901 
60 141 11 12 0.6120263 
568 252 10 12 0.61062676 
25 171 10 14 0.60961574 
367 238 10 12 0.6092505 
859 79 10 12 0.6079831 
488 199 11 14 0.6045681 
145 168 11 13 0.6036609 
564 99 9 13 0.6010666 
737 122 9 12 0.58624864 
757 84 10 12 0.58607537 
396 251 10 13 0.58585095 
697 246 10 15 0.58483875 
309 13 9 12 0.5822818 
672 59 10 12 0.5770969 
197 7 8 11 0.5673857 
81 66 12 14 0.5634147 
1005 101 9 12 0.55642235 
495 126 11 13 0.5478496 
249 106 9 12 0.5223046 
576 108 12 13 0.52219874 
348 46 10 12 0.52021104 
825 168 10 11 0.5120565 
228 134 11 14 0.50730526 
597 4 9 11 0.50716394 
264 35 10 12 0.5066207 
536 259 12 14 0.50459653 
284 6 11 11 0.48235306 
487 103 10 12 0.47657308 
637 108 10 12 0.47584426 
910 117 10 13 0.47535065 
518 39 9 11 0.4727582 
324 106 10 12 0.47195044 
557 28 9 12 0.4696667 
1002 172 9 11 0.4673785 
462 181 11 13 0.4655358 
105 8 9 12 0.4642158 
598 94 11 13 0.46379656 
652 77 9 11 0.45839286 
873 176 10 12 0.45742306 
253 159 10 12 0.45515165 
587 31 10 12 0.44915092 
869 204 9 12 0.44404614 
222 93 9 11 0.4344937 
878 215 10 13 0.42314908 
788 35 9 12 0.41957903 
868 286 11 17 0.4160417 
445 188 10 13 0.41199595 
233 92 8 11 0.41088197 
908 13 9 11 0.41029668 
509 3 8 11 0.4025689 
865 39 11 13 0.4023349 
757 175 9 12 0.39936253 
644 88 10 12 0.3985841 
392 56 9 12 0.39747196 
501 278 13 17 0.39611483 
598 86 10 12 0.39287043 
552 47 9 11 0.39271465 
335 279 12 14 0.38999626 
463 0 11 11 0.38907292 
422 67 10 12 0.3833767 
811 273 15 18 0.38072327 
941 226 12 14 0.37900692 
117 254 11 14 0.37681213 
974 8 9 12 0.37650937 
656 127 10 12 0.37486354 
236 23 9 11 0.3650964 
76 138 11 12 0.36021796 
328 38 10 12 0.3601843 
885 205 10 12 0.35779354 
65 180 10 11 0.35777724 
725 113 10 11 0.35393143 
227 77 10 11 0.35341558 
830 184 9 12 0.35296568 
533 83 10 11 0.35209212 
844 88 9 12 0.35136157 
574 190 11 16 0.35000086 
192 32 9 12 0.34987077 
300 104 10 11 0.34547496 
697 76 9 12 0.33691385 
15 246 12 14 0.33427775 
552 31 10 11 0.33141282 
433 109 9 13 0.32943708 
700 188 8 11 0.3294204 
640 46 10 12 0.3278746 
494 40 10 11 0.32757375 
930 14 9 11 0.32736692 
618 134 9 12 0.32589015 
464 292 17 19 0.32574898 
100 243 12 14 0.322346 
274 104 8 11 0.3219148 
581 104 10 12 0.31664807 
5 255 10 13 0.31408376 
968 223 10 12 0.31393284 
102 34 10 12 0.31163672 
840 233 11 14 0.3082029 
353 77 10 12 0.3042895 
765 144 9 11 0.30407563 
66 24 9 11 0.30234006 
28 14 10 13 0.30060613 
633 206 9 12 0.30039918 
808 36 9 10 0.29913324 
228 151 12 14 0.2983643 
702 212 9 11 0.29701754 
183 32 9 11 0.29639518 
829 91 9 11 0.28996623 
884 82 10 13 0.2895851 
992 4 9 12 0.28714827 
1012 237 9 13 0.28556794 
619 282 12 14 0.28050682 
40 93 11 12 0.2791306 
730 8 9 10 0.27688706 
125 32 10 12 0.2767203 
6 301 17 20 0.26967788 
83 31 10 13 0.26944393 
17 123 10 12 0.26914868 
500 117 10 13 0.2650073 
138 287 16 18 0.26130983 
647 112 10 12 0.26060632 
608 86 9 11 0.25394928 
458 183 10 12 0.253298 
887 21 10 12 0.24845546 
948 228 10 13 0.24760453 
912 72 10 12 0.24150746 
697 31 8 11 0.24143653 
115 108 11 12 0.24057998 
768 86 10 12 0.2401041 
522 64 9 12 0.23708262 
953 134 10 11 0.2365446 
257 73 10 11 0.2349105 
773 0 10 11 0.22905865 
753 264 10 12 0.22895412 
828 134 11 14 0.22755457 
724 32 10 12 0.22657616 
143 102 10 13 0.22506069 
183 65 9 10 0.22443104 
87 11 9 12 0.22262368 
-1 72 7 12 0.22243504 
759 64 9 11 0.2219673 
824 133 10 13 0.21767409 
937 224 11 13 0.2149391 
306 91 10 13 0.21415979 
436 94 10 11 0.21067815 
813 203 9 12 0.20989698 
507 276 14 17 0.20854284 
205 77 8 12 0.20393963 
285 285 15 18 0.20084688 
543 291 14 17 0.19906525 
735 359 10 12 0.19900186 
297 53 10 12 0.19899622 
80 20 10 12 0.19634749 
484 284 12 15 0.1957736 
865 62 10 12 0.19448195 
347 130 13 16 0.19009882 
898 272 17 18 0.1880226 
540 13 9 11 0.18601541 
453 274 15 19 0.1852236 
609 125 9 11 0.18334356 
949 24 9 11 0.18214618 
895 195 10 11 0.18015994 
258 118 9 13 0.17945783 
717 192 9 11 0.17893577 
734 251 10 14 0.17559594 
809 61 9 10 0.17522556 
316 28 9 11 0.1750936 
633 150 11 12 0.1740525 
786 135 10 12 0.1736082 
237 219 12 14 0.17349344 
212 120 8 11 0.16993766 
449 111 10 12 0.16949363 
673 29 9 11 0.16771166 
45 285 14 16 0.16552591 
784 159 9 11 0.16335091 
63 91 10 12 0.16324662 
440 189 10 13 0.16008893 
921 39 9 11 0.16003805 
393 13 10 11 0.1596037 
587 273 15 18 0.15861604 
582 131 9 12 0.15832092 
1 125 9 14 0.15734184 
623 99 9 12 0.15538937 
181 68 10 12 0.15522417 
611 119 9 12 0.1529123 
646 46 10 11 0.1514677 
925 273 12 15 0.15116377 
199 65 10 11 0.14914238 
1002 167 11 12 0.14749086 
617 100 9 12 0.14672984 
420 48 9 11 0.14552706 
480 134 9 11 0.1453854 
810 160 9 11 0.14477912 
602 181 9 11 0.14432684 
454 152 11 13 0.1440925 
542 29 9 11 0.14169472 
688 75 10 12 0.14001836 
161 91 9 11 0.13699077 
362 2 9 10 0.13625424 
328 15 9 10 0.1362062 
1017 125 7 11 0.13600522 
940 53 8 11 0.13584693 
795 273 12 16 0.13383736 
945 38 8 10 0.13321392 
809 46 10 12 0.13272038 
177 70 9 12 0.13260292 
797 242 11 13 0.13254681 
550 36 10 11 0.13096385 
224 3 9 11 0.12984684 
53 107 11 13 0.12900314 
899 108 10 12 0.12871917 
307 171 10 13 0.12824132 
452 100 10 13 0.1276057 
765 77 9 11 0.1261381 
544 45 9 11 0.12215193 
53 115 10 12 0.121992916 
480 14 9 11 0.121983394 
573 0 10 10 0.12181151 
421 78 11 12 0.12155953 
137 29 11 13 0.12033029 
829 237 12 13 0.11942631 
245 81 9 11 0.118016325 
293 61 10 12 0.117025435 
514 112 9 11 0.112640716 
760 80 9 11 0.11236594 
574 268 12 16 0.11216601 
312 273 14 18 0.11108022 
341 178 10 14 0.10893736 
28 314 13 16 0.10854356 
629 101 10 11 0.10849683 
241 291 12 15 0.107519396 
1001 101 9 12 0.10711098 
157 70 9 12 0.10687902 
695 184 9 11 0.10610051 
361 19 10 12 0.10523805 
813 54 9 11 0.10320263 
399 284 15 18 0.10307593 
22 309 13 19 0.101169005 
191 86 9 11 0.10116368 
295 70 10 11 0.10066754 
912 113 9 11 0.100545414 
628 95 10 13 0.09988184 
863 174 10 13 0.09939442 
289 213 9 14 0.09925327 
699 142 12 15 0.098861925 
504 1 10 11 0.09845229 
826 88 9 11 0.0969954 
535 266 11 14 0.095960006 
546 94 10 13 0.09551287 
480 214 12 14 0.095302224 
156 76 10 11 0.095141545 
172 121 11 14 0.09345719 
398 138 11 15 0.09260147 
783 15 9 12 0.09088453 
228 118 9 11 0.090108365 
298 47 10 12 0.08999544 
29 150 10 12 0.08919363 
709 77 9 11 0.08893942 
163 32 10 12 0.08804303 
722 35 9 12 0.08791527 
1015 181 8 12 0.08768451 
719 195 9 13 0.0876258 
327 63 9 12 0.08761159 
780 274 13 15 0.087553345 
22 86 11 14 0.086713046 
878 307 17 19 0.08642917 
27 36 10 12 0.08460485 
200 291 12 14 0.08406737 
262 287 11 13 0.08396297 
358 131 13 17 0.08380899 
388 222 12 15 0.083598204 
831 79 9 10 0.083570756 
757 247 9 12 0.08307128 
822 238 11 13 0.08224596 
519 13 9 11 0.08147901 
352 70 10 12 0.08127562 
353 100 11 13 0.08119067 
983 166 9 12 0.081076324 
438 45 9 11 0.080777794 
836 27 9 13 0.08062035 
356 96 10 11 0.08028184 
152 124 9 12 0.07936422 
117 246 12 15 0.079324156 
518 279 13 18 0.07914278 
496 277 12 16 0.079031445 
790 270 13 16 0.07831608 
811 164 10 11 0.07819257 
255 235 11 14 0.07743018 
837 270 13 16 0.077164866 
575 61 10 12 0.07657453 
352 64 10 11 0.07656181 
6 246 10 13 0.07654386 
398 146 11 15 0.07427273 
0 214 7 13 0.07414566 
373 164 10 12 0.07288848 
674 0 9 8 0.070958264 
781 77 9 12 0.070870504 
543 8 8 10 0.07072527 
429 281 13 18 0.06993873 
886 199 10 12 0.06986864 
24 79 10 12 0.06973053 
63 30 11 12 0.06965043 
680 12 9 11 0.06940676 
165 91 9 12 0.06924359 
319 177 11 13 0.06855305 
943 64 9 11 0.06845328 
1017 102 7 11 0.06772434 
47 149 10 12 0.0675028 
459 283 17 21 0.06731258 
317 279 12 16 0.06715077 
950 158 9 12 0.06660718 
485 277 13 15 0.06650495 
656 112 10 11 0.06643492 
533 180 9 10 0.066356294 
951 28 8 10 0.066242985 
237 47 9 11 0.06564001 
761 291 10 13 0.065609224 
97 144 10 12 0.065575786 
803 326 24 28 0.06429332 
280 284 13 17 0.064099304 
921 117 10 13 0.06380847 
627 227 10 14 0.06346839 
386 282 14 19 0.0629739 
754 179 10 12 0.062958635 
742 277 12 15 0.06276994 
263 159 9 11 0.06268406 
692 238 9 13 0.062492594 
189 292 13 16 0.062275313 
953 143 9 12 0.062024813 
927 243 11 15 0.061732735 
647 32 9 10 0.061478987 
537 29 9 11 0.061430417 
485 37 10 12 0.061374217 
580 267 14 17 0.061245844 
970 11 8 11 0.061103985 
700 36 9 12 0.060443588 
968 104 9 11 0.060197037 
144 65 9 11 0.059973378 
789 191 11 14 0.059770774 
16 54 10 12 0.05973846 
168 113 9 12 0.059554398 
88 187 10 14 0.059462402 
609 110 8 11 0.0594271 
327 345 14 19 0.059409384 
188 13 11 13 0.059397966 
648 37 9 11 0.059242506 
502 40 9 11 0.059092585 
782 60 8 10 0.058476657 
528 53 8 11 0.05825076 
721 116 10 13 0.058234494 
953 149 10 11 0.057855092 
686 8 9 11 0.057579514 
488 15 8 10 0.057104703 
384 230 13 15 0.05699877 
847 256 9 12 0.05686226 
585 35 10 13 0.05605201 
948 173 11 13 0.055567443 
645 15 8 11 0.055392385 
494 15 9 11 0.055262122 
718 101 8 10 0.05513822 
816 84 9 11 0.055097684 
245 275 10 12 0.05486126 
927 19 9 12 0.05426528 
169 47 10 12 0.054091766 
878 334 17 21 0.05375562 
301 72 8 12 0.05356216 
38 182 10 13 0.05347242 
937 94 9 12 0.053460553 
741 173 10 12 0.053086694 
765 165 9 11 0.052817892 
27 27 11 15 0.052469637 
7 132 10 13 0.052428406 
783 189 11 14 0.05226047 
719 93 9 12 0.052226655 
110 31 8 11 0.052101158 
732 276 13 16 0.051734637 
745 223 9 11 0.051535886 
41 165 10 12 0.050990015 
433 102 10 13 0.05026354 
485 219 13 14 0.050167546 
901 192 13 14 0.050084293 
566 256 13 17 0.050032765 
298 77 9 11 0.04978113 
289 162 10 13 0.049748067 
939 253 15 19 0.049690247 
560 95 10 13 0.049620025 
639 126 9 12 0.04947729 
352 117 12 14 0.049337767 
15 0 8 8 0.04813321 
948 102 10 12 0.04808052 
1014 243 9 14 0.04802137 
940 92 12 12 0.047820006 
373 184 9 12 0.047490768 
633 276 11 14 0.047246322 
710 246 10 15 0.046804894 
976 168 10 12 0.046623413 
468 85 10 12 0.04658614 
827 171 10 13 0.04624073 
789 108 10 12 0.046232257 
765 172 9 12 0.045853622 
95 37 10 13 0.045815155 
0 286 8 16 0.045320503 
775 60 10 11 0.045253094 
849 130 9 13 0.045200687 
562 251 12 14 0.044883817 
374 171 11 13 0.044719882 
827 207 10 14 0.044571776 
534 22 9 11 0.04428196 
344 51 10 12 0.044215992 
903 283 15 16 0.04406764 
541 132 9 12 0.04393369 
623 1 12 12 0.04381727 
337 181 10 13 0.043746397 
759 165 9 12 0.043027315 
1015 23 7 10 0.043009747 
342 226 10 14 0.04300513 
951 126 10 12 0.042919185 
28 7 10 12 0.042913523 
417 104 11 15 0.042748027 
737 22 9 11 0.04257645 
312 23 10 12 0.042534016 
438 101 11 13 0.042353783 
817 237 11 13 0.042348426 
742 207 9 11 0.04203184 
89 43 10 13 0.04186419 
131 5 12 13 0.041745275 
429 63 10 13 0.041468184 
590 76 9 12 0.04133786 
535 291 12 15 0.041261137 
91 11 11 13 0.041187428 
695 147 12 14 0.04112569 
687 149 10 12 0.040515635 
1008 180 10 13 0.040469993 
240 85 9 11 0.04041593 
327 138 12 14 0.040388186 
573 56 11 12 0.040387284 
164 18 11 13 0.040300068 
489 236 15 18 0.040050663 
286 1 11 11 0.03990135 
739 76 10 12 0.039826754 
764 72 9 11 0.039777305 
62 216 12 15 0.039762985 
576 115 10 12 0.03945161 
937 108 9 12 0.03937943 
823 79 9 11 0.039012134 
45 70 10 13 0.03898157 
734 12 8 11 0.03883289 
491 269 12 15 0.03882384 
432 206 8 12 0.03868243 
232 220 12 15 0.038671263 
864 68 9 12 0.038433157 
2 258 9 13 0.038292486 
710 99 10 12 0.03801858 
384 92 9 12 0.037919816 
87 339 14 16 0.03787435 
765 159 9 11 0.037542596 
144 96 10 13 0.03751685 
648 52 10 11 0.03751323 
568 265 12 16 0.03729469 
872 223 10 14 0.037076164 
529 181 9 10 0.036439512 
776 229 9 12 0.036318224 
541 24 9 11 0.036065403 
743 213 10 12 0.03594339 
590 109 10 12 0.035845757 
677 78 9 11 0.03569581 
62 13 10 12 0.035166096 
825 182 10 12 0.035124525 
98 31 9 11 0.0349452 
2 246 9 13 0.03487958 
50 8 10 12 0.034874562 
852 125 10 13 0.034769353 
558 85 10 12 0.034764726 
736 259 9 11 0.034759536 
463 71 10 11 0.03451232 
1003 96 10 11 0.034505744 
485 0 9 8 0.034401335 
915 75 10 13 0.034327284 
560 108 10 12 0.034249127 
612 240 11 14 0.034175877 
744 229 9 11 0.034092244 
959 157 9 11 0.033931226 
422 236 9 12 0.033877086 
330 0 9 10 0.03368984 
204 70 10 13 0.033587556 
660 126 11 12 0.033398792 
343 62 9 11 0.033349887 
170 101 11 13 0.03328462 
14 99 11 14 0.033151843 
690 29 8 10 0.03306312 
542 61 9 11 0.032970272 
1007 106 9 12 0.032957807 
708 289 13 16 0.032679953 
55 179 10 13 0.032675244 
872 212 11 13 0.03253855 
680 71 8 11 0.032385815 
215 4 8 10 0.032307845 
614 7 9 12 0.03228822 
612 12 10 12 0.03224062 
407 251 10 14 0.03195266 
285 235 11 14 0.031894088 
62 5 10 13 0.0318688 
812 32 9 12 0.03150341 
543 100 12 15 0.031462785 
606 132 9 12 0.031451892 
334 60 9 12 0.031431656 
572 215 10 14 0.031425934 
538 8 8 10 0.031410854 
1014 69 8 12 0.031336818 
778 304 14 17 0.031257488 
734 130 11 15 0.031189617 
24 69 10 13 0.031081175 
59 42 12 16 0.031071097 
876 320 16 18 0.031067168 
793 150 8 11 0.031055005 
1001 14 8 10 0.030823318 
63 115 10 12 0.030798385 
253 14 8 12 0.030525457 
127 100 10 12 0.030488055 
642 20 9 12 0.03043678 
255 306 11 16 0.030297522 
121 37 10 11 0.03028321 
757 91 11 13 0.03021516 
186 272 14 20 0.030177925 
208 62 8 11 0.029947016 
111 104 12 14 0.029817188 
24 102 11 13 0.029645877 
361 246 10 13 0.029581863 
817 270 14 17 0.029453771 
747 282 11 14 0.029425489 
628 271 11 13 0.029363776 
704 134 10 12 0.02934955 
2 108 10 12 0.02917692 
922 212 11 14 0.029152047 
742 198 8 11 0.029097358 
214 68 9 12 0.02904211 
190 79 8 11 0.02894152 
96 0 10 9 0.028862055 
503 16 9 11 0.028460586 
408 181 11 12 0.028446944 
815 151 9 11 0.028442396 
608 7 9 11 0.02836715 
578 133 9 12 0.028124679 
610 148 11 13 0.02805555 
760 21 9 12 0.028018024 
666 237 11 13 0.028009208 
924 44 9 11 0.027667526 
134 70 10 12 0.02752332 
31 190 11 14 0.027439917 
638 117 10 12 0.027367238 
670 126 10 12 0.027351158 
355 293 14 17 0.027264128 
61 109 10 13 0.027257966 
694 25 9 10 0.02719691 
583 75 10 13 0.027131723 
605 92 10 12 0.027124237 
545 38 9 11 0.026924893 
685 281 12 16 0.026884114 
631 87 9 11 0.026780527 
654 116 10 12 0.026742063 
544 54 9 11 0.026708309 
591 46 10 12 0.026691636 
195 36 10 12 0.026626121 
721 4 8 11 0.02659349 
458 85 11 13 0.026570862 
819 111 11 12 0.026469843 
593 87 9 11 0.02644733 
382 41 11 13 0.026428144 
265 20 9 11 0.026383774 
543 1 8 9 0.026188415 
109 37 9 11 0.026152223 
220 219 12 14 0.026011154 
551 5 8 11 0.025901835 
979 124 10 11 0.025871517 
704 47 9 12 0.025866574 
566 130 10 12 0.025853347 
725 237 9 12 0.025807003 
349 83 11 13 0.025799613 
943 158 11 13 0.025797492 
959 0 10 9 0.025771447 
777 76 9 12 0.025723485 
228 0 11 11 0.025636582 
306 282 15 20 0.025619484 
395 235 10 13 0.025552247 
952 15 8 10 0.025492614 
247 118 9 11 0.025283523 
695 113 11 13 0.025225839 
39 159 10 12 0.025210485 
347 121 21 27 0.025210097 
525 292 13 17 0.025205119 
670 12 11 12 0.025103576 
366 84 10 13 0.025014836 
293 0 10 9 0.024850957 
187 282 15 19 0.024783311 
607 103 9 11 0.024711717 
125 42 17 22 0.024703478 
471 36 11 13 0.024636004 
1016 4 7 10 0.024634859 
384 216 12 13 0.02453661 
731 318 11 14 0.024531774 
105 135 10 12 0.02429431 
49 111 9 11 0.02425124 
153 61 10 12 0.024245998 
565 108 10 12 0.02421918 
248 31 9 12 0.024086867 
438 61 10 12 0.02406759 
918 217 12 15 0.02391748 
959 24 8 10 0.023855926 
222 86 10 13 0.023846168 
119 116 10 11 0.02379286 
19 249 11 16 0.023788337 
638 252 10 14 0.02371686 
834 38 10 13 0.023681289 
520 55 10 11 0.023665838 
208 55 9 10 0.023656497 
636 281 12 15 0.023529066 
883 210 12 14 0.023472885 
60 150 11 14 0.02345159 
382 278 14 18 0.023420721 
493 261 12 15 0.023418363 
702 83 11 12 0.023272779 
325 353 15 19 0.023255503 
962 220 10 14 0.023242781 
333 252 12 15 0.023190724 
983 232 13 17 0.023139035 
48 101 10 13 0.023126282 
742 52 8 11 0.02311072 
912 93 10 12 0.023108942 
20 53 11 13 0.022951901 
367 251 13 15 0.022918781 
6 294 13 18 0.022806827 
175 76 9 10 0.02278098 
575 67 11 13 0.022739902 
126 111 10 12 0.022705954 
1016 96 8 12 0.022704512 
635 155 11 14 0.022602767 
645 197 9 10 0.022593766 
337 90 12 14 0.022528555 
99 93 10 13 0.022506833 
80 7 10 12 0.022376673 
457 77 9 12 0.022375695 
32 94 10 12 0.0222874 
356 62 10 12 0.022273684 
45 139 10 15 0.022263132 
488 228 13 14 0.02224624 
673 47 9 11 0.02219649 
585 6 10 11 0.022181053 
593 1 9 11 0.022159157 
936 183 10 12 0.02213951 
650 73 9 11 0.022128874 
788 21 10 11 0.022094427 
23 63 10 12 0.022084149 
262 125 10 13 0.02204267 
896 215 10 13 0.02202916 
254 30 9 12 0.021981804 
137 102 9 12 0.021960754 
335 45 9 11 0.021931173 
711 119 10 13 0.021912355 
761 160 8 11 0.021863455 
598 80 9 11 0.02185383 
687 104 9 11 0.021824881 
911 18 10 13 0.02177561 
708 205 9 11 0.021673812 
703 220 9 12 0.02163757 
198 0 9 10 0.0216335 
768 270 10 13 0.021614898 
760 9 9 11 0.021572018 
296 16 9 11 0.021427289 
244 221 11 13 0.021398393 
72 150 10 12 0.021325624 
724 231 9 12 0.02130392 
982 120 9 12 0.021197796 
791 179 11 13 0.02117649 
919 110 9 12 0.021076476 
703 284 14 17 0.021059904 
512 43 10 11 0.02098636 
636 140 9 12 0.020938253 
726 216 9 11 0.020923613 
744 251 10 13 0.020847721 
562 143 10 11 0.020824412 
153 85 9 12 0.020819621 
386 179 11 12 0.020794118 
181 291 15 18 0.020735996 
784 164 10 13 0.020573009 
713 229 11 13 0.02055631 
490 302 15 17 0.020554958 
9 0 9 8 0.020548621 
1001 200 11 13 0.02049347 
332 286 14 19 0.020445509 
388 46 10 12 0.020414807 
23 148 10 13 0.020406544 
225 127 10 12 0.020388387 
713 198 9 11 0.020334214 
925 220 11 14 0.020333331 
123 252 12 14 0.020332176 
55 21 10 12 0.020175207 
479 19 10 11 0.02017155 
629 282 12 14 0.020124886 
