15_Stock_Market_Stock_Market_15_286
28
695 130 777 241 0.998423
627 212 682 286 0.9708382
485 239 516 278 0.23318186
385 267 418 308 0.11517005
968 166 1028 259 0.083628304
344 221 383 269 0.08290007
914 177 959 242 0.07542198
571 188 613 244 0.07216187
355 345 392 392 0.06440136
507 225 542 268 0.06235017
643 148 682 199 0.04305545
459 176 489 213 0.038214713
248 153 319 243 0.03784286
833 167 900 249 0.03399903
126 371 158 410 0.03172841
503 100 566 176 0.03159836
219 219 264 277 0.031036494
641 66 680 122 0.03103128
556 0 601 40 0.029357186
550 471 620 563 0.026689988
569 254 602 294 0.025391882
766 160 831 257 0.024466716
529 243 564 282 0.024392227
915 232 963 298 0.022945758
478 194 516 241 0.022028262
518 410 544 442 0.02171838
458 84 493 129 0.021166641
468 226 535 304 0.020720426
