15_Stock_Market_Stock_Market_15_102
18
287 425 345 514 0.18782394
131 477 181 536 0.10938416
75 423 121 482 0.09030384
305 350 334 388 0.07599515
9 336 60 402 0.0743133
0 444 45 518 0.065968186
58 463 110 528 0.04606153
319 302 347 341 0.044642977
154 396 201 458 0.043009147
81 345 135 413 0.041963525
992 59 1018 98 0.040239748
34 181 80 237 0.03269127
297 370 336 426 0.028941298
46 121 93 176 0.027087092
23 294 65 348 0.022470439
353 328 392 377 0.02052644
222 368 266 422 0.0203882
-1 87 26 141 0.020279206
