15_Stock_Market_Stock_Market_15_313
23
958 165 1000 225 0.48610666
286 114 322 159 0.41145384
18 357 120 488 0.30939075
197 174 258 252 0.17279457
888 470 930 523 0.15112577
319 201 385 280 0.074753195
800 353 846 410 0.07131501
258 102 288 142 0.066997886
296 300 349 367 0.047588628
607 504 770 670 0.047407348
251 136 296 196 0.04556471
816 304 849 345 0.040081237
142 227 179 274 0.03594052
862 301 906 354 0.035016082
337 95 366 135 0.029055
886 337 927 388 0.027699707
381 95 410 134 0.026076388
976 425 1018 490 0.025720922
914 323 950 370 0.025253937
24 189 62 236 0.024893183
946 296 983 345 0.02318181
848 473 892 528 0.021150121
295 161 339 226 0.0205316
