20_Family_Group_Family_Group_20_799
29
536 172 103 142 0.99970204 
521 512 101 135 0.99936265 
902 488 85 103 0.9972277 
112 620 79 103 0.9903474 
392 359 25 35 0.98961395 
844 362 16 19 0.9726 
60 313 11 15 0.7033674 
352 348 9 12 0.6817012 
432 349 10 14 0.6237686 
255 343 7 10 0.5189732 
303 344 8 10 0.41340253 
238 335 8 10 0.27957764 
197 345 9 12 0.17404445 
137 338 16 23 0.07801756 
189 333 8 10 0.07668772 
91 167 16 22 0.061658192 
134 333 13 18 0.06046276 
160 1134 48 55 0.058217574 
98 169 16 21 0.045227554 
165 345 15 24 0.034446467 
60 336 11 16 0.03166334 
137 328 11 14 0.030226033 
365 216 10 12 0.02535171 
127 314 10 13 0.025284333 
54 334 12 16 0.024483083 
299 342 8 12 0.023670333 
354 344 12 14 0.023168946 
776 341 16 19 0.021246906 
165 1124 41 38 0.020698238 
