20_Family_Group_Family_Group_20_64
31
488 167 51 64 0.9997451 
652 122 53 64 0.9996909 
171 305 54 64 0.9995883 
4 374 64 69 0.9995096 
463 319 62 87 0.9994844 
884 311 54 62 0.9994543 
614 389 73 98 0.9994479 
307 321 66 85 0.9994197 
175 433 56 66 0.9993068 
758 487 76 84 0.99906486 
49 135 52 61 0.9990447 
317 162 47 54 0.99897695 
753 279 53 64 0.9986166 
720 328 56 72 0.998604 
340 281 51 60 0.9983615 
277 27 39 49 0.99786913 
151 231 46 47 0.99711096 
609 320 49 57 0.99638844 
797 58 44 50 0.99479705 
251 183 38 42 0.99415946 
541 169 40 52 0.98722434 
981 205 24 43 0.9671998 
853 481 50 49 0.9560539 
1003 218 21 32 0.23932411 
662 256 24 30 0.080312125 
839 490 41 43 0.050997064 
223 280 37 50 0.0477517 
140 561 33 27 0.04281301 
83 139 31 48 0.036294363 
893 621 9 11 0.022687856 
407 268 10 10 0.02249073 
