20_Family_Group_Family_Group_20_339
21
524 194 30 38 0.9984633 
448 170 33 41 0.9984302 
363 127 38 49 0.99834883 
697 164 35 42 0.9979438 
619 182 30 39 0.99762446 
31 93 43 50 0.99710375 
766 145 40 51 0.9965486 
240 132 40 53 0.99639314 
146 159 38 46 0.9955967 
854 104 44 48 0.99514645 
666 213 24 28 0.9601031 
832 175 23 31 0.80702424 
828 147 23 26 0.5886882 
361 326 26 32 0.17854208 
583 202 12 15 0.051312935 
412 326 14 19 0.04842902 
430 279 13 18 0.033325262 
118 155 13 19 0.031935938 
963 62 26 36 0.027687874 
570 223 16 21 0.027362 
99 177 14 21 0.02114578 
