20_Family_Group_Family_Group_20_759
19
102 252 51 63 0.9994357 
573 297 46 58 0.99933726 
758 229 52 62 0.9993105 
657 118 44 58 0.99831676 
360 68 44 57 0.99751234 
100 106 44 54 0.99684525 
307 287 52 69 0.99674654 
797 100 46 57 0.9960806 
446 309 41 50 0.9941229 
221 158 40 50 0.9928387 
600 380 41 50 0.98414445 
502 81 40 54 0.98336476 
442 410 16 20 0.580458 
527 294 25 32 0.33584142 
606 434 11 13 0.12180557 
277 622 33 55 0.115562506 
555 327 22 33 0.07053168 
288 659 31 42 0.04299664 
736 449 22 21 0.024904175 
