20_Family_Group_Family_Group_20_672
78
436 154 34 44 0.9986203 
361 222 33 39 0.9984175 
508 204 35 43 0.9981565 
192 223 36 45 0.99814785 
309 253 35 44 0.99803895 
641 240 35 43 0.9979767 
748 228 35 44 0.9978308 
662 142 33 40 0.9977531 
168 491 37 45 0.997724 
108 488 38 48 0.99746823 
275 291 38 48 0.99738437 
310 866 28 37 0.9973732 
304 143 34 44 0.9973483 
456 828 26 37 0.99728036 
869 311 41 51 0.99697745 
359 275 39 48 0.99697673 
679 867 26 34 0.99697423 
689 274 40 49 0.99681014 
809 900 25 34 0.99655104 
214 304 40 51 0.9965301 
740 889 26 35 0.99634176 
827 843 25 34 0.9962884 
424 269 39 45 0.99626046 
854 845 27 36 0.9962287 
714 182 30 44 0.99618965 
263 871 26 37 0.9960437 
401 230 31 38 0.99603623 
802 283 37 49 0.9959351 
349 1024 29 34 0.99575377 
608 211 33 45 0.99566996 
561 268 40 52 0.9956636 
109 948 25 32 0.9955454 
568 876 29 36 0.9952082 
450 1025 28 38 0.9951852 
679 183 27 32 0.99496895 
393 877 27 30 0.99486405 
237 494 39 44 0.9943718 
608 846 25 33 0.99433917 
755 344 40 51 0.9943052 
474 268 40 49 0.9938008 
305 822 27 34 0.9937308 
205 862 27 34 0.9935137 
496 837 27 36 0.9933095 
427 837 27 37 0.9932352 
132 873 24 29 0.9932035 
573 489 40 49 0.99295855 
282 216 31 37 0.99292517 
104 266 40 55 0.99289554 
355 848 26 34 0.9925069 
143 273 34 46 0.9924495 
539 210 28 41 0.9918075 
587 339 37 48 0.99116534 
645 1033 29 38 0.9903957 
90 861 27 33 0.989748 
739 1045 27 33 0.98781615 
553 828 27 31 0.9871789 
370 346 41 47 0.9864464 
683 240 35 43 0.986374 
254 1022 25 33 0.9743886 
819 1043 26 30 0.9658731 
508 943 22 28 0.91063267 
770 883 21 33 0.9034131 
233 866 21 28 0.89851326 
785 872 23 34 0.7078852 
735 845 25 34 0.707516 
649 851 26 34 0.6358435 
515 1033 27 30 0.6346742 
504 1023 26 32 0.43509185 
162 1033 27 32 0.4180204 
818 1024 28 30 0.22193524 
160 1114 23 25 0.17994466 
168 1056 17 20 0.14946409 
502 924 26 31 0.13297711 
505 921 18 21 0.117051 
522 823 17 20 0.07020503 
399 288 24 31 0.03245596 
298 882 16 21 0.024068953 
530 825 16 23 0.020772515 
