20_Family_Group_Family_Group_20_636
62
621 108 16 19 0.9756138 
732 108 15 18 0.9606069 
886 96 18 22 0.9602187 
947 65 19 23 0.9201835 
346 101 14 18 0.9192172 
302 90 13 19 0.91501874 
391 109 14 17 0.91044176 
836 79 15 24 0.862615 
268 112 18 24 0.85758936 
775 125 14 23 0.8436218 
432 116 13 19 0.8256415 
464 104 13 17 0.7829528 
346 148 25 33 0.7350706 
510 107 13 16 0.73500776 
715 86 14 17 0.6905921 
663 117 15 19 0.6734481 
197 124 15 19 0.6134323 
805 80 13 19 0.60969245 
192 128 16 22 0.5956037 
236 119 15 18 0.55181605 
565 168 12 21 0.44028673 
555 98 12 15 0.3926808 
497 115 14 18 0.24755064 
209 162 16 22 0.15936829 
258 100 14 16 0.15218708 
126 171 20 26 0.14017464 
650 164 13 22 0.13092469 
477 120 13 19 0.1171257 
260 106 16 20 0.11526493 
203 127 14 20 0.09346519 
925 106 14 23 0.09106122 
859 120 14 23 0.086432174 
909 130 13 22 0.081259094 
852 127 16 24 0.070598006 
192 99 11 15 0.070333205 
115 184 15 22 0.066235565 
441 95 9 12 0.057700623 
199 78 11 12 0.057382 
172 122 15 22 0.045178633 
145 64 11 12 0.044817783 
170 72 9 11 0.040823814 
110 191 14 19 0.038597766 
124 136 13 18 0.035798028 
118 177 16 22 0.033463296 
580 154 17 20 0.033046894 
189 107 11 14 0.0325537 
160 101 9 12 0.03169254 
502 108 13 19 0.03110683 
176 163 20 24 0.031069212 
181 123 20 26 0.029402616 
164 95 9 12 0.028914 
206 55 9 9 0.028293483 
726 185 13 20 0.025428701 
151 155 14 19 0.025361666 
154 160 16 21 0.023597164 
552 84 9 11 0.022379298 
520 133 12 16 0.022025429 
918 110 16 24 0.021444894 
505 86 10 13 0.021244723 
891 139 13 19 0.020183116 
1003 139 13 17 0.020109957 
425 116 12 17 0.020088578 
