20_Family_Group_Family_Group_20_294
26
842 254 32 39 0.9991529 
700 196 30 37 0.9988733 
583 228 29 34 0.99872476 
534 178 33 35 0.9986456 
484 205 33 44 0.9984444 
743 246 31 43 0.9983993 
562 276 32 37 0.9983766 
465 303 29 36 0.9982887 
654 217 29 37 0.9982121 
551 361 28 34 0.9982028 
652 361 30 36 0.99814856 
174 183 33 38 0.99812263 
678 259 32 38 0.9980513 
213 233 38 45 0.9978662 
279 218 35 44 0.99761873 
239 335 29 36 0.9974241 
790 189 34 44 0.99724674 
396 184 31 38 0.9971836 
776 270 33 42 0.9967765 
352 229 35 48 0.99671715 
383 225 30 41 0.9963211 
386 313 31 35 0.9954621 
137 387 37 49 0.9948421 
118 267 28 29 0.9847062 
760 258 34 45 0.14457351 
973 243 8 11 0.07823855 
