20_Family_Group_Family_Group_20_411
21
323 406 55 65 0.99986744 
675 77 66 78 0.9997794 
481 391 57 66 0.99969494 
761 400 53 64 0.999648 
220 396 52 65 0.99960715 
527 90 63 77 0.9996013 
599 387 56 63 0.9994848 
364 66 57 77 0.99947685 
695 794 32 26 0.099874824 
299 431 25 33 0.086025245 
502 812 10 11 0.044980757 
608 792 9 12 0.03230846 
11 696 10 11 0.031979546 
597 807 10 12 0.030989831 
606 805 12 13 0.030097913 
806 801 32 22 0.026618375 
12 811 15 13 0.026296452 
62 804 11 13 0.024769511 
177 809 17 14 0.024455309 
606 812 11 12 0.022820568 
612 805 12 14 0.020838978 
