20_Family_Group_Family_Group_20_62
24
628 171 34 45 0.99929595 
537 167 33 46 0.9990127 
761 186 37 45 0.99894494 
630 387 30 35 0.9988102 
241 126 33 44 0.9987571 
442 245 38 45 0.9986027 
365 207 29 33 0.9983864 
716 140 35 45 0.998331 
308 175 36 45 0.9982987 
839 153 31 42 0.998125 
336 131 33 43 0.9981048 
865 204 39 50 0.99808156 
645 307 32 39 0.9980471 
447 165 35 48 0.9980205 
560 308 34 43 0.99762017 
415 138 34 46 0.99730444 
107 106 39 47 0.99713755 
623 127 32 41 0.9970084 
240 218 39 48 0.9968991 
515 133 31 42 0.99671185 
188 164 42 50 0.9951239 
724 237 27 32 0.99188304 
968 108 10 12 0.21151276 
972 104 10 13 0.07006468 
