20_Family_Group_Family_Group_20_540
42
129 232 37 46 0.99836856 
706 203 33 43 0.99836224 
813 225 32 42 0.99808574 
572 237 30 37 0.99798906 
654 214 32 41 0.99790025 
460 508 34 40 0.99786925 
49 276 35 45 0.99784255 
395 237 28 38 0.9976804 
755 252 30 38 0.99762255 
498 220 34 44 0.99740076 
893 228 34 45 0.9973181 
139 551 40 45 0.996815 
458 249 28 38 0.9966365 
-1 539 35 48 0.99610525 
577 487 30 40 0.9957553 
253 232 33 47 0.995729 
276 525 43 53 0.99548703 
778 211 32 41 0.9938333 
189 248 35 46 0.9917624 
573 346 29 36 0.99065804 
383 329 29 37 0.99056923 
555 316 26 30 0.9898121 
317 270 29 38 0.98975676 
745 551 31 35 0.98960215 
971 238 35 47 0.9867914 
330 241 30 37 0.9819848 
28 229 37 45 0.9679672 
334 550 37 40 0.9030946 
646 570 28 27 0.7019289 
889 213 32 40 0.35522047 
452 243 26 33 0.20734404 
754 539 23 26 0.13789777 
478 396 26 31 0.06801523 
218 243 28 36 0.048775498 
323 252 31 36 0.047923606 
975 219 33 41 0.046290405 
358 266 23 29 0.043447737 
1001 236 22 36 0.03764024 
988 234 27 42 0.036701914 
664 567 17 23 0.028338851 
446 254 16 25 0.027967475 
675 217 25 34 0.026134213 
