20_Family_Group_Family_Group_20_33
23
85 331 37 43 0.9987577 
360 332 29 37 0.9987435 
455 398 32 41 0.99856466 
352 446 35 43 0.9985643 
593 411 36 43 0.9982547 
218 337 32 39 0.99818075 
698 402 34 42 0.99817574 
262 401 33 41 0.9979836 
470 319 28 37 0.9979596 
897 335 36 41 0.9979361 
121 298 35 45 0.99758935 
828 344 34 40 0.99749184 
636 338 25 34 0.9974899 
552 376 37 47 0.9974304 
166 299 31 37 0.9973469 
744 387 28 38 0.9971528 
436 306 27 34 0.9969722 
326 288 28 35 0.99683195 
769 344 30 33 0.9967817 
252 306 32 42 0.9953225 
792 407 38 46 0.99518687 
549 341 26 31 0.99516296 
663 309 27 34 0.99473083 
