20_Family_Group_Family_Group_20_556
25
120 311 48 61 0.9997278 
431 254 45 62 0.999403 
127 239 50 64 0.99915457 
504 278 38 50 0.99884796 
269 326 46 55 0.99884284 
414 359 47 53 0.99867815 
623 271 42 51 0.99835664 
671 252 37 51 0.99786204 
350 316 34 38 0.99756396 
179 233 42 54 0.99727255 
778 266 33 37 0.9972103 
240 294 35 45 0.9971819 
729 356 42 51 0.99714416 
604 434 42 48 0.9970331 
207 490 47 53 0.9958704 
932 237 42 51 0.9951917 
742 232 41 52 0.99515474 
357 262 42 50 0.99459004 
701 497 41 48 0.9928121 
247 560 42 49 0.9916102 
760 250 41 50 0.07803952 
779 356 41 48 0.06391346 
682 499 26 39 0.053982444 
20 402 38 46 0.03991536 
255 305 43 50 0.03400428 
