47_Matador_Bullfighter_matadorbullfighting_47_645
20
525 138 577 207 0.98606455
394 126 440 184 0.980041
594 118 641 178 0.9533619
673 124 717 180 0.81522703
378 242 442 318 0.15547492
547 315 615 407 0.11029181
487 184 532 239 0.08042758
303 83 366 164 0.046270613
466 406 561 508 0.036094382
727 273 777 340 0.028711732
581 24 618 71 0.0267442
101 267 135 313 0.02602217
704 338 742 389 0.025871417
205 272 244 322 0.02585109
415 267 485 363 0.025470892
632 181 678 242 0.024213007
829 213 872 273 0.023730246
299 271 342 323 0.021765498
610 94 725 229 0.020898782
344 367 384 422 0.020732146
