47_Matador_Bullfighter_Matador_Bullfighter_47_715
19
421 453 499 548 0.7211731
650 427 707 500 0.2983644
484 438 548 536 0.23281069
176 641 220 699 0.1211418
723 481 823 597 0.08653679
643 510 692 577 0.052233815
380 395 451 491 0.040268846
62 606 114 672 0.03952138
440 385 505 465 0.03838014
330 428 393 516 0.035233103
338 647 381 701 0.0330729
928 513 989 585 0.029585144
297 719 347 778 0.027808432
214 612 264 676 0.026126897
724 604 785 682 0.02472174
874 511 929 576 0.024703465
131 412 180 474 0.023131385
895 530 1011 678 0.020469679
608 466 674 551 0.020171205
