47_Matador_Bullfighter_matadorbullfighting_47_300
38
447 21 541 138 0.3662565
836 79 872 124 0.3359457
887 430 919 469 0.30660713
930 348 965 393 0.2936717
580 372 674 493 0.24627696
824 332 852 367 0.22779407
915 430 948 469 0.15068626
40 243 74 286 0.11114554
259 140 323 221 0.095790125
8 148 38 191 0.092436776
996 302 1025 349 0.08834521
58 352 90 392 0.0878344
482 266 525 321 0.086212486
915 15 955 66 0.076049335
482 108 596 259 0.072971426
829 351 868 399 0.07182391
11 198 42 241 0.07170405
838 3 875 40 0.069703005
225 534 258 574 0.06820563
862 69 903 120 0.05500587
77 473 112 512 0.05278142
241 -1 281 37 0.048666142
942 70 973 108 0.047685426
17 377 50 415 0.04264902
966 63 996 101 0.041615095
789 1 827 40 0.039999254
961 372 991 411 0.038925428
989 262 1021 312 0.031922337
15 472 50 512 0.029480375
151 125 183 166 0.028455058
190 114 268 220 0.026953276
996 425 1025 468 0.026402207
865 358 893 395 0.025297746
752 302 888 462 0.024187664
834 36 875 84 0.023472764
186 0 241 47 0.022842059
121 140 196 240 0.022330634
167 90 205 138 0.021907182
