47_Matador_Bullfighter_matadorbullfighting_47_511
60
70 555 96 588 0.06679662
509 348 545 390 0.066194475
920 74 939 99 0.06399398
48 473 81 515 0.058334786
954 487 976 514 0.053023875
950 99 971 128 0.04883965
765 505 789 535 0.04642372
530 323 563 360 0.042764924
840 515 865 545 0.042420417
103 499 133 536 0.04199374
875 102 895 127 0.040222734
452 369 492 410 0.039910838
563 305 594 346 0.039515164
110 404 134 436 0.039257005
336 52 358 78 0.03839327
284 49 306 77 0.03812728
943 578 970 612 0.037431426
224 508 249 542 0.03620116
103 558 126 587 0.03461119
873 4 897 31 0.034233358
924 562 949 594 0.034001708
251 464 304 521 0.033952944
820 30 840 56 0.033913787
177 53 199 81 0.032691512
773 31 795 59 0.032163095
921 485 943 512 0.03193934
532 587 559 618 0.031812258
797 583 821 612 0.03170342
793 28 814 56 0.031227905
898 482 923 512 0.030620009
56 539 80 570 0.030453451
561 254 590 288 0.029999565
902 50 923 77 0.02996665
6 512 31 550 0.029769182
820 532 844 563 0.028803408
846 26 868 52 0.028554473
332 23 355 51 0.028552178
977 46 999 75 0.0271088
22 554 48 586 0.026868919
995 44 1018 76 0.026232965
604 580 630 612 0.02576119
866 481 891 511 0.0257118
7 590 29 622 0.024695972
798 535 822 565 0.02460801
2 480 25 513 0.024445947
341 73 362 100 0.02425689
603 348 634 386 0.024051294
788 507 812 538 0.023898922
897 102 919 130 0.023837075
774 80 797 107 0.02369642
892 531 919 564 0.023348002
305 53 326 78 0.02305941
722 53 744 80 0.022548594
733 612 759 645 0.02227197
869 510 892 538 0.02157601
945 122 967 151 0.021497712
640 557 664 586 0.021481989
923 124 946 151 0.020849047
921 99 944 128 0.020647764
611 275 640 311 0.020533925
