47_Matador_Bullfighter_Matador_Bullfighter_47_195
18
896 238 959 319 0.96361667
570 121 626 197 0.9508027
760 94 819 168 0.9235809
275 3 339 63 0.7615289
707 101 752 163 0.7203124
688 285 739 345 0.14113493
720 383 773 447 0.10718583
318 128 396 210 0.06080994
535 137 583 195 0.057330217
736 266 775 319 0.039930034
760 241 801 304 0.03786517
651 232 708 307 0.0335789
726 154 768 212 0.029511245
652 337 688 389 0.029269429
578 418 615 462 0.027720034
687 338 724 390 0.027357476
781 203 836 283 0.023804894
600 221 649 283 0.02160805
