14_Traffic_Traffic_14_380
65
300 229 381 315 0.9777329
915 280 986 371 0.8451373
498 465 545 524 0.6186832
719 237 760 289 0.5565395
529 188 561 230 0.2863893
647 398 685 442 0.20100972
640 221 673 262 0.17662138
458 196 493 242 0.16743955
460 167 491 204 0.16080974
607 445 651 496 0.13773027
627 172 665 218 0.1342315
707 527 759 593 0.11741197
714 378 744 418 0.115902856
724 454 768 510 0.10993239
937 127 980 178 0.08313568
615 227 648 265 0.07404872
630 319 668 367 0.0709501
986 224 1020 275 0.0675284
627 267 666 319 0.064041674
445 153 470 187 0.057771828
795 174 824 211 0.048784766
767 120 792 152 0.047650464
613 490 662 551 0.044665463
42 168 69 203 0.044045433
795 250 827 290 0.04132332
515 216 549 261 0.037118305
693 150 724 190 0.03692676
564 176 593 215 0.035553325
567 443 608 497 0.034278996
431 397 496 477 0.03344645
192 214 237 277 0.0332626
434 208 476 262 0.03323872
703 618 750 673 0.03280739
580 141 614 185 0.032776937
896 196 940 248 0.030929264
759 266 799 312 0.030804493
256 234 307 297 0.030603739
688 381 720 421 0.030021546
122 186 162 243 0.029902956
0 205 24 240 0.029441383
431 313 463 353 0.02935019
706 572 786 667 0.028672745
649 290 689 344 0.02852203
731 283 772 335 0.027661527
740 126 767 160 0.025899801
101 167 133 209 0.025813483
988 140 1021 190 0.025135642
192 173 226 218 0.024727946
714 144 744 182 0.024320481
481 298 518 340 0.02347986
756 221 792 265 0.023338426
557 381 593 425 0.022828491
986 395 1021 443 0.02261192
515 568 581 648 0.022351481
633 588 778 742 0.02215655
527 654 572 709 0.022139065
656 500 697 553 0.022061666
557 222 591 265 0.021796137
116 234 153 285 0.0211225
856 230 931 338 0.021082537
651 440 692 493 0.02081891
459 318 532 400 0.020466609
959 215 1026 312 0.020430336
489 500 562 600 0.02040555
734 400 777 458 0.02003257
