14_Traffic_Traffic_14_834
77
376 140 407 184 0.37371552
695 410 720 442 0.24567753
426 485 465 529 0.10917842
818 359 842 387 0.09630865
968 357 995 391 0.08847112
391 451 421 492 0.08597769
664 308 688 339 0.072418295
585 385 608 415 0.07218791
744 279 766 307 0.06929977
2 119 25 156 0.06480439
668 410 691 442 0.060314983
640 407 666 441 0.06010781
799 352 822 380 0.057883546
761 384 788 415 0.05741876
417 275 445 309 0.056033105
664 463 687 492 0.05504593
715 425 739 457 0.047791403
839 258 871 304 0.04770337
892 279 923 319 0.047604814
848 462 874 495 0.046923634
638 307 661 338 0.045927484
835 377 858 406 0.045789585
663 38 696 76 0.04519369
694 387 717 415 0.045162972
434 308 458 338 0.04214967
895 374 921 405 0.04196716
738 438 762 469 0.041657563
182 325 203 353 0.04056877
619 301 641 330 0.039375324
579 52 608 87 0.038860407
620 436 647 471 0.038786955
796 383 819 413 0.036762983
687 457 712 487 0.03550596
379 279 409 314 0.03518952
767 283 789 312 0.03384361
454 327 478 357 0.033705868
403 496 441 545 0.033179432
459 359 482 387 0.032586657
405 303 436 339 0.03186074
566 403 590 433 0.031693067
332 332 355 362 0.029917609
636 457 661 490 0.028286994
1 143 30 193 0.028278872
693 329 717 361 0.028224975
411 116 446 162 0.028171403
739 354 767 386 0.027865741
669 282 693 312 0.027720768
439 359 462 388 0.02759903
691 304 714 334 0.02693108
636 176 660 206 0.026240857
590 333 611 359 0.025594516
777 335 800 365 0.025349712
665 352 688 381 0.024851374
256 330 279 359 0.024266396
740 302 764 330 0.024243072
721 282 743 309 0.024101887
401 227 430 260 0.023574248
101 373 126 405 0.023567012
642 123 667 155 0.023508094
823 432 847 463 0.023246016
918 360 944 392 0.023228213
716 335 740 367 0.02315686
335 248 361 280 0.022717599
768 354 793 384 0.022322668
891 324 920 359 0.022203019
459 253 485 287 0.021559209
252 353 275 380 0.021512046
515 166 546 207 0.02145621
691 283 713 310 0.021364916
990 371 1018 407 0.021077791
262 304 291 342 0.020753851
203 330 227 359 0.020631619
909 297 945 340 0.020332443
236 335 257 362 0.020327864
616 154 640 185 0.020219142
792 283 817 316 0.020161632
569 354 592 382 0.02011397
