0_Parade_Parade_0_12
181
731 129 779 193 0.98372585
488 174 518 213 0.7457045
404 175 431 208 0.56641805
332 155 358 186 0.5257716
838 120 871 162 0.4071012
572 162 599 197 0.3675077
640 142 673 184 0.29039055
949 154 979 190 0.26331124
439 209 466 242 0.24361303
811 433 850 483 0.21737547
364 199 388 228 0.19812436
795 106 824 148 0.19030131
355 330 377 358 0.14459525
514 154 540 184 0.13197182
278 194 303 225 0.1316367
457 221 482 253 0.12366325
258 177 281 205 0.11301861
408 301 434 333 0.10766944
1000 146 1024 181 0.10342686
465 177 490 210 0.09798195
356 358 378 385 0.09744034
209 281 230 308 0.09680776
588 276 616 313 0.094993256
656 165 689 208 0.09494009
611 269 643 306 0.09410296
921 174 950 210 0.08385191
356 380 378 408 0.07982565
508 191 537 226 0.077458486
431 275 457 309 0.0772657
282 100 305 131 0.07583532
462 354 485 384 0.0743116
461 156 485 185 0.07324963
614 306 644 341 0.07290234
312 177 338 209 0.072513685
437 171 463 202 0.07181972
22 230 44 257 0.071524665
387 257 410 285 0.071337394
393 357 417 384 0.07101404
354 307 377 335 0.06918943
160 281 182 308 0.06840884
332 249 355 276 0.06778464
437 381 461 410 0.06630461
613 173 643 212 0.0659484
410 258 433 286 0.0644575
312 301 335 330 0.063546665
339 285 363 313 0.06312249
316 236 339 263 0.06296324
390 278 411 305 0.059644863
971 328 1001 363 0.05891259
155 205 177 232 0.056245077
567 280 595 317 0.054152347
259 252 280 278 0.052611656
363 226 386 255 0.052417006
407 383 430 409 0.05219699
533 228 559 260 0.05216157
352 153 377 186 0.05211979
285 284 307 313 0.0511665
435 330 457 357 0.050818432
78 310 100 338 0.050302546
233 233 256 260 0.048553888
210 305 233 333 0.047047563
57 258 80 285 0.046859752
616 129 645 166 0.046222962
390 332 415 362 0.046177063
564 228 588 258 0.046048626
162 260 182 284 0.04573893
570 253 593 283 0.045614578
256 232 278 258 0.04515446
636 253 665 289 0.04513213
996 325 1023 362 0.04496449
536 203 562 235 0.044590972
489 354 514 385 0.044353787
912 97 942 136 0.044000972
237 176 258 202 0.043974187
255 304 276 332 0.04381639
227 285 251 313 0.043670934
208 255 229 282 0.04361971
132 202 154 230 0.043004714
52 204 74 233 0.042512845
515 284 542 318 0.04196398
820 98 852 142 0.041905764
954 224 993 271 0.041719608
744 378 790 435 0.041192394
535 174 561 207 0.040955562
160 338 180 363 0.040630735
209 329 231 356 0.04012383
661 255 689 292 0.03916108
444 358 466 384 0.038682804
382 228 407 258 0.03846667
612 96 640 133 0.038276702
589 100 617 137 0.037658595
431 302 457 335 0.037482314
177 180 200 207 0.036884893
307 103 333 136 0.036863193
287 358 309 385 0.036767177
258 380 279 407 0.03638193
461 378 486 410 0.036211666
155 228 175 253 0.035237063
813 48 842 85 0.035081048
103 228 125 255 0.033924382
209 234 230 260 0.033809517
283 74 307 106 0.033746254
103 259 126 287 0.033725396
694 137 733 186 0.033413015
102 312 124 338 0.033339806
901 327 928 362 0.033142332
950 301 983 342 0.033087015
131 228 153 255 0.03248264
208 386 231 415 0.032223295
180 228 202 255 0.03217103
176 259 198 286 0.03216375
74 260 97 289 0.032159623
157 183 179 210 0.03168821
74 157 98 186 0.031574756
290 410 313 437 0.03155399
596 376 639 428 0.03150816
561 196 589 232 0.031125486
363 256 385 283 0.030938096
11 513 52 567 0.030858416
486 283 512 317 0.029337551
464 300 488 331 0.029067123
592 325 625 365 0.028525082
228 253 250 280 0.028312134
334 198 358 227 0.028097065
413 227 437 256 0.028061219
502 17 529 50 0.027905695
898 353 927 390 0.027873473
738 3 769 37 0.027641848
330 130 358 163 0.02752332
180 352 202 380 0.02717972
250 158 274 188 0.027177155
230 384 253 413 0.027111793
472 158 532 231 0.026928827
131 184 150 209 0.026776873
905 144 934 183 0.026762448
410 408 436 438 0.026665684
977 67 1010 106 0.026591934
619 234 646 268 0.026295621
284 384 305 409 0.026157549
200 125 226 157 0.025778964
78 203 101 232 0.025728744
288 336 311 365 0.025614843
334 77 359 107 0.025551414
769 20 797 55 0.024889976
103 180 127 210 0.024884053
590 191 619 228 0.02483613
175 203 199 233 0.024738457
940 237 1004 321 0.024433022
749 70 777 106 0.024405394
429 406 454 435 0.024392119
656 123 694 168 0.024359759
535 279 566 318 0.024213744
465 248 489 281 0.024181524
386 160 412 191 0.023933541
433 131 460 163 0.023455633
131 306 151 332 0.023291936
100 48 125 79 0.023100972
484 375 513 412 0.023007546
797 65 828 106 0.022614734
304 357 328 385 0.022495743
202 101 226 130 0.022260185
105 204 128 233 0.022144692
55 180 77 207 0.022013264
997 272 1023 311 0.021955973
230 331 253 358 0.021698177
180 98 203 127 0.021692378
641 93 670 131 0.021487894
50 227 73 255 0.021469148
285 151 309 182 0.021458888
309 330 334 360 0.021419251
633 143 698 225 0.021222292
460 73 485 104 0.021209277
178 156 201 184 0.021130102
334 407 356 434 0.021100441
798 376 829 416 0.021047536
544 330 573 368 0.021006102
25 284 51 315 0.020950101
540 129 568 162 0.020686276
128 254 150 281 0.020482775
177 306 198 332 0.020296596
58 309 80 337 0.020133967
