0_Parade_Parade_0_850
135
482 296 508 329 0.48611435
630 281 664 323 0.4626107
926 280 955 318 0.3636052
821 298 851 337 0.33621496
494 155 530 201 0.3319995
250 309 275 340 0.30899438
362 307 387 338 0.2769891
410 327 435 359 0.25806037
151 310 176 341 0.23735702
741 298 771 334 0.21759295
718 300 746 335 0.17534643
840 279 873 321 0.17437781
767 275 797 314 0.16530366
873 143 897 174 0.1592477
818 150 846 187 0.15157214
972 259 1011 309 0.13818787
862 327 893 366 0.12724932
821 250 850 287 0.12517262
359 284 381 310 0.122106805
580 159 617 202 0.11394271
178 310 201 339 0.113765776
78 310 102 338 0.10148204
153 188 187 233 0.09847109
665 153 691 187 0.084837385
694 306 721 338 0.08345291
535 336 561 367 0.08154756
840 148 867 182 0.079901755
341 306 364 336 0.07491395
687 171 717 207 0.07489509
153 259 176 287 0.07218348
47 307 73 337 0.071154274
282 308 305 337 0.069449246
977 167 1007 207 0.0656842
841 176 869 211 0.063704245
740 252 767 286 0.060362298
896 303 923 337 0.058254138
278 329 301 358 0.052746512
798 297 826 334 0.052403767
396 49 435 100 0.052189153
661 302 692 339 0.052137177
717 255 746 290 0.052041963
457 167 488 206 0.051502373
409 223 438 257 0.050981775
860 253 891 293 0.050544146
613 242 645 282 0.050281137
543 219 587 275 0.0493282
339 364 360 391 0.046952907
429 307 455 338 0.04672852
742 180 768 212 0.04670955
689 252 719 289 0.046025425
184 382 203 407 0.045611575
211 307 235 337 0.04462295
712 176 742 210 0.042462688
380 3 414 39 0.042131104
535 381 564 418 0.041826297
761 229 785 261 0.040930666
387 324 410 353 0.04053142
305 327 328 355 0.039709393
568 130 599 167 0.038983457
203 379 224 405 0.03889018
230 361 253 389 0.037470274
330 232 357 264 0.036593623
802 226 830 261 0.036239263
505 282 532 318 0.035795476
32 273 59 305 0.03545282
383 281 404 307 0.033810668
980 191 1015 238 0.033502992
-3 8 53 111 0.033446357
845 378 873 415 0.033264015
208 361 231 389 0.0331888
355 252 379 280 0.03297449
540 167 571 208 0.032354865
762 327 789 361 0.031478744
464 328 488 358 0.03040845
256 282 280 310 0.030133812
179 276 202 303 0.030077806
210 279 232 306 0.029902635
896 175 922 209 0.029873395
103 216 131 257 0.029839516
770 175 794 207 0.029726807
127 325 152 354 0.029688649
457 413 486 446 0.029402949
342 284 365 312 0.028880581
914 329 945 366 0.028879557
462 247 488 279 0.02851752
488 224 515 258 0.028372321
666 250 693 286 0.027680978
900 126 923 157 0.027662465
130 275 156 306 0.027601724
963 372 992 411 0.02758697
228 227 251 257 0.0274624
667 201 693 234 0.027404867
229 284 257 315 0.026822904
639 201 663 233 0.02677377
125 197 157 242 0.026710708
588 222 627 270 0.026309775
412 255 436 283 0.026241722
717 120 744 154 0.026177611
864 199 893 236 0.026133243
309 384 330 411 0.026032437
410 405 433 434 0.025901264
356 363 378 391 0.02552507
284 354 307 383 0.02527688
441 155 467 188 0.02520574
402 117 432 153 0.024812406
230 197 258 233 0.024772793
845 227 876 265 0.02467983
896 347 927 385 0.024659824
947 255 975 292 0.02443895
458 355 483 385 0.024117814
101 309 125 338 0.024037026
284 388 305 414 0.023605878
411 277 435 305 0.023507891
388 228 414 260 0.023455251
605 352 633 386 0.023250012
903 102 928 134 0.023173619
687 125 713 157 0.022762803
950 403 981 440 0.022724954
211 198 237 234 0.022467896
258 252 282 282 0.022453938
642 172 666 204 0.022375077
75 272 102 303 0.022316545
868 435 896 471 0.022079293
552 352 580 387 0.021914816
388 360 410 387 0.021591702
920 176 947 210 0.021397974
945 432 983 479 0.021228328
280 284 303 311 0.020995082
106 358 129 386 0.020783953
126 358 152 390 0.020749515
795 324 826 361 0.020718452
388 382 411 410 0.02068106
252 179 276 211 0.020573609
43 253 75 292 0.020539401
431 252 456 282 0.020404026
