0_Parade_Parade_0_628
112
458 196 487 231 0.3146101
692 283 714 312 0.2470987
585 279 612 312 0.17515115
617 230 637 256 0.15590078
508 222 542 263 0.14617439
784 331 811 366 0.14418344
622 251 645 282 0.14180467
438 175 465 210 0.12534428
869 269 898 304 0.124622464
589 231 611 260 0.12342019
307 228 332 258 0.12199989
916 275 941 304 0.11570911
306 270 335 306 0.10320887
616 351 641 382 0.0996488
570 249 595 280 0.08289714
739 354 767 389 0.080868125
371 307 401 343 0.07743797
901 261 924 291 0.07742034
899 389 928 427 0.07729203
519 357 547 393 0.07521059
919 348 949 383 0.06296796
849 260 874 291 0.06280795
876 352 901 386 0.06000816
688 338 713 370 0.05790979
618 273 642 305 0.057159066
253 350 278 380 0.056653637
951 257 973 283 0.055355217
799 406 825 438 0.05531775
306 127 333 162 0.05405355
529 283 556 316 0.05337934
726 331 751 362 0.05196552
638 356 663 387 0.050001085
211 198 237 231 0.04871295
671 350 697 384 0.047772884
485 49 512 84 0.04716689
771 378 794 406 0.046516843
815 126 843 160 0.04508825
972 274 997 305 0.04438659
489 250 518 289 0.044200215
254 299 277 328 0.04341532
675 258 698 287 0.043033615
684 458 716 493 0.042898037
437 220 464 254 0.042498466
749 280 770 307 0.041348487
790 381 816 413 0.040956434
643 331 668 362 0.03959158
354 352 383 385 0.039461005
668 129 692 158 0.03890189
721 306 744 334 0.03816944
530 206 557 242 0.03714247
480 177 506 211 0.03640446
8 305 31 337 0.035776265
514 298 544 334 0.034816466
872 307 902 342 0.03477037
637 227 660 256 0.0347147
358 220 384 254 0.034707688
597 333 623 365 0.03421254
329 225 357 261 0.034056462
979 255 1002 283 0.03331518
649 308 673 337 0.03320172
718 247 742 279 0.031984802
463 150 491 185 0.03197879
714 285 737 314 0.0313601
668 306 693 336 0.030854728
408 252 434 286 0.029707702
306 353 331 382 0.029222555
792 309 818 342 0.029215988
149 359 173 388 0.029119708
952 305 976 334 0.028213514
773 355 798 387 0.028180705
892 332 924 372 0.02817421
737 430 765 462 0.028128143
824 274 847 302 0.028090712
558 462 587 500 0.028080957
818 174 848 211 0.028071387
775 304 800 334 0.027945438
824 307 850 339 0.02716394
674 430 705 467 0.026887832
280 334 304 364 0.026794927
78 330 102 361 0.026065381
329 301 352 330 0.025663586
511 331 542 365 0.025601897
567 199 592 232 0.025563344
105 355 126 382 0.02520594
644 208 668 239 0.025205858
793 428 823 464 0.025191383
151 331 174 360 0.025098205
407 352 433 385 0.024890173
717 460 749 498 0.02478466
235 336 257 364 0.024273127
434 122 460 158 0.023850547
634 408 662 441 0.023676815
488 329 516 362 0.023558838
615 143 644 183 0.02275503
849 305 876 339 0.022734914
594 207 619 238 0.022066886
563 354 589 387 0.022023631
922 301 950 334 0.021959404
897 436 926 472 0.021894474
568 329 593 359 0.021844646
485 304 514 337 0.02183916
725 407 753 442 0.021824688
943 351 968 384 0.02141015
799 278 821 306 0.020826546
4 378 30 415 0.020816412
689 380 717 414 0.020704053
641 127 666 160 0.020311737
570 297 600 335 0.020301582
611 375 641 411 0.020291656
669 379 694 411 0.020251695
720 377 747 410 0.020240217
206 225 234 259 0.020136943
