0_Parade_marchingband_1_379
62
280 309 306 340 0.499087
434 306 470 348 0.48512504
507 323 532 355 0.394953
696 286 718 316 0.14357392
308 361 333 393 0.12813364
713 280 737 311 0.107995294
378 328 404 362 0.107219644
540 310 564 340 0.08774943
92 309 119 342 0.08765896
262 325 288 358 0.08316525
969 278 994 310 0.07175377
184 331 206 359 0.063938014
738 272 763 305 0.055376813
233 330 256 359 0.052098233
358 387 381 416 0.04959236
211 412 234 440 0.048438847
205 354 230 385 0.048379704
950 281 973 312 0.04567944
639 327 663 356 0.04564752
794 387 817 417 0.045634877
98 353 125 385 0.044556055
663 306 687 336 0.04235013
991 193 1017 233 0.04147914
663 388 687 417 0.039757878
815 326 838 354 0.03920354
201 329 225 360 0.038714748
771 277 796 310 0.036754467
284 346 312 380 0.035211727
132 412 157 443 0.033922616
127 355 151 385 0.033874415
891 360 914 388 0.03374952
560 310 582 337 0.033290938
447 274 482 318 0.0327381
844 270 868 301 0.032372843
967 178 996 217 0.032364417
797 205 826 241 0.032061
849 361 870 387 0.03128197
296 325 324 360 0.031024262
411 321 444 361 0.029995488
52 334 78 366 0.029507121
182 352 206 382 0.029443739
694 329 716 356 0.028128106
330 356 355 389 0.028109502
254 383 277 410 0.027870638
224 459 248 492 0.026713349
747 305 770 333 0.025437638
593 308 615 334 0.02509751
46 407 73 441 0.0250771
559 360 585 393 0.02497834
229 354 255 385 0.024871584
951 356 974 385 0.02428253
715 336 737 362 0.024260454
770 305 792 333 0.023747088
50 117 89 164 0.023083996
991 275 1015 310 0.022419978
793 305 816 334 0.022091312
207 380 229 405 0.021968085
889 229 917 266 0.021927483
23 330 55 374 0.02151583
535 375 559 406 0.021458704
818 382 841 410 0.02093287
589 356 614 388 0.020341767
