0_Parade_marchingband_1_156
125
874 191 950 280 0.8898266
570 256 617 313 0.8476256
149 247 208 319 0.37236622
41 580 81 629 0.36903948
350 335 375 367 0.1677494
807 89 840 132 0.15613791
484 179 508 210 0.1391579
462 129 487 161 0.12092884
637 174 663 209 0.11530689
707 278 743 325 0.1026763
640 320 677 367 0.09917136
24 10 52 43 0.090059
734 199 762 234 0.09000221
312 3 336 32 0.08127594
492 98 516 128 0.07914837
334 347 364 384 0.07652642
306 295 332 329 0.07647811
72 515 107 557 0.07486181
593 173 619 205 0.07455327
356 277 379 306 0.07095273
387 182 408 210 0.06992227
671 246 699 283 0.067960545
566 197 591 229 0.06601451
412 180 436 210 0.06197256
331 4 358 35 0.059520777
584 2 609 30 0.057761576
489 75 514 105 0.054814033
716 176 747 215 0.05408653
287 257 311 288 0.05397627
174 126 201 158 0.053897522
713 147 738 179 0.052872483
44 5 72 37 0.048050303
308 332 337 368 0.046732683
663 275 696 317 0.04649903
690 235 718 270 0.046255074
392 275 416 305 0.04586058
433 404 461 441 0.0438092
435 45 459 75 0.043791343
649 103 675 137 0.04315846
44 47 69 78 0.042552542
-1 306 24 345 0.04112362
817 5 843 33 0.040825363
444 128 466 156 0.03926636
511 116 535 147 0.03902031
543 171 568 203 0.03894825
30 74 57 109 0.038865287
383 24 406 52 0.03886091
97 219 127 259 0.03820191
438 335 461 364 0.036859192
56 130 83 163 0.03670594
697 198 723 230 0.034097925
276 350 307 389 0.034006365
485 49 512 83 0.033316687
362 20 387 50 0.03306475
337 260 359 289 0.033048216
178 373 210 415 0.033028156
305 156 327 183 0.032969113
561 103 585 133 0.03290925
565 51 589 80 0.032326303
337 68 362 100 0.03213987
464 49 488 79 0.03198433
727 535 770 584 0.031704117
74 76 102 110 0.03157444
387 355 413 389 0.031160828
466 75 489 105 0.030987224
436 98 461 130 0.0308044
237 23 264 57 0.030749356
698 127 727 163 0.030650841
616 197 641 229 0.030521546
462 373 495 416 0.030491572
772 46 798 78 0.03043793
384 149 406 177 0.030091997
436 179 457 206 0.02993008
463 196 489 227 0.028812213
440 274 463 304 0.02874568
410 356 435 389 0.02872217
235 177 261 209 0.02866285
100 249 135 295 0.028310206
512 198 538 230 0.028197892
896 64 933 108 0.02792713
509 47 536 80 0.027572995
480 153 504 182 0.026903087
972 211 1019 277 0.026829163
207 204 238 242 0.026791291
298 99 326 133 0.025867708
72 205 99 240 0.025826111
310 177 334 207 0.025820661
692 70 719 103 0.025543872
527 509 558 545 0.025467683
462 101 486 130 0.02535678
416 74 442 106 0.025326919
441 151 462 178 0.025257763
975 9 1012 56 0.02467894
4 230 32 269 0.024610685
415 46 440 78 0.024386749
285 152 312 186 0.024228951
696 98 723 132 0.023954598
718 330 746 366 0.02395424
188 73 213 104 0.023658596
460 433 495 475 0.023527201
605 231 637 271 0.023365956
817 54 847 90 0.022909967
4 584 38 634 0.022907374
408 259 432 291 0.022859504
174 174 207 213 0.022484418
615 158 640 190 0.022351574
362 223 389 254 0.022282306
577 308 614 352 0.02208884
76 348 123 405 0.02196597
311 230 334 260 0.02187342
277 295 308 335 0.021680346
78 1 106 33 0.0214518
686 325 716 365 0.021414066
896 0 923 28 0.021384455
976 95 1007 136 0.021380013
232 74 258 105 0.021266548
204 1 231 31 0.020804096
351 304 378 338 0.020642683
709 48 738 83 0.020270688
357 74 380 103 0.020267079
254 7 279 34 0.020258011
481 125 507 158 0.020220777
55 291 98 345 0.020124748
153 143 186 184 0.020058947
102 1 128 31 0.02000267
