0_Parade_marchingband_1_653
256
314 228 339 259 0.42893973
670 245 696 279 0.24312453
601 200 623 228 0.20487419
784 143 804 168 0.20251627
40 201 65 234 0.19998805
213 211 234 237 0.18092084
322 142 342 167 0.15549114
475 208 497 236 0.13496432
869 204 890 231 0.1336958
69 96 89 123 0.13302276
505 291 530 324 0.13278307
305 95 327 122 0.1326105
926 116 947 143 0.12792817
650 138 669 162 0.12622806
563 139 583 165 0.12606457
532 105 553 132 0.12531199
510 140 531 166 0.121794164
963 185 984 211 0.11916093
396 94 416 119 0.114016406
376 159 394 182 0.11367214
536 203 557 230 0.11273267
643 91 663 116 0.11174143
129 209 152 238 0.1100419
302 249 327 280 0.10943792
316 204 338 230 0.1089267
857 43 876 66 0.10805427
224 226 246 256 0.10698772
0 188 20 219 0.106415756
606 157 625 181 0.10289011
392 205 413 231 0.10216062
764 199 786 227 0.100838356
352 97 372 123 0.099552214
691 119 711 143 0.09933809
418 141 436 164 0.09866093
829 136 847 157 0.09796377
874 133 894 157 0.09532158
394 226 418 257 0.094913095
163 301 189 334 0.093589336
737 49 755 73 0.09295615
834 93 854 118 0.092065744
37 45 62 76 0.089712456
15 97 38 127 0.0896418
761 94 779 116 0.0878257
367 46 385 70 0.08646926
671 204 692 231 0.086119615
871 115 890 140 0.08608578
555 188 578 218 0.08541916
699 71 719 97 0.08534148
257 233 278 261 0.0836575
259 111 279 137 0.080558166
595 93 616 120 0.07900628
762 250 788 282 0.07802098
743 95 762 119 0.07689126
109 92 128 116 0.075216964
826 114 843 137 0.0744665
230 140 248 164 0.07405796
273 163 293 187 0.07102983
121 256 144 283 0.07082033
861 232 882 259 0.069967575
368 65 386 87 0.06901816
165 141 185 166 0.06818676
875 67 893 89 0.067749046
441 110 462 136 0.06736522
161 96 180 121 0.065570705
1 290 35 343 0.065174975
275 66 294 89 0.06479424
319 48 338 73 0.063237906
776 185 798 212 0.06259864
183 155 202 179 0.06232633
851 93 869 116 0.061878532
209 109 229 133 0.061784253
943 91 962 114 0.061485644
809 44 828 66 0.05915608
789 29 807 53 0.058478963
463 93 482 117 0.058253195
510 92 530 120 0.05794485
230 94 249 119 0.05726803
808 94 826 117 0.057114832
975 135 996 161 0.056965496
371 142 390 165 0.056506373
345 188 366 214 0.055781737
509 186 531 214 0.05555002
664 42 685 68 0.0552522
347 140 366 166 0.05521199
226 155 248 183 0.053757522
208 250 228 275 0.053492583
394 138 413 162 0.053028625
740 140 760 165 0.05266943
69 141 89 166 0.052622147
465 159 484 184 0.052306373
132 183 153 208 0.051525213
576 184 598 212 0.05101472
712 86 731 111 0.050939467
29 184 53 216 0.05055647
767 140 787 166 0.050077315
421 157 440 182 0.049942393
190 251 209 274 0.048906613
187 95 208 123 0.04884249
828 205 849 229 0.04878435
49 96 72 125 0.04840897
485 70 504 93 0.04784348
461 225 484 254 0.04655781
416 185 436 210 0.046439253
89 226 111 254 0.04643166
163 186 185 212 0.04603587
342 234 364 262 0.045983966
66 226 92 257 0.045879368
304 187 327 215 0.04537701
630 112 650 138 0.044975605
19 140 40 168 0.044929963
306 139 327 166 0.044604626
88 159 109 187 0.044505894
42 159 62 184 0.044197377
811 137 830 161 0.04368891
213 139 234 165 0.04362285
50 140 71 168 0.043037854
669 140 688 165 0.042937666
590 227 616 258 0.042867962
871 49 890 73 0.04280089
466 70 484 92 0.041954234
906 113 924 138 0.041502837
924 25 945 51 0.041403394
187 230 207 255 0.041180745
765 43 782 65 0.041037027
787 93 806 117 0.04062585
485 92 504 117 0.040564165
604 68 624 91 0.04042912
413 94 433 121 0.04034796
712 137 731 162 0.04002229
391 272 415 303 0.039899085
487 114 506 138 0.039878007
807 70 826 92 0.039733823
464 45 483 69 0.0396953
253 299 274 327 0.03946006
968 71 988 96 0.039439052
900 94 917 116 0.039375804
832 70 851 93 0.039286166
94 250 116 277 0.038761433
373 184 393 208 0.038551796
857 70 875 91 0.038110726
273 137 293 163 0.038076114
672 90 692 116 0.038045492
782 113 801 135 0.0375213
132 162 152 186 0.037487976
974 88 993 112 0.037204705
719 42 740 68 0.037193995
922 177 943 204 0.037051335
648 71 668 96 0.03674782
881 95 899 118 0.03662056
761 71 778 92 0.036412954
648 181 669 208 0.035811603
186 277 206 301 0.035650328
228 113 247 138 0.035633303
322 298 347 329 0.035418354
394 28 416 55 0.035374254
96 141 116 166 0.03522746
439 138 459 162 0.03497258
260 181 281 209 0.034916542
580 109 599 133 0.034761943
524 156 544 180 0.034433957
604 48 623 70 0.034368653
952 72 972 95 0.03420192
342 158 361 182 0.034162436
275 248 297 275 0.034019437
86 300 113 333 0.03390688
687 184 708 211 0.03384523
143 113 162 136 0.032951843
366 108 385 132 0.032813493
443 247 468 277 0.03272687
437 161 456 185 0.03262474
648 157 670 183 0.03213254
619 183 640 210 0.032126058
804 249 826 276 0.032067973
392 74 411 97 0.03195156
277 298 301 329 0.031914953
278 93 297 117 0.03173912
736 206 757 233 0.031383183
486 136 506 161 0.031193824
836 25 854 48 0.031080302
67 181 92 212 0.031022826
859 134 880 159 0.03061392
861 185 883 211 0.030254558
464 141 482 164 0.029846169
258 134 278 159 0.02957074
372 30 391 53 0.029424258
2 251 29 295 0.029233614
789 71 808 93 0.02916156
696 41 716 66 0.029158253
906 28 927 53 0.028479425
872 246 896 276 0.02830446
415 43 435 68 0.028291995
352 65 372 88 0.02805287
313 272 337 301 0.027823046
182 183 205 211 0.02759095
553 91 574 119 0.027313849
229 276 251 302 0.027282314
507 41 526 65 0.02678978
964 44 984 68 0.026617793
665 158 685 184 0.026551586
949 164 969 188 0.026461145
41 268 64 297 0.02608659
116 142 135 166 0.026031071
436 179 457 206 0.025858909
141 139 160 164 0.025696326
785 298 808 325 0.025584273
256 48 275 73 0.025550736
557 47 577 70 0.02545808
764 111 784 134 0.025457887
667 68 688 95 0.025434393
99 68 118 92 0.025385471
684 266 712 299 0.025041983
873 161 893 186 0.02498565
483 185 504 212 0.02461466
140 63 159 87 0.024508752
621 139 641 165 0.024392165
553 115 572 140 0.024256252
507 114 526 139 0.024145517
169 48 187 72 0.024142366
43 313 70 346 0.023929032
235 295 258 324 0.023898771
561 271 585 302 0.023834893
714 116 733 139 0.023785565
376 203 396 230 0.02374397
939 292 963 325 0.023687651
207 50 226 73 0.023592334
201 298 226 329 0.023302983
188 207 209 235 0.023236122
185 48 203 72 0.023229413
691 158 714 186 0.02319322
439 277 464 307 0.023083234
762 303 783 329 0.02304426
928 276 951 304 0.022763582
365 297 389 326 0.022709692
835 298 858 326 0.022545187
622 227 644 254 0.022478575
903 165 923 190 0.022404313
944 26 966 52 0.022078473
970 21 995 49 0.02199078
410 203 431 231 0.021762922
624 70 642 93 0.021581326
740 187 761 212 0.021574358
570 292 594 323 0.021427838
511 254 532 280 0.021402478
901 135 919 158 0.021094924
829 157 851 183 0.020910215
347 296 369 326 0.020909542
941 132 963 158 0.02087209
621 252 643 281 0.020776942
547 224 571 252 0.020679442
208 272 229 299 0.020657094
830 46 848 69 0.02041701
210 185 233 211 0.020407386
235 47 252 70 0.020253178
897 253 917 278 0.020070456
142 299 169 332 0.020025153
458 112 478 137 0.02000394
