0_Parade_marchingband_1_267
71
166 249 194 284 0.64309776
4 218 36 264 0.5479945
306 224 331 256 0.45037833
355 233 381 266 0.2842869
468 223 493 255 0.2792316
97 384 131 428 0.24139284
428 196 456 231 0.20609236
585 219 609 250 0.1386117
442 127 471 164 0.12652062
333 228 361 265 0.08687944
802 18 832 56 0.07668625
44 15 79 56 0.0647598
511 204 533 233 0.06419699
484 207 509 240 0.06254631
561 176 585 206 0.060672488
659 181 688 219 0.06018738
569 200 594 234 0.057284057
510 253 537 284 0.053894326
821 45 847 78 0.053695794
919 48 945 82 0.04961924
844 53 870 86 0.04744748
224 384 256 421 0.04600066
107 43 137 81 0.04347572
591 153 614 182 0.043014288
254 171 281 205 0.04298437
407 126 433 160 0.04271379
515 226 540 257 0.04116651
764 49 795 86 0.04024472
287 207 315 244 0.0395227
593 175 615 204 0.03835621
691 149 717 181 0.038012017
535 228 559 258 0.03534826
436 255 460 284 0.034732226
898 20 929 60 0.03397158
172 307 204 345 0.0330527
250 201 283 243 0.032456804
949 43 977 79 0.031914838
625 104 650 134 0.031135032
613 173 638 205 0.03098598
377 199 403 233 0.029514816
614 199 639 233 0.029131753
429 359 452 390 0.028777875
671 127 700 162 0.028583687
535 251 559 282 0.028512277
438 224 464 255 0.028251851
374 227 402 262 0.02814055
489 246 515 277 0.028070275
507 176 531 207 0.028037462
635 258 661 290 0.027991744
564 151 588 183 0.027540931
612 305 637 336 0.027211523
202 298 231 333 0.027153734
417 376 444 411 0.026952503
517 37 546 72 0.026826613
969 228 993 260 0.026662888
796 129 823 161 0.026591342
641 152 665 183 0.025531044
972 32 1006 75 0.025415478
310 279 334 309 0.023906559
544 200 570 233 0.023690674
610 328 635 360 0.023688843
201 224 229 262 0.023589967
-12 190 44 278 0.023364723
490 280 517 313 0.022738928
559 363 582 393 0.022589704
544 124 568 154 0.021795243
389 147 415 180 0.021143323
565 127 589 157 0.021092027
333 277 359 308 0.020875506
122 300 155 339 0.020551743
3 15 33 57 0.02031641
