0_Parade_marchingband_1_649
127
177 281 217 332 0.97999704
410 82 446 129 0.94807655
25 202 58 243 0.9478259
892 322 929 370 0.94566536
292 282 335 338 0.93413347
559 79 595 127 0.9073993
240 180 283 234 0.86013716
856 147 891 191 0.85069585
794 279 835 331 0.8395011
492 118 529 165 0.8355195
942 211 978 253 0.8285153
59 118 89 157 0.8154151
697 289 736 338 0.7942823
805 200 840 244 0.76661706
338 118 375 164 0.6892384
132 237 167 283 0.58091986
968 153 998 191 0.5661835
652 146 680 181 0.3898528
762 140 793 180 0.3866832
805 453 833 489 0.38207674
8 129 31 162 0.36567736
708 167 737 204 0.34204262
239 136 276 181 0.29579106
668 208 697 245 0.28392807
732 93 761 129 0.197396
720 438 747 471 0.1686794
108 128 135 164 0.15455589
155 118 184 157 0.15382119
841 355 870 391 0.12757577
745 125 774 161 0.12709452
789 360 819 398 0.11565437
349 435 385 481 0.11128548
689 458 715 490 0.11090303
579 149 609 185 0.107509404
750 214 789 259 0.103100196
616 375 641 407 0.093157776
684 480 715 518 0.08435815
874 483 905 522 0.07747875
459 467 490 505 0.07058431
870 220 898 253 0.0666158
628 7 662 45 0.06363822
767 438 792 470 0.06352747
739 18 768 54 0.061728537
662 300 691 338 0.060709115
943 351 975 391 0.059339955
454 249 487 290 0.056728452
936 273 970 313 0.054392718
909 175 939 212 0.053619258
922 245 958 287 0.052863125
662 440 690 474 0.05258682
284 453 314 490 0.05241774
733 344 765 383 0.052020337
785 497 815 537 0.0506911
684 348 711 382 0.050285365
646 222 675 259 0.048822645
397 141 431 182 0.048013885
686 46 714 82 0.047852248
946 487 979 527 0.046774916
-3 303 39 364 0.04615657
77 196 108 236 0.04525229
458 342 496 389 0.044697244
840 274 875 319 0.043626256
609 198 639 235 0.043510575
869 252 901 290 0.042540215
82 438 108 472 0.0420345
920 201 951 240 0.041878965
632 277 667 318 0.041777372
895 199 925 237 0.03983073
661 247 690 283 0.039578002
208 433 238 470 0.039166555
127 320 155 354 0.038396463
145 196 180 241 0.038006157
732 271 766 317 0.03672983
974 275 1007 315 0.03650237
791 51 820 88 0.03649987
867 94 894 127 0.03425758
668 74 699 112 0.033565857
789 171 825 214 0.033042707
741 244 777 289 0.032725316
610 43 643 82 0.03184144
618 405 643 438 0.03170752
836 218 868 257 0.03131185
666 502 694 536 0.031280372
965 301 1000 347 0.030617204
642 164 674 204 0.030548641
434 139 467 180 0.030428238
811 246 845 287 0.030314185
910 125 945 169 0.029144023
790 96 820 133 0.028511323
229 267 271 318 0.028350592
811 369 847 414 0.02823522
816 316 847 355 0.02816131
120 440 154 484 0.027740087
817 46 846 82 0.027507558
103 299 134 339 0.027291827
194 124 225 163 0.02705512
0 173 30 214 0.026650786
540 409 563 440 0.026377577
766 98 794 133 0.025967667
504 249 534 286 0.025358424
611 144 641 181 0.025347454
82 350 108 385 0.024451645
75 302 108 344 0.024436733
771 72 800 110 0.024207722
401 322 440 370 0.02402451
152 455 187 500 0.023985086
711 483 742 522 0.023921436
458 120 493 163 0.02351527
845 74 871 108 0.02349197
586 21 616 58 0.023462811
4 277 34 318 0.023140738
684 121 715 158 0.02286479
170 135 206 178 0.022457553
762 17 791 53 0.022095775
101 224 133 265 0.021748208
534 534 564 574 0.021723446
740 167 772 206 0.021616405
47 251 75 286 0.021326318
11 168 76 247 0.021048794
326 196 360 239 0.0208917
130 172 162 211 0.020842806
919 483 949 521 0.020695131
991 325 1019 368 0.020644292
639 70 671 110 0.02057507
789 17 819 52 0.020400692
453 500 491 546 0.020270016
424 405 460 447 0.020044008
