0_Parade_marchingband_1_20
86
34 400 61 434 0.26468718
850 255 900 314 0.1418496
256 377 281 407 0.14084747
85 379 108 409 0.12251801
98 407 124 440 0.11859429
489 378 512 405 0.094298445
45 384 69 415 0.08930157
300 308 328 342 0.08056059
356 308 383 339 0.07247997
551 358 580 393 0.07233638
283 276 308 306 0.07204928
465 357 488 385 0.06670345
300 480 327 512 0.06339808
511 411 535 441 0.061565522
410 457 433 485 0.06049928
310 428 335 459 0.05787452
283 410 308 442 0.05438974
72 429 103 467 0.051283598
437 378 460 408 0.049025703
31 459 58 494 0.04606884
600 381 623 409 0.045458864
276 463 300 494 0.043558672
409 324 433 354 0.043067206
978 323 1014 373 0.04268902
539 325 564 355 0.042454954
389 382 411 409 0.041084014
256 428 284 466 0.040740706
465 328 489 358 0.04026213
386 452 412 484 0.038609363
361 407 386 437 0.038565237
251 405 278 437 0.037407417
238 383 261 412 0.036531854
231 407 255 438 0.035666153
435 490 458 517 0.033810724
667 381 688 407 0.03209178
462 379 487 408 0.03135516
381 303 408 337 0.031342078
695 409 716 436 0.031216335
105 456 134 492 0.030770421
334 458 357 488 0.030081077
406 380 431 410 0.029703172
506 383 528 410 0.029282084
329 383 353 411 0.029216299
331 406 356 438 0.028698377
695 363 716 389 0.02863351
207 324 233 358 0.028594254
391 361 414 389 0.02848431
408 359 433 389 0.028457357
365 432 389 462 0.026919002
815 354 842 390 0.026548313
360 460 384 491 0.026497616
640 410 664 440 0.026485113
329 433 352 462 0.026301255
184 509 215 545 0.026264103
713 411 737 440 0.0259435
560 307 583 337 0.02581057
490 491 511 517 0.025774594
845 327 876 364 0.025083946
407 407 430 434 0.02507507
720 361 742 390 0.024883132
281 328 305 358 0.024769993
742 374 765 404 0.024636412
796 355 821 388 0.024564518
262 305 285 334 0.024179082
792 431 822 469 0.024151199
532 407 559 439 0.023634149
615 408 639 438 0.023572488
668 407 690 435 0.023459587
434 329 457 359 0.023113314
120 410 147 444 0.022867875
132 352 157 384 0.022740837
595 358 619 388 0.02242183
518 328 541 357 0.02195964
408 483 433 512 0.021936351
15 386 74 462 0.021711154
336 362 360 390 0.021428438
236 355 261 389 0.021238517
715 434 738 462 0.0212323
337 479 361 510 0.021125207
941 421 985 470 0.021115767
361 283 389 315 0.020799873
263 334 287 363 0.02057801
69 486 101 523 0.02039909
150 325 176 360 0.02031835
590 334 611 360 0.020187061
198 587 228 627 0.02004368
