0_Parade_marchingband_1_629
44
720 357 743 385 0.20824783
570 330 591 356 0.17487958
795 353 816 380 0.11339909
485 334 505 360 0.106267475
982 532 1020 587 0.099503145
816 350 841 381 0.09338676
509 359 529 385 0.07336187
413 331 434 357 0.06877473
849 354 871 382 0.064898685
584 464 606 491 0.06457981
943 386 968 417 0.057614844
491 353 513 381 0.05322572
203 679 236 719 0.049394313
537 455 558 482 0.048799135
558 383 580 409 0.04840712
737 506 768 549 0.044835627
496 380 517 406 0.04463017
888 510 930 561 0.042829517
718 378 739 405 0.04282604
589 359 609 385 0.041580822
634 330 655 357 0.037505563
313 487 338 520 0.035327833
569 357 590 383 0.03485247
77 306 102 337 0.034520347
884 554 930 609 0.03166819
776 353 798 381 0.030317241
569 309 592 338 0.030158587
641 361 662 387 0.03004425
775 387 799 414 0.029588915
887 247 918 286 0.029572245
866 354 890 386 0.029271014
616 359 635 384 0.028155755
361 463 385 492 0.028032154
460 355 482 383 0.02733536
740 377 762 404 0.025596395
897 415 924 446 0.025005644
183 431 208 462 0.023272207
405 583 437 619 0.023029601
479 438 500 465 0.023029447
50 308 72 337 0.02269517
510 333 532 361 0.022576775
306 357 328 385 0.022489808
544 333 564 359 0.021667302
637 378 659 406 0.020800592
