0_Parade_Parade_0_913
19
245 146 455 395 0.9991886
620 196 834 436 0.9991431
32 104 103 210 0.98670363
471 43 554 155 0.44280094
178 72 262 187 0.43354604
75 38 141 122 0.36597633
967 56 1008 109 0.3603191
872 63 913 118 0.27730796
771 40 811 87 0.08965066
567 84 676 223 0.07414101
643 12 790 184 0.03293038
530 325 633 494 0.032067314
832 276 982 493 0.03186666
919 100 961 154 0.029728523
143 225 231 332 0.02302342
112 261 255 443 0.022661801
-3 53 64 159 0.021095783
179 482 310 654 0.021073904
49 109 182 282 0.02062999
