0_Parade_marchingband_1_227
129
898 114 957 183 0.87120116
462 130 490 165 0.3161026
516 95 541 127 0.3127921
81 78 104 107 0.30908674
769 102 800 142 0.26040152
101 77 124 105 0.23600434
565 81 588 110 0.22486903
56 74 78 101 0.21531512
251 83 278 116 0.2128498
639 78 667 112 0.20385455
611 122 637 153 0.1972227
304 95 327 124 0.17870899
359 68 386 102 0.17337838
413 98 439 131 0.17213674
505 152 528 182 0.17196494
694 98 720 132 0.16552478
714 103 744 139 0.14603868
29 101 54 130 0.14386778
583 174 608 206 0.13160905
537 41 561 71 0.12525158
835 126 864 163 0.12243066
617 74 642 105 0.1205214
593 129 619 161 0.11528454
332 97 355 125 0.11416988
124 97 147 125 0.11130203
488 77 514 108 0.11124904
583 149 610 181 0.110519424
231 103 257 135 0.10807155
175 105 198 134 0.107218124
385 97 411 129 0.10479067
46 149 72 179 0.102913685
381 74 406 105 0.097900145
286 80 309 110 0.09426464
5 73 26 103 0.09289709
413 152 437 182 0.090926
855 7 900 58 0.08280872
564 131 588 163 0.082022645
513 252 538 284 0.075598955
234 23 259 55 0.07408999
436 80 458 107 0.07257058
205 70 226 97 0.07235617
465 204 490 237 0.06997265
28 127 53 157 0.067665026
484 51 510 83 0.06754082
432 173 456 204 0.06543541
662 93 691 129 0.06488323
745 101 775 140 0.06316385
301 121 324 153 0.06256675
325 20 353 54 0.061745908
380 123 404 155 0.0609759
19 53 45 84 0.060674325
328 179 353 209 0.059918262
908 8 948 49 0.059881274
159 73 183 103 0.0598574
537 124 563 157 0.058471296
405 246 433 282 0.054150254
667 48 694 83 0.053389255
790 112 820 149 0.05308998
161 132 184 160 0.05132941
707 146 737 183 0.05115411
542 201 568 232 0.05046652
360 128 385 160 0.050049264
511 126 536 158 0.04973805
335 126 360 158 0.048614066
462 99 486 127 0.048458178
536 179 561 209 0.04743003
285 147 310 180 0.047089845
637 2 666 30 0.046506826
122 19 149 54 0.04607979
403 297 431 334 0.0451952
543 80 567 110 0.045030456
818 143 848 179 0.044496324
667 18 695 52 0.044482287
331 247 356 279 0.044390243
384 14 412 48 0.044031214
105 54 129 84 0.04307421
334 47 363 82 0.042614985
356 202 378 230 0.04048871
592 77 616 109 0.039929066
332 150 357 181 0.037937332
251 128 276 159 0.036420297
458 19 483 51 0.036387794
306 45 330 75 0.036100596
535 226 560 256 0.035879675
248 48 275 80 0.03576544
210 102 235 135 0.0353468
611 51 637 84 0.035115123
310 172 336 205 0.033293087
177 72 203 102 0.03319018
812 101 843 142 0.032684747
3 16 27 51 0.03236533
690 3 722 37 0.03226246
634 120 660 151 0.032108128
104 127 131 160 0.032016765
176 153 198 181 0.03189946
386 146 412 179 0.031468693
517 25 542 57 0.031410158
80 10 108 46 0.030958315
462 77 485 107 0.029548967
461 48 485 80 0.029425228
123 45 148 78 0.02923751
314 229 340 262 0.028697018
882 194 918 238 0.027793754
609 201 634 232 0.027724825
458 178 484 209 0.027598687
670 149 698 183 0.027077228
873 -3 954 79 0.026842948
359 -1 392 35 0.026753258
2 94 24 126 0.026349341
671 118 700 153 0.025834383
279 27 309 62 0.025636429
611 25 637 56 0.025528403
641 255 667 288 0.0250527
669 174 699 211 0.02428998
484 3 513 36 0.024192397
437 124 463 158 0.023606068
791 75 820 117 0.023599239
315 203 341 235 0.02317153
762 170 791 206 0.023106214
639 53 666 86 0.02264053
788 17 824 65 0.02262268
286 230 310 260 0.022559408
863 42 959 155 0.022030214
489 167 516 200 0.021492297
184 174 207 202 0.02125983
350 224 379 260 0.021185232
812 70 842 112 0.021156497
439 48 465 81 0.021002954
51 169 77 200 0.020181872
