0_Parade_Parade_0_218
21
740 387 773 427 0.24139349
363 244 483 374 0.13105524
938 526 974 569 0.09511793
821 235 852 275 0.093089394
78 134 117 186 0.062339872
837 303 867 342 0.049751353
177 219 211 269 0.04826616
911 551 942 588 0.034986056
406 360 555 518 0.033480983
647 212 693 261 0.032219622
7 7 42 55 0.031366378
719 399 752 439 0.031231184
840 375 869 410 0.028663121
869 533 894 565 0.025672905
941 277 969 312 0.025662705
624 274 663 322 0.024559079
224 305 258 353 0.02402343
501 268 599 372 0.02375833
995 554 1020 594 0.023520377
641 265 786 434 0.023461817
836 350 864 386 0.020804279
