0_Parade_marchingband_1_695
69
570 91 638 175 0.9797163
842 189 886 245 0.92519593
313 176 357 231 0.5745241
461 184 494 225 0.2476565
508 316 537 356 0.23897098
181 213 211 252 0.23230201
149 247 177 282 0.19195625
383 190 414 230 0.15590194
14 297 43 333 0.15137985
789 275 823 319 0.112516716
748 257 781 297 0.10879937
434 198 468 242 0.10427616
659 308 690 348 0.09622555
54 255 76 284 0.07053408
101 253 122 281 0.068781406
944 383 984 434 0.063238494
507 166 542 210 0.05948283
956 245 997 294 0.055591017
82 251 104 280 0.05332934
50 308 75 339 0.05319062
276 218 308 257 0.051124323
271 353 300 390 0.05036326
307 130 336 167 0.050292216
992 213 1023 257 0.047844216
922 101 948 134 0.046774928
526 215 560 262 0.04545416
941 225 974 265 0.044915773
150 349 175 380 0.04452164
307 331 334 367 0.043876342
510 350 546 393 0.0422052
790 324 819 364 0.04151286
929 13 967 55 0.040419012
765 148 795 185 0.03899705
916 241 953 287 0.037554935
354 295 380 330 0.037403766
993 62 1018 98 0.03645455
976 118 1004 157 0.036340326
159 202 184 233 0.035561923
786 166 828 216 0.034237266
685 320 720 361 0.033786546
326 349 353 383 0.03366116
814 119 842 154 0.03291333
843 104 868 136 0.03257864
923 321 953 360 0.032335885
739 301 773 344 0.031101555
451 256 496 315 0.03082208
943 101 970 135 0.03037769
128 275 152 305 0.03030225
282 173 311 211 0.029196022
257 173 284 208 0.028929891
869 105 894 137 0.028763104
406 215 436 253 0.028063377
203 302 230 337 0.027420687
739 478 766 512 0.026098708
169 200 230 275 0.02550898
132 307 155 336 0.025382709
75 348 102 380 0.025157832
748 127 774 160 0.02489614
404 178 435 216 0.024418171
101 351 125 382 0.02367053
148 305 175 336 0.022169616
134 330 159 362 0.021907799
484 209 523 258 0.021901777
803 248 836 290 0.021874156
718 379 750 420 0.021720054
767 300 803 348 0.021704562
307 382 333 415 0.021616342
174 276 200 310 0.020702975
994 100 1022 141 0.020042922
