0_Parade_marchingband_1_439
146
890 483 929 536 0.56433403
330 451 357 485 0.5230129
357 453 384 486 0.21393164
23 460 52 496 0.2009214
478 454 507 491 0.19461179
741 428 768 462 0.17653348
542 458 573 496 0.16754109
265 459 293 491 0.16664894
229 429 254 460 0.16548938
774 379 799 412 0.15997851
855 616 903 679 0.15719883
722 409 749 443 0.15507336
789 402 813 434 0.15084009
928 326 955 361 0.14602882
379 485 406 519 0.14205146
182 583 213 626 0.13983792
360 360 383 391 0.12942557
381 532 417 577 0.12417511
157 454 184 489 0.12131236
277 430 301 459 0.11928973
968 435 1003 480 0.11807504
406 431 432 463 0.11755894
403 506 434 543 0.102548465
870 384 896 418 0.09326148
70 436 96 469 0.09314473
662 428 690 461 0.09238505
175 462 203 499 0.09200172
201 462 228 497 0.08758599
592 449 621 486 0.08641528
895 356 920 388 0.083525434
869 459 904 502 0.08170718
542 427 569 461 0.077799894
763 435 789 468 0.074289255
505 404 532 438 0.07327165
6 427 31 460 0.072950564
464 434 490 465 0.070824206
693 428 719 461 0.06955902
612 407 639 441 0.06842791
810 528 848 578 0.06822282
130 429 153 459 0.065406874
313 432 340 465 0.060652662
797 359 820 388 0.060320005
439 414 462 444 0.060257286
51 599 85 643 0.058516756
72 406 96 436 0.057473604
744 453 773 490 0.057204332
379 459 405 491 0.057155184
643 299 670 333 0.056779083
49 454 76 489 0.055739988
190 604 228 655 0.05475346
151 522 185 564 0.05435021
180 403 206 436 0.053286012
559 415 585 448 0.053189903
608 373 639 413 0.051793933
874 432 902 466 0.051326394
847 401 871 434 0.050762635
647 406 674 441 0.049995765
437 475 467 514 0.049600516
382 386 407 419 0.049579065
256 415 280 446 0.049332064
893 334 918 365 0.04887957
876 354 902 386 0.048237737
459 301 485 334 0.048189856
943 348 970 383 0.047847673
307 411 330 442 0.047816902
817 361 839 389 0.047031198
432 506 463 546 0.046741463
269 475 302 513 0.044595625
177 511 206 548 0.044307675
819 381 844 414 0.043951206
924 352 949 386 0.043248173
332 379 356 410 0.041942343
519 352 543 383 0.04179816
123 486 156 526 0.04066718
926 409 953 442 0.03873181
973 405 1003 446 0.037897103
377 253 404 288 0.03784389
341 357 365 389 0.03777682
102 455 127 487 0.03762534
205 412 227 442 0.037437037
687 363 710 394 0.037338775
509 454 538 493 0.036829263
425 554 470 610 0.03650698
454 498 492 547 0.0358606
230 452 258 486 0.03560505
99 485 132 528 0.03548172
686 455 723 498 0.034602087
359 531 388 570 0.034210775
0 507 30 554 0.034196205
995 350 1021 390 0.033862654
154 408 178 439 0.032994635
408 387 431 417 0.032971334
126 577 165 627 0.03269187
925 430 958 471 0.032469705
132 453 160 488 0.03157228
249 537 280 576 0.03148077
356 504 384 539 0.031401794
891 406 918 440 0.031341616
676 508 721 566 0.03131783
175 381 201 413 0.030756354
459 332 488 367 0.030675992
-6 707 38 777 0.030549018
14 557 49 608 0.030351268
843 657 905 737 0.029969487
311 382 335 413 0.02911707
786 425 816 463 0.02851972
710 625 754 697 0.028454779
534 338 560 371 0.02836623
459 413 483 443 0.028246745
147 555 185 605 0.02824086
364 407 386 435 0.02817845
717 458 746 497 0.027994622
845 495 891 556 0.027727988
71 272 99 309 0.026461303
276 539 318 587 0.026000177
78 503 105 537 0.024621079
148 627 185 672 0.024552694
312 474 344 513 0.024255954
387 324 413 357 0.023788093
533 575 576 641 0.02368926
669 380 693 412 0.023559859
211 356 235 388 0.023335403
796 335 822 365 0.02321507
43 560 74 605 0.022900308
51 505 81 542 0.02289895
642 450 677 493 0.022852292
160 354 187 388 0.02259199
260 380 283 409 0.022530325
284 378 309 410 0.022425307
661 630 701 683 0.022151388
43 480 72 516 0.021742517
110 411 134 443 0.021731216
996 473 1026 519 0.02137886
338 332 363 363 0.021197353
821 428 852 467 0.02116264
337 527 367 567 0.021133393
228 332 250 360 0.02105051
330 409 354 438 0.020916348
636 497 679 553 0.020902466
362 310 385 340 0.02089767
531 677 581 740 0.020709343
762 471 797 515 0.020618845
69 527 99 566 0.020560626
483 305 507 336 0.020337125
936 422 1000 506 0.020210303
206 380 230 412 0.02001382
