0_Parade_Parade_0_459
23
401 748 494 874 0.9722677
290 630 396 761 0.9159403
138 648 234 773 0.8774409
187 807 286 947 0.33064264
18 898 103 1007 0.27270082
159 577 227 660 0.2626094
427 595 489 680 0.2090367
538 658 628 775 0.0853047
455 556 516 631 0.05973765
260 565 331 650 0.053488966
104 591 174 677 0.046124972
1 490 59 584 0.036332387
454 701 577 865 0.03210346
336 877 438 1011 0.028557431
124 863 170 925 0.028230093
20 813 102 933 0.027766187
324 1080 373 1141 0.026082685
194 548 284 669 0.024358323
488 497 530 551 0.02241176
765 496 858 619 0.022089055
237 669 292 750 0.021839825
211 654 326 793 0.02122426
681 -7 914 238 0.020206837
