0_Parade_marchingband_1_869
28
520 207 573 272 0.93159246
68 193 130 266 0.87754774
297 208 358 281 0.76803106
703 328 749 385 0.65084976
600 247 644 303 0.4873904
864 335 921 401 0.43998435
12 317 50 365 0.36304882
957 458 1002 521 0.15518254
157 275 195 329 0.096866734
653 475 693 527 0.060528006
478 263 517 309 0.059893664
697 502 737 552 0.05339152
379 248 417 298 0.048116915
147 229 187 281 0.04406846
880 596 924 652 0.043978486
682 246 718 293 0.042242233
470 364 506 410 0.041757293
113 320 147 365 0.030819342
980 526 1012 571 0.029640898
783 348 820 397 0.02959027
400 372 430 413 0.027352212
132 379 164 419 0.02624438
599 370 632 415 0.024722308
249 351 287 398 0.024435824
810 423 843 470 0.02428388
125 353 155 392 0.022341205
85 256 131 314 0.021962972
-4 215 27 268 0.021731323
