0_Parade_Parade_0_873
178
816 509 874 585 0.7993555
618 495 657 549 0.638538
318 463 365 526 0.6370621
982 474 1020 530 0.58648264
716 412 746 451 0.50873893
904 351 934 389 0.4635405
578 329 608 367 0.45408624
106 591 165 672 0.44514441
734 491 770 539 0.43235046
816 306 841 338 0.38250685
636 310 663 343 0.37284824
789 407 820 448 0.34826466
919 421 955 467 0.29008895
739 253 762 281 0.27605674
663 433 692 470 0.27542126
404 321 431 354 0.2679567
920 297 946 331 0.23897871
956 343 988 382 0.23319136
462 538 512 608 0.22996739
528 345 560 385 0.21713015
69 454 108 507 0.21690041
768 357 795 392 0.20657167
30 624 78 681 0.201699
743 301 769 335 0.19917189
707 351 733 383 0.18592788
557 447 587 487 0.17351276
77 358 103 389 0.17051879
454 342 483 379 0.16442364
763 300 788 331 0.15850596
857 326 885 360 0.1570029
664 379 692 416 0.15526819
876 481 916 532 0.15407343
540 428 571 469 0.15262292
832 434 862 473 0.14328302
816 248 841 280 0.14325136
737 330 762 363 0.1402229
850 369 878 406 0.13974088
685 378 714 414 0.13521904
717 298 742 329 0.13072091
894 410 925 453 0.12833332
988 296 1015 333 0.1243941
681 533 713 577 0.119910516
256 348 285 385 0.1191264
77 530 114 575 0.11883661
587 378 616 416 0.11676563
798 284 822 313 0.115200475
609 378 638 415 0.110499255
273 569 310 617 0.10882127
478 310 501 337 0.10877817
322 407 352 446 0.10504393
652 480 689 527 0.10480752
33 567 82 628 0.102909476
150 407 180 443 0.10152632
439 357 465 392 0.10026847
509 457 537 493 0.09939461
564 479 595 516 0.09909532
633 357 658 389 0.098373085
43 505 75 545 0.09774056
789 352 820 392 0.0971403
356 353 384 388 0.096463345
662 310 686 341 0.09432685
565 383 592 418 0.09193058
844 308 872 343 0.089988135
809 374 837 409 0.08783612
714 378 740 412 0.084748276
943 283 967 315 0.08310476
862 281 886 310 0.083035074
46 429 81 473 0.08235987
308 351 333 384 0.07992603
27 524 62 569 0.0781713
742 383 767 416 0.07736929
765 451 802 500 0.07653139
675 618 714 669 0.07556542
594 552 626 593 0.0755631
759 517 795 562 0.07541255
362 330 387 361 0.074035525
942 563 1004 644 0.07268175
186 619 240 677 0.07252094
174 497 208 541 0.07095423
479 389 510 429 0.06862104
375 466 411 518 0.06759956
39 400 73 442 0.06716957
94 491 134 541 0.0661754
961 378 996 420 0.06553113
126 349 154 384 0.06506966
656 540 696 589 0.0644753
531 307 555 336 0.06426615
131 380 160 414 0.06396641
406 355 434 391 0.06390833
835 256 864 291 0.06374838
333 378 357 409 0.06365767
719 455 750 497 0.061647903
588 504 621 548 0.060464326
689 431 716 467 0.060283296
79 394 111 433 0.060178198
224 400 256 441 0.06002735
974 283 998 314 0.05733324
-3 468 26 513 0.056933705
457 400 486 438 0.056591474
105 432 135 471 0.056101445
950 480 982 520 0.054961544
476 328 503 362 0.054890815
206 383 235 421 0.054764852
619 326 648 363 0.053483695
383 373 409 405 0.053127177
527 588 563 634 0.05245181
285 376 308 407 0.051038202
281 452 308 488 0.050425977
648 580 680 619 0.049830217
795 231 819 262 0.04934163
512 431 538 465 0.04931637
177 358 202 389 0.04915668
769 329 794 362 0.049005803
382 322 411 359 0.047707777
904 278 929 309 0.04769872
697 286 720 314 0.04699814
22 474 52 514 0.04656488
509 404 534 435 0.045643486
389 631 436 682 0.045439225
898 257 922 288 0.04443477
509 375 538 413 0.043799922
21 350 48 382 0.043177612
165 575 208 633 0.042612374
426 480 463 528 0.041715197
961 418 994 462 0.04100245
307 378 332 409 0.04084575
641 405 671 442 0.040417686
556 528 594 575 0.040154725
248 410 276 447 0.038838636
271 527 311 584 0.038255416
1 570 38 631 0.038147483
708 526 739 569 0.036952645
399 401 430 438 0.03641077
436 329 462 363 0.036365047
59 593 114 664 0.036289666
354 404 383 440 0.034788616
427 546 467 601 0.034409713
376 426 414 478 0.034095462
489 477 518 515 0.03350083
150 535 180 573 0.033198576
505 497 539 537 0.033162445
759 576 796 619 0.032860942
228 581 264 632 0.032505516
868 626 908 679 0.032028314
484 349 512 384 0.03196195
537 371 568 409 0.03185924
349 633 403 689 0.031347603
149 347 178 383 0.031261597
222 523 256 567 0.030709684
276 633 315 679 0.030696945
164 430 196 468 0.029965803
255 595 290 644 0.029797839
943 445 979 490 0.029032154
611 421 646 465 0.028624302
583 431 615 473 0.02828176
917 260 941 289 0.028151618
219 311 246 341 0.027585799
6 322 32 359 0.027106626
887 451 922 495 0.026843015
780 499 817 551 0.026505819
206 353 232 386 0.026302952
274 333 300 364 0.026138185
427 310 449 340 0.026113492
328 331 355 364 0.02572993
207 424 238 461 0.024650652
324 559 358 605 0.024500856
121 556 155 600 0.024405345
870 259 893 290 0.024057696
396 449 440 510 0.02389408
534 547 571 599 0.02375905
0 380 26 418 0.02340715
535 474 567 513 0.023173772
254 453 283 489 0.022950007
484 427 513 464 0.022521595
199 557 236 602 0.02175339
555 577 593 626 0.021226302
886 548 925 597 0.021169333
986 395 1017 441 0.020219129
