0_Parade_marchingband_1_488
49
38 256 64 288 0.1282446
311 333 338 366 0.09399466
396 194 427 231 0.091504894
442 179 470 214 0.08956524
762 361 787 392 0.08037509
593 322 617 352 0.076845124
340 140 373 183 0.06612406
493 332 517 362 0.058999646
67 114 99 154 0.05787206
76 228 104 263 0.04804557
478 202 507 238 0.047986284
205 244 240 287 0.044489563
439 227 465 259 0.04363716
440 272 465 304 0.043101456
458 199 486 235 0.040383745
532 379 557 410 0.03994597
591 355 614 383 0.03797151
380 273 407 305 0.037541565
279 323 306 358 0.037060883
74 279 106 318 0.036639284
262 165 295 204 0.036175326
510 356 534 384 0.034119636
100 251 126 282 0.033959996
695 330 721 364 0.032981843
392 306 417 336 0.032730367
352 197 378 228 0.032418974
485 299 511 330 0.032164786
457 272 486 310 0.031595867
262 274 286 305 0.030217003
332 306 363 341 0.02955698
331 226 362 262 0.02872862
455 150 481 183 0.02867136
126 187 168 239 0.027696125
308 306 334 339 0.026544599
711 346 737 376 0.025970984
667 330 689 360 0.025924088
393 143 424 181 0.024122762
458 355 482 384 0.023830647
403 322 430 355 0.023782402
358 276 386 309 0.023606047
4 104 28 141 0.022685524
351 324 382 360 0.02263595
275 200 309 239 0.022608474
565 356 587 383 0.022485787
271 253 304 293 0.022029193
488 153 515 187 0.021962734
223 117 253 157 0.021806784
15 305 51 346 0.020406494
402 224 433 260 0.020173997
