0_Parade_Parade_0_275
83
919 657 948 692 0.09080849
897 639 923 671 0.07041441
614 691 639 723 0.058640376
927 508 951 536 0.055113975
821 566 844 594 0.05370427
878 615 901 644 0.052366085
828 487 851 514 0.05155961
819 251 840 277 0.048863795
826 510 849 536 0.046805497
949 534 972 561 0.046708994
843 508 864 535 0.04463675
973 435 999 467 0.04424401
795 564 818 593 0.04372416
875 539 898 566 0.042976495
773 539 795 567 0.042600926
953 611 977 641 0.041981496
920 432 941 457 0.041179992
1000 455 1022 486 0.040425573
790 465 811 491 0.03740714
972 659 998 693 0.037058134
721 515 743 542 0.036984693
848 589 872 617 0.03551314
924 560 948 588 0.035267
875 488 898 517 0.035052646
645 640 667 667 0.034613214
924 538 949 568 0.034075744
674 534 696 561 0.03368725
766 662 790 691 0.03360129
747 204 768 229 0.033321064
947 355 968 382 0.032244027
690 486 714 514 0.032157425
774 585 797 612 0.03213913
829 463 851 490 0.032115914
771 641 797 673 0.031598434
995 602 1022 640 0.03157122
920 688 946 717 0.031387474
764 482 788 511 0.030586455
952 587 974 615 0.030578826
774 562 796 590 0.03032376
924 589 950 620 0.029619478
872 590 895 618 0.029207353
847 614 872 644 0.029177649
587 559 610 589 0.028887767
825 155 847 181 0.028858416
974 610 998 642 0.028790632
956 436 977 462 0.028755298
903 410 924 435 0.028714346
976 588 1000 618 0.028581273
688 513 711 541 0.028407129
975 563 998 592 0.0281419
952 413 973 440 0.028137969
899 457 922 485 0.028059846
950 660 975 693 0.027192697
875 510 898 537 0.026922915
947 485 972 516 0.026842665
898 489 921 517 0.026746139
952 565 975 592 0.026502742
978 255 998 283 0.026480455
720 664 745 694 0.026393825
794 586 818 615 0.02605562
851 174 928 263 0.025839876
790 540 813 567 0.025780406
666 643 690 673 0.025004065
824 617 848 647 0.024712943
953 458 976 486 0.02452997
641 586 663 615 0.024181435
714 693 737 720 0.023533164
746 465 767 491 0.023158593
847 537 870 565 0.023045614
764 690 789 720 0.022584865
873 562 898 591 0.022388611
825 538 847 565 0.022320857
981 510 1004 540 0.022307513
687 662 712 690 0.022053985
766 718 789 745 0.022052154
791 612 816 642 0.021931417
667 562 692 593 0.021582946
873 691 898 722 0.021292508
846 564 870 593 0.021270601
978 537 999 565 0.021127189
897 539 920 567 0.020491233
975 686 1000 719 0.020242132
877 458 899 486 0.020139933
