0_Parade_marchingband_1_556
73
350 255 374 287 0.6626121
716 267 752 315 0.43051812
973 257 1000 294 0.4289173
575 316 605 355 0.3357114
976 351 1017 412 0.27556795
644 254 668 284 0.2536841
158 299 187 335 0.2314024
121 271 158 316 0.15375191
289 252 310 280 0.10838628
652 374 681 413 0.10768644
45 428 73 463 0.10739838
505 283 529 314 0.10497698
645 274 673 312 0.10370175
480 353 508 387 0.08717103
487 300 512 332 0.0816717
545 173 571 206 0.07760019
203 301 228 335 0.07749742
787 283 811 317 0.075085476
204 354 229 387 0.07142666
562 252 585 283 0.06427609
305 275 331 308 0.061338227
464 309 486 339 0.060479626
173 324 200 358 0.059857637
75 302 103 337 0.056576073
593 412 619 445 0.056195572
739 235 766 268 0.051341284
486 229 511 262 0.04940467
78 328 107 364 0.046967156
339 384 366 418 0.045877207
519 249 544 280 0.043619376
564 379 586 407 0.042252004
153 380 181 416 0.038962487
737 324 767 363 0.038904324
102 195 133 232 0.037377022
45 377 71 412 0.037304677
334 302 360 336 0.03666742
417 232 440 264 0.03632957
542 440 567 473 0.03579128
533 233 558 265 0.035714205
362 334 387 366 0.035246555
460 281 481 309 0.03385884
176 286 205 324 0.033074997
259 283 284 314 0.03136014
443 279 465 309 0.029980293
181 351 210 386 0.0292286
262 251 286 282 0.028865319
50 452 80 490 0.028375108
202 328 229 363 0.027833179
589 385 612 413 0.02777672
285 276 310 308 0.027197609
658 293 688 334 0.026756128
538 310 561 340 0.02647809
970 288 1001 330 0.02632746
441 307 464 338 0.026191963
739 177 762 208 0.02583647
79 273 109 311 0.02506506
281 400 309 433 0.024579821
790 325 819 365 0.0245041
53 479 85 518 0.023872012
765 258 792 294 0.023867179
521 331 545 362 0.023833297
126 355 155 389 0.023033509
620 279 647 313 0.023002636
96 254 136 303 0.022959534
698 252 726 289 0.022014825
96 293 129 333 0.021917874
955 252 1014 332 0.021629514
96 383 129 423 0.021404305
475 401 509 441 0.021156238
233 380 258 411 0.021115875
659 433 688 468 0.021053942
1002 216 1028 255 0.020995636
669 234 692 264 0.020436903
