0_Parade_Parade_0_288
57
744 373 771 407 0.10686516
764 383 790 417 0.106269464
738 307 761 336 0.09279223
378 270 405 305 0.08782802
358 280 385 313 0.08297855
425 223 450 253 0.076350324
408 209 432 237 0.07498083
425 256 451 287 0.07480687
482 226 506 255 0.071370564
511 277 535 307 0.070500605
535 381 556 407 0.066763505
467 199 492 231 0.061037064
486 205 510 235 0.060929146
503 120 532 157 0.054295067
516 332 540 361 0.05163563
537 359 558 386 0.051479384
484 254 510 285 0.048515093
490 149 513 177 0.047763992
637 401 661 431 0.045748547
814 303 839 334 0.045599323
693 411 716 439 0.045022357
565 297 588 326 0.04323859
191 488 216 522 0.037755705
275 431 308 470 0.03715372
336 285 359 314 0.0371005
582 296 607 328 0.03652615
510 198 531 226 0.036486834
540 285 563 313 0.036304794
376 357 400 389 0.036229193
364 332 389 361 0.035937946
466 333 491 364 0.034713984
715 359 740 393 0.0345531
781 405 808 438 0.034308024
637 328 660 357 0.034194335
569 404 592 433 0.032849036
690 359 714 392 0.03254155
562 353 585 382 0.031591024
989 318 1018 359 0.031498447
564 382 587 410 0.031275414
618 305 643 336 0.03000246
583 335 605 363 0.029948723
583 383 606 411 0.027166616
813 273 840 308 0.027130151
490 180 512 208 0.027042504
328 378 355 410 0.026759114
947 328 975 361 0.025341615
328 325 352 354 0.023554847
516 302 541 333 0.02355034
433 351 458 380 0.023410544
669 353 695 386 0.023357786
534 334 557 362 0.021814357
384 226 408 255 0.021716375
329 234 352 263 0.021397945
508 226 530 254 0.02106021
414 356 438 386 0.020535963
845 249 872 283 0.020519603
232 451 258 486 0.020111611
