0_Parade_Parade_0_757
42
235 72 439 344 0.9992642
750 275 778 312 0.23412728
880 576 911 614 0.22561859
915 537 947 575 0.20748939
697 259 722 290 0.16627267
649 230 675 263 0.13713413
553 257 580 291 0.072809495
763 251 787 284 0.072251536
949 503 976 538 0.06348653
709 329 743 371 0.059928473
809 559 842 600 0.05718641
919 575 952 613 0.05313249
658 251 683 284 0.05164998
940 531 967 567 0.051362466
592 252 618 283 0.04973747
877 608 911 649 0.048183285
656 301 688 341 0.04315375
849 257 874 286 0.0425226
667 455 704 497 0.041768745
771 588 797 621 0.041465744
984 628 1016 672 0.040044736
788 578 817 615 0.037548844
712 270 740 305 0.0366993
660 273 691 311 0.035913356
835 269 865 307 0.03521525
527 551 557 589 0.034370463
840 490 880 536 0.034139104
687 377 719 417 0.03241555
842 533 873 571 0.031530842
736 320 769 361 0.026823523
561 427 592 465 0.02564408
712 366 748 411 0.024318362
479 508 519 556 0.024026321
612 253 636 285 0.02366956
818 299 854 346 0.022183182
609 275 634 307 0.021526499
733 260 793 333 0.020571807
688 540 714 572 0.020500535
528 302 559 342 0.020418756
736 352 771 397 0.02034821
997 553 1023 591 0.020296823
604 303 632 338 0.020267528
