0_Parade_Parade_0_286
54
316 482 357 536 0.49485302
393 403 433 450 0.32912782
0 470 36 521 0.32744622
971 568 1016 629 0.2990795
464 402 495 441 0.19623633
953 446 985 489 0.16871169
455 528 481 561 0.12695526
898 520 940 572 0.12186594
432 477 459 511 0.12048939
662 437 704 489 0.097311
438 508 465 541 0.08500984
280 562 318 609 0.08308346
487 483 512 514 0.075833194
246 462 280 508 0.07527029
325 377 357 416 0.071470365
382 482 412 521 0.06069378
42 477 77 525 0.059091818
565 532 601 576 0.057275996
460 460 485 493 0.056735862
410 457 448 503 0.054019425
537 552 569 595 0.051824104
490 561 521 602 0.051282037
511 478 537 511 0.047601704
474 429 503 465 0.044078264
599 484 632 524 0.039198097
287 472 320 515 0.03614242
197 439 264 523 0.036129817
531 436 558 467 0.03481831
351 383 380 420 0.034813322
78 527 112 575 0.033843495
354 588 385 629 0.033762194
281 425 317 470 0.033756252
534 514 561 549 0.033604763
252 512 294 567 0.032887045
889 414 936 467 0.031996466
493 330 523 367 0.03058039
562 574 596 613 0.028296527
194 358 226 397 0.02785324
61 455 101 501 0.027648
925 449 959 490 0.027606715
3 368 53 429 0.02729473
324 328 358 373 0.027246555
295 341 364 426 0.026896983
413 500 445 540 0.026784888
327 602 363 647 0.026605995
936 429 998 510 0.026388183
254 405 290 451 0.026336579
455 557 485 595 0.02444673
710 445 748 491 0.024163362
353 461 382 500 0.023234501
606 387 641 429 0.022800645
203 551 240 601 0.021328626
735 429 775 478 0.021195276
515 534 546 574 0.020824412
