0_Parade_marchingband_1_476
125
855 87 894 140 0.94793
746 175 794 240 0.87490416
615 211 647 252 0.7118074
800 125 844 178 0.68159336
523 169 550 203 0.5690013
453 225 482 260 0.5644735
428 283 463 326 0.5298535
592 159 618 195 0.4549402
721 283 749 319 0.37631375
687 165 718 202 0.33524796
338 273 363 304 0.31267664
358 219 385 253 0.29852158
284 251 311 286 0.27648
252 251 281 287 0.2632465
607 349 636 387 0.26073888
412 197 435 227 0.19941661
462 202 489 235 0.19014569
696 329 723 365 0.18402907
387 208 414 242 0.18195434
207 251 230 279 0.1515588
685 39 715 75 0.14941348
437 183 460 211 0.13850024
486 180 511 212 0.1289145
700 201 731 240 0.12177886
574 78 599 110 0.099556446
619 49 642 78 0.09701409
672 127 697 161 0.08463346
569 226 597 260 0.07474048
539 282 566 317 0.0744305
48 230 75 263 0.069058925
828 193 864 238 0.067165464
634 271 663 306 0.06389037
615 26 638 54 0.06384746
795 3 825 34 0.06304845
180 177 207 212 0.062391136
514 220 539 251 0.06168674
623 102 648 134 0.06145409
204 177 235 213 0.061016288
436 354 463 385 0.058801103
564 131 589 162 0.057980087
591 222 619 258 0.05766888
484 274 512 311 0.055829823
589 334 619 370 0.055443473
491 102 513 129 0.054720126
693 101 718 134 0.053794615
723 29 748 61 0.0537814
179 234 205 267 0.053498868
743 26 770 60 0.05217501
558 2 588 35 0.050981246
354 255 382 290 0.05077548
669 225 696 259 0.050344642
542 130 568 163 0.05007386
605 169 633 206 0.050011896
569 327 595 360 0.04943396
995 13 1028 58 0.047637433
590 279 618 314 0.04656676
20 247 54 289 0.046297256
538 77 559 105 0.0457959
436 244 464 279 0.044333145
622 69 646 99 0.043845378
850 24 877 58 0.042024747
331 208 356 240 0.041841816
335 127 358 156 0.041610576
596 23 621 54 0.04149634
156 181 182 214 0.041341506
770 271 801 309 0.040887114
530 358 559 392 0.040193055
72 249 98 282 0.039555326
158 306 184 337 0.039359186
675 324 704 361 0.038755022
233 237 262 274 0.038575564
302 304 330 337 0.038037516
520 80 542 108 0.037471548
772 72 800 108 0.03694493
584 250 612 285 0.03642589
303 227 329 260 0.036045387
767 22 793 55 0.036044884
741 96 768 131 0.035995826
773 46 801 80 0.035174027
384 259 410 292 0.034208886
665 249 695 286 0.03345911
638 123 666 161 0.033356406
255 312 279 343 0.032700684
467 105 490 134 0.032547828
531 200 562 237 0.030576749
414 254 441 290 0.030316927
233 269 263 305 0.029428061
565 302 593 337 0.029165259
393 185 418 215 0.0291149
811 18 842 54 0.028949648
388 130 410 157 0.027486453
261 174 286 205 0.027440911
179 285 202 315 0.027031425
744 362 776 402 0.027031176
6 270 34 308 0.027005812
411 129 434 157 0.026884865
410 323 440 359 0.02687488
415 359 441 389 0.026594652
412 222 438 256 0.026394194
360 127 382 155 0.026350446
594 52 616 80 0.026333043
286 202 312 233 0.026165536
435 125 460 156 0.025299732
516 272 549 315 0.02518735
613 5 640 34 0.02497841
305 273 331 306 0.02487451
716 93 746 131 0.024835922
133 181 155 211 0.02469142
718 180 749 221 0.024430845
574 169 601 204 0.024106052
817 73 850 115 0.024047788
774 123 808 166 0.023509335
692 71 721 107 0.023410017
614 246 645 284 0.022619078
282 329 306 358 0.021680474
309 150 333 179 0.021452496
613 297 641 331 0.021196898
688 248 718 285 0.021127857
485 120 512 155 0.02108685
894 23 925 59 0.020997556
387 384 414 414 0.020962106
205 278 230 309 0.020776318
871 -3 901 29 0.020643389
434 377 464 407 0.020580282
487 154 514 188 0.020293709
