0_Parade_marchingband_1_759
47
368 17 418 80 0.99155176
496 138 542 196 0.968995
341 123 387 183 0.9498514
176 4 221 54 0.9038816
141 149 183 205 0.88107634
84 12 126 60 0.87669164
583 128 630 188 0.8752586
308 22 349 74 0.8417204
634 112 688 180 0.80762655
136 54 175 104 0.77106977
11 32 45 75 0.52065134
249 240 293 295 0.42014328
403 132 444 186 0.24577534
55 40 88 80 0.20762424
224 12 262 58 0.15523984
240 137 279 190 0.12837863
274 172 309 219 0.06761053
776 123 822 180 0.064596355
47 223 74 258 0.057116833
71 116 104 157 0.054751117
606 356 638 398 0.053980082
404 235 442 282 0.05222243
982 8 1023 66 0.05114215
783 169 854 263 0.045316074
221 93 263 146 0.040884912
47 -1 80 32 0.04077244
343 214 380 262 0.0355295
557 262 602 317 0.034134742
66 143 105 191 0.033354286
486 294 530 346 0.032296065
532 366 574 415 0.031762287
750 275 800 334 0.030760681
24 2 56 35 0.030523354
-2 270 23 309 0.028052848
299 83 344 139 0.027786097
-4 91 24 134 0.027725654
77 189 109 233 0.026213912
526 271 568 325 0.026125794
736 223 774 272 0.025574004
54 92 86 131 0.023840008
839 166 913 266 0.023752185
170 114 215 168 0.02310008
23 198 57 243 0.02287759
195 72 234 118 0.02257292
705 247 753 308 0.022247111
-2 194 26 240 0.020517847
195 165 236 220 0.02040477
