0_Parade_Parade_0_102
108
659 518 682 547 0.33100876
540 534 561 560 0.22545713
592 515 613 542 0.17434269
491 513 512 538 0.16614583
802 435 826 468 0.15856437
516 533 537 559 0.14959924
610 642 633 671 0.14083165
951 500 981 539 0.12683439
414 429 434 455 0.11053003
824 506 851 542 0.1089539
482 456 508 488 0.09440715
282 514 304 541 0.091577455
742 532 765 560 0.08492678
868 453 892 485 0.076966755
286 482 308 509 0.07136067
896 527 920 559 0.069390796
563 663 586 694 0.06916213
385 484 406 509 0.06744987
332 534 351 558 0.06570355
934 433 959 467 0.062835686
841 604 866 635 0.059144076
262 516 282 542 0.05436783
542 482 563 508 0.053890426
509 460 531 488 0.053500462
435 510 456 535 0.052143585
430 561 453 590 0.051586423
58 537 82 565 0.050582547
304 710 331 742 0.049127694
822 562 849 596 0.04879743
480 486 504 514 0.046663687
840 527 866 562 0.045837574
588 660 614 693 0.044533115
23 514 48 542 0.043976333
567 517 587 543 0.043714177
435 539 454 564 0.04335634
687 507 711 537 0.043313943
376 662 401 695 0.042489365
198 250 232 296 0.04194058
413 539 433 564 0.04177201
184 517 203 542 0.041583803
892 584 916 618 0.04097603
695 702 724 737 0.039414257
311 514 331 540 0.039138272
413 510 433 535 0.039005604
873 534 897 565 0.038212974
616 694 644 729 0.03730212
971 691 996 725 0.03659299
770 589 793 620 0.03646926
591 565 614 595 0.036349762
729 510 751 538 0.036021635
668 485 692 515 0.035961904
947 641 973 677 0.03567765
878 560 902 590 0.03544237
423 405 449 439 0.035036866
210 514 230 538 0.03486488
744 684 770 717 0.034685835
643 463 666 493 0.034388058
798 503 820 533 0.03431258
592 437 614 466 0.034060765
971 662 993 693 0.03392857
128 535 150 562 0.03330443
304 486 325 512 0.033168793
587 457 610 487 0.032715417
614 532 636 558 0.031725004
152 564 174 591 0.031367272
379 637 402 665 0.031286485
663 459 686 488 0.030869309
386 510 407 535 0.030255763
126 515 146 540 0.030240795
262 565 284 593 0.029846003
96 377 124 414 0.029459985
333 560 354 586 0.029207371
411 486 432 514 0.028309759
842 488 867 518 0.028018946
874 604 897 635 0.027480679
234 512 254 538 0.027392546
762 507 789 540 0.027173996
559 563 583 592 0.026940903
762 720 789 753 0.02687585
389 541 410 567 0.026873145
151 351 187 394 0.026601478
559 482 582 509 0.026548138
563 588 584 615 0.026447836
686 538 709 565 0.025850452
794 565 819 596 0.025170159
328 707 357 744 0.025122203
511 557 535 586 0.024673821
851 435 880 473 0.024592798
614 562 638 591 0.02413073
434 487 458 516 0.023685906
929 405 953 436 0.023600789
506 275 536 317 0.02332163
691 563 714 591 0.023097396
439 460 461 487 0.022703862
764 661 789 697 0.022603827
311 533 333 560 0.022448843
339 466 359 493 0.022378657
228 638 249 664 0.022176363
361 591 383 618 0.022088733
968 583 995 620 0.021904342
721 563 745 593 0.021856083
917 509 944 545 0.021462452
468 438 492 467 0.021460291
560 643 581 670 0.021332946
670 436 694 466 0.021324428
475 2 511 37 0.021101886
875 663 902 696 0.02051193
362 539 382 565 0.020150108
