0_Parade_Parade_0_164
59
333 471 361 508 0.16211809
867 436 895 472 0.09549995
135 358 162 390 0.08669056
848 529 874 560 0.06547132
949 586 974 617 0.05676126
892 563 918 596 0.055245038
823 583 851 619 0.055125773
232 386 258 418 0.054647416
416 418 447 456 0.05174157
590 401 624 441 0.051492848
898 503 924 536 0.051360015
731 604 761 645 0.05114994
509 471 540 512 0.048786994
360 336 382 364 0.046898067
174 346 200 379 0.045723666
921 410 944 439 0.04560927
994 559 1019 596 0.042917363
512 401 540 435 0.04046099
951 539 976 570 0.039370112
306 384 331 415 0.037986025
979 506 1004 538 0.037681993
455 423 481 459 0.035795316
232 481 261 519 0.035021544
809 463 833 493 0.034869716
969 632 997 667 0.03424278
896 458 919 487 0.03341092
386 474 415 513 0.03289392
822 636 851 673 0.032711897
926 431 949 459 0.03133026
579 469 613 515 0.03098573
313 430 337 461 0.02963662
920 587 948 621 0.026804857
228 355 253 385 0.02579077
607 428 636 464 0.025274534
402 514 433 554 0.025207847
926 458 949 487 0.025202692
875 611 904 647 0.02515785
534 460 567 501 0.02466972
315 456 345 495 0.024268867
799 479 824 511 0.024188742
326 383 351 413 0.024149736
816 405 839 435 0.023798881
849 486 873 516 0.023613678
53 411 77 441 0.023592541
973 534 999 569 0.023544507
896 383 919 411 0.023411326
254 406 278 436 0.023390308
976 657 1006 695 0.023081016
865 512 893 545 0.022886079
992 483 1017 517 0.022764862
990 707 1020 748 0.022387568
800 431 823 462 0.022322454
645 381 669 412 0.022160418
287 403 313 436 0.021767035
472 602 510 660 0.021759113
226 459 252 492 0.021756113
970 579 998 616 0.021228451
311 528 342 566 0.020981774
283 255 306 283 0.020971322
