0_Parade_marchingband_1_445
161
485 148 522 191 0.84510446
658 128 688 166 0.44966102
719 124 752 167 0.4345335
355 146 384 182 0.43299925
557 67 588 104 0.3453154
276 100 309 140 0.34142983
764 67 788 98 0.27980098
429 243 459 280 0.24176674
767 176 793 209 0.20105313
192 192 231 237 0.19761659
758 196 786 231 0.18843313
360 18 390 54 0.1706304
840 121 865 154 0.16795918
259 118 289 156 0.16373736
610 129 637 162 0.1510484
580 225 620 273 0.14944758
741 51 769 85 0.14939286
84 174 114 216 0.13165504
792 149 818 182 0.12359886
939 153 967 187 0.1109779
894 128 919 160 0.10995223
737 17 764 49 0.10882094
361 194 394 234 0.10770629
898 28 923 59 0.10579418
720 94 747 128 0.10470588
301 205 332 244 0.09776118
682 127 710 164 0.09443115
819 119 845 152 0.09398135
585 148 613 181 0.0935766
962 120 988 153 0.08963473
151 104 177 136 0.08807666
576 42 606 81 0.087743066
639 140 668 175 0.08712856
11 119 42 158 0.08448777
915 42 940 72 0.083364606
334 17 366 56 0.08138989
248 195 277 233 0.08100729
564 149 593 184 0.08091199
863 99 886 128 0.07880837
993 65 1018 100 0.078549884
967 97 992 129 0.07843857
536 121 567 161 0.07588449
909 200 937 235 0.07553906
129 46 158 83 0.075367115
454 126 491 171 0.07457578
282 149 310 182 0.074309155
338 93 365 128 0.0724133
793 124 818 155 0.07060115
971 74 997 107 0.070314676
183 121 211 157 0.06927514
971 23 993 51 0.06918401
975 49 997 77 0.068958886
81 77 107 110 0.067841224
555 277 584 313 0.066783786
509 16 538 50 0.06616415
867 29 894 62 0.065572955
48 79 73 113 0.060622923
635 98 666 136 0.058361296
899 78 924 109 0.057924513
766 124 793 158 0.057819087
218 2 251 33 0.056621492
914 119 942 153 0.056378514
951 27 974 56 0.05382775
686 98 712 130 0.05283547
675 194 708 234 0.052475423
767 150 793 184 0.051882446
341 124 372 164 0.05169527
787 228 816 262 0.05031308
632 68 662 106 0.05007169
866 145 894 180 0.049052905
278 200 309 241 0.04796693
411 118 440 155 0.047765
220 214 261 265 0.0474474
334 254 362 288 0.0461983
412 270 444 308 0.044910267
689 0 716 30 0.044374313
427 94 463 135 0.044340033
372 37 405 77 0.043374106
202 15 237 54 0.043290213
920 270 948 306 0.042875282
612 175 639 208 0.042865604
788 2 815 30 0.0423156
799 101 824 133 0.04222168
948 204 974 237 0.04216663
616 196 646 233 0.04207447
136 120 163 154 0.041826826
559 243 593 285 0.041509733
301 170 328 202 0.041241255
299 73 329 111 0.040348355
582 97 608 129 0.03949272
454 74 485 112 0.03928429
713 2 743 35 0.039256603
765 3 790 31 0.039246183
236 123 265 158 0.038147293
583 376 618 421 0.03681915
969 199 995 231 0.03643074
745 174 772 207 0.036269452
411 172 440 208 0.035434905
179 1 209 33 0.035300262
923 175 948 206 0.035006844
631 0 660 30 0.034630008
863 75 891 108 0.034559935
740 213 771 251 0.03451905
784 47 813 84 0.033201654
788 22 817 55 0.032857787
274 40 305 79 0.032821156
614 51 641 87 0.032744814
773 253 800 286 0.032550972
146 223 175 259 0.03233958
968 144 994 178 0.032184444
376 127 404 165 0.032124184
97 148 123 181 0.03158801
810 22 839 53 0.03154356
487 -5 519 27 0.031359453
895 180 922 213 0.030951764
76 126 107 164 0.030587578
612 296 643 335 0.03041501
333 167 363 205 0.030237727
861 246 892 283 0.029928006
614 20 640 50 0.02956113
682 279 717 319 0.029454099
424 201 458 244 0.029234853
274 0 303 29 0.029220559
813 173 840 206 0.0291457
844 176 869 208 0.02882953
46 143 82 186 0.028609892
997 202 1020 235 0.027998129
99 49 123 80 0.027895646
540 47 572 88 0.02784752
383 69 411 106 0.027655233
407 74 438 114 0.027614359
29 15 56 51 0.027567673
397 19 430 55 0.027234063
718 202 744 236 0.026571643
632 222 661 258 0.025517687
786 195 813 228 0.025404584
386 271 416 307 0.025037553
868 173 894 206 0.0247755
892 217 923 255 0.024739852
944 296 977 336 0.024644056
995 148 1019 182 0.024609847
259 17 294 58 0.02391845
507 39 543 82 0.023756761
191 140 227 182 0.02333869
449 17 484 56 0.023181435
326 197 358 237 0.023065729
82 23 108 56 0.022989731
177 46 204 81 0.022985095
514 294 545 333 0.022510286
694 72 722 108 0.022458175
563 6 597 40 0.022349818
840 198 863 229 0.022225749
225 41 259 82 0.021884078
716 170 744 203 0.021540815
91 95 122 133 0.021315742
133 144 164 182 0.021203993
890 3 918 33 0.020915713
654 301 691 340 0.020707328
23 244 54 283 0.020679263
151 26 182 63 0.020085372
54 192 91 241 0.020079209
