0_Parade_Parade_0_247
33
890 452 915 484 0.08220231
233 401 256 431 0.058342617
126 489 150 518 0.051880345
255 461 277 487 0.047717277
166 434 191 465 0.045737695
948 480 984 532 0.040834885
310 437 330 464 0.040229347
486 438 508 466 0.03504475
333 458 354 484 0.033687092
100 454 128 485 0.033018593
205 399 230 430 0.031714153
231 358 254 384 0.03170175
380 252 406 284 0.031184463
811 439 837 472 0.03049578
251 434 273 461 0.029887123
465 206 488 236 0.02936319
122 436 146 464 0.02777817
159 452 184 483 0.026814375
106 485 133 516 0.026312158
183 387 207 416 0.024212042
24 433 48 462 0.023819827
288 431 309 460 0.023485754
282 461 304 488 0.0234621
436 199 460 231 0.02341321
200 -3 234 32 0.0231946
740 488 763 516 0.022869024
203 351 227 378 0.021234812
82 459 106 487 0.021005455
149 484 173 514 0.020751499
161 409 185 439 0.020411251
535 205 558 233 0.020348454
561 206 582 233 0.02029212
659 224 684 254 0.020043975
