0_Parade_Parade_0_502
117
847 360 871 390 0.72880816
458 406 490 445 0.6092446
686 382 720 423 0.32052281
715 379 741 413 0.31437534
64 275 96 317 0.2605385
136 347 163 383 0.24697758
176 301 206 339 0.23600347
281 382 311 418 0.21633136
42 299 76 341 0.20186834
941 377 969 413 0.16729985
203 377 236 418 0.13222238
737 359 761 391 0.121652655
515 355 539 387 0.11875202
535 361 559 392 0.10512805
433 384 462 419 0.09868228
22 318 54 357 0.09719763
947 486 973 517 0.08571424
938 332 965 367 0.08151556
996 378 1019 413 0.07618432
996 556 1019 590 0.07606486
247 407 275 443 0.07512063
794 384 820 417 0.07507531
410 374 436 409 0.069767036
559 360 585 393 0.06148742
667 302 698 340 0.06063555
760 430 787 464 0.060468435
409 454 437 486 0.058669683
220 356 251 395 0.057704043
19 443 51 480 0.056799687
772 379 797 412 0.055993125
176 451 203 486 0.05438241
791 485 818 521 0.053536687
386 429 411 462 0.0530371
231 426 266 466 0.052640636
685 566 711 597 0.052520532
607 277 640 316 0.05189005
127 409 156 447 0.051173158
820 376 848 411 0.049904518
432 461 460 494 0.043885756
976 381 1002 418 0.04228605
391 455 415 486 0.04211875
925 394 951 429 0.04191245
381 406 407 440 0.041530143
642 432 669 467 0.04130217
895 299 921 330 0.04046593
262 352 287 387 0.040311076
105 522 138 562 0.039875243
917 486 946 519 0.03974055
229 328 257 363 0.039559137
71 72 101 112 0.039458405
746 408 774 441 0.03944089
635 455 663 489 0.03939209
823 531 846 561 0.039246585
78 480 111 523 0.0373801
303 403 330 437 0.03729724
460 464 486 496 0.037118893
562 409 590 443 0.036724128
991 424 1017 463 0.035970107
331 403 355 433 0.034837052
391 552 418 587 0.034532674
543 222 569 257 0.03428072
154 435 182 470 0.03323153
946 432 974 467 0.0331464
334 474 371 516 0.03306434
388 378 414 413 0.03269122
481 425 508 461 0.031743478
811 402 840 438 0.03115176
249 449 280 484 0.031136798
373 278 404 316 0.03062729
18 677 51 717 0.030537475
610 430 638 465 0.030372513
432 662 456 696 0.030264197
670 577 697 612 0.030236179
825 335 851 366 0.030145908
481 280 508 315 0.02950863
849 559 874 589 0.029094663
151 399 184 439 0.029084489
541 252 567 286 0.02889755
493 350 520 386 0.02864098
205 487 237 523 0.028226933
634 480 664 516 0.027159804
487 381 515 416 0.027040703
975 537 1001 572 0.026984436
942 304 968 337 0.026879467
26 273 63 320 0.026681503
179 400 208 436 0.026642283
509 436 534 467 0.026341593
869 333 894 364 0.025016114
800 459 825 490 0.024849897
844 303 872 337 0.024626495
95 278 126 321 0.024371166
813 430 839 463 0.024048096
998 480 1022 514 0.024044057
368 172 414 232 0.023679283
590 298 621 337 0.023615692
894 353 920 385 0.023470458
895 509 920 541 0.023299161
977 352 1005 392 0.023206294
272 480 304 519 0.023181122
643 405 670 442 0.023126813
2 305 34 351 0.023069426
789 565 814 595 0.023014914
46 263 107 340 0.022989163
872 299 901 334 0.02287196
71 402 103 443 0.022106752
281 455 308 488 0.022036454
720 585 748 621 0.02180454
408 399 439 438 0.02145821
971 485 993 514 0.021359356
969 506 993 537 0.021156913
508 512 535 545 0.020753214
121 578 164 629 0.020657443
840 510 865 542 0.020404007
491 252 516 284 0.020402517
746 452 773 486 0.020306582
483 327 513 365 0.020141989
428 165 470 215 0.02011152
