34_Baseball_Baseball_34_350
75
46 47 75 81 0.39078808
146 48 170 79 0.15672837
132 65 161 101 0.13069035
331 44 357 75 0.11994666
111 151 138 185 0.09419448
386 93 415 128 0.08840197
208 104 232 134 0.08018468
5 154 30 189 0.07992063
635 274 660 303 0.07667041
100 22 125 52 0.07460325
18 98 47 133 0.07443592
81 95 107 128 0.06842419
309 47 336 79 0.06505168
234 54 261 85 0.06076649
71 47 97 80 0.05915277
50 92 78 126 0.05573381
326 4 352 32 0.055140104
101 47 127 79 0.053595416
540 18 567 51 0.051651295
483 92 510 127 0.049547777
605 119 631 152 0.04770821
729 124 757 160 0.045616318
617 259 641 287 0.04497654
355 45 380 77 0.043846536
300 66 331 103 0.04209877
542 96 567 128 0.039838884
469 124 492 154 0.039307583
44 7 74 39 0.039244883
383 43 414 77 0.03902002
559 75 587 108 0.038847603
24 72 55 109 0.038530122
592 330 619 364 0.037731715
101 126 129 160 0.0372725
646 327 673 359 0.037076596
436 25 464 60 0.036638547
204 53 233 85 0.03481326
537 157 562 188 0.034250893
76 22 103 55 0.034072816
175 145 199 174 0.03397885
380 1 406 28 0.03268786
513 74 539 109 0.032207165
638 307 664 338 0.03220669
425 494 455 532 0.032064788
286 23 311 54 0.031063562
479 258 511 296 0.030866532
0 45 23 78 0.029715119
161 127 186 158 0.028625965
179 48 206 82 0.028575253
101 71 129 105 0.028505554
604 405 642 446 0.028018743
129 30 156 62 0.027661862
668 255 692 285 0.027152939
4 124 31 159 0.026344638
665 226 689 255 0.025833497
737 95 762 127 0.025403176
440 100 463 130 0.024961146
438 74 463 106 0.024921231
227 154 253 185 0.024790235
559 171 587 205 0.02387939
668 117 696 153 0.023551442
465 74 492 108 0.023239683
553 346 583 383 0.023236273
184 101 209 133 0.022701927
893 120 921 154 0.02185054
360 72 388 107 0.021838404
971 95 994 126 0.0216551
406 27 432 60 0.021613816
562 269 590 301 0.02146093
173 24 203 60 0.02099851
659 307 687 338 0.020738272
591 258 613 285 0.020633502
188 72 214 103 0.020596033
411 121 437 154 0.020465314
149 99 175 131 0.020098133
458 48 484 80 0.020087644
