39_Ice_Skating_Ice_Skating_39_661
109
409 356 432 385 0.12143817
228 283 251 314 0.11990338
823 354 850 388 0.115998976
694 151 719 181 0.09959132
762 246 787 278 0.08148116
210 278 232 308 0.08087735
977 299 1007 334 0.07532277
390 209 412 237 0.07528584
255 181 278 209 0.07067616
358 280 388 318 0.06716367
670 323 695 355 0.06609832
798 354 825 388 0.062811606
251 301 276 334 0.060549933
352 229 377 259 0.0596674
786 202 811 234 0.059344962
592 150 618 182 0.05670294
154 94 178 125 0.053823337
415 411 435 438 0.05222833
341 202 363 230 0.051215645
281 204 304 233 0.050916493
204 329 227 359 0.049946904
407 207 429 236 0.04975036
305 227 330 256 0.04941336
156 202 184 236 0.049248632
402 447 433 487 0.047161702
714 251 738 282 0.04679114
873 229 900 264 0.046241377
98 356 121 385 0.044894807
510 147 534 177 0.044307273
584 208 609 238 0.041834485
800 403 825 435 0.041085884
126 132 152 165 0.03925276
926 427 954 464 0.03918794
639 200 661 228 0.038838044
8 357 32 391 0.038544383
976 449 1010 493 0.038064286
466 309 488 337 0.037654486
741 199 764 228 0.037161123
672 152 694 180 0.036305755
796 258 823 290 0.036273014
340 178 363 207 0.036218755
844 334 870 368 0.03461695
683 308 706 338 0.034492027
204 149 229 182 0.03415959
873 278 899 312 0.03377871
135 80 159 109 0.033479046
436 202 459 232 0.033028834
8 299 34 336 0.031437974
152 126 177 158 0.031073721
286 226 310 256 0.030430079
233 254 256 283 0.030191299
159 302 182 332 0.030152792
183 282 207 312 0.030102096
948 282 975 315 0.029987156
174 99 199 132 0.02964417
286 75 311 108 0.029523544
771 98 796 131 0.02938685
923 298 950 331 0.02853803
47 249 72 280 0.028471194
816 256 843 288 0.028188268
641 99 665 131 0.027933696
4 331 29 367 0.027681516
948 447 978 486 0.02746407
796 381 822 413 0.026880866
791 148 820 185 0.02675074
770 121 799 157 0.026193352
209 127 234 159 0.025784092
284 359 308 388 0.025673067
184 329 208 361 0.02566584
489 151 513 181 0.025372632
205 258 228 286 0.02516939
462 221 487 251 0.02513482
438 313 458 339 0.024765432
765 336 790 367 0.024559496
411 333 435 363 0.024482928
332 104 356 133 0.024420217
131 355 155 384 0.023925517
359 77 383 108 0.023916086
734 0 767 34 0.023711853
843 378 868 410 0.023536647
715 276 740 307 0.023229364
50 126 75 161 0.023209948
207 97 233 131 0.02309235
107 146 135 180 0.02304261
21 283 48 316 0.02286852
250 251 275 283 0.022819415
378 302 402 333 0.022656552
792 177 819 211 0.022401003
381 129 407 162 0.022214472
487 206 509 233 0.021924576
620 205 643 236 0.021597529
561 254 582 280 0.021499652
912 245 949 285 0.021424148
131 331 155 360 0.021352623
229 149 256 185 0.02127928
258 231 281 259 0.021216922
208 302 233 333 0.021191388
390 330 414 360 0.0210848
410 100 435 131 0.020809138
228 327 253 358 0.020700332
55 333 78 363 0.020535387
539 100 561 130 0.020450579
72 246 100 280 0.0204354
539 147 562 177 0.020391287
485 355 508 384 0.020320853
891 277 922 314 0.020151494
768 405 792 436 0.020120434
921 146 953 186 0.020096049
337 155 361 185 0.020067578
