39_Ice_Skating_iceskiing_39_583
145
232 47 260 84 0.526029
782 146 813 185 0.48669535
401 258 443 311 0.40685418
588 310 621 352 0.35296765
463 220 491 256 0.29898772
56 19 95 61 0.18920308
139 37 177 83 0.18421707
455 269 487 312 0.15508793
451 129 479 165 0.15039669
411 99 438 136 0.14846471
305 331 346 388 0.14535245
896 102 920 131 0.13636152
483 175 509 208 0.12719618
304 94 333 132 0.112425804
671 128 696 160 0.10544019
356 427 416 509 0.10477187
538 120 567 154 0.10085843
633 204 661 240 0.10003321
413 179 441 213 0.09709938
771 288 795 319 0.095962755
480 256 508 292 0.09504715
971 151 997 187 0.0948242
169 3 200 33 0.09029668
256 26 286 65 0.090079114
317 0 352 37 0.085370064
432 71 457 102 0.08281813
511 145 540 183 0.080123544
619 128 642 156 0.07945296
392 97 417 130 0.07861523
430 167 458 202 0.07561725
793 296 820 328 0.075469494
275 39 305 78 0.07294729
487 90 512 122 0.07099928
516 99 542 132 0.07001751
594 107 615 134 0.06659337
590 153 613 184 0.0649646
433 202 465 242 0.060656577
618 148 643 179 0.060153957
406 227 435 265 0.05989729
917 98 941 128 0.059395485
558 355 592 402 0.058716837
891 123 917 156 0.057622917
819 283 845 316 0.05745464
170 30 206 73 0.05642592
767 204 791 234 0.056000985
895 148 918 177 0.055285756
358 95 381 125 0.054592796
613 281 642 318 0.052514933
492 151 518 184 0.05073198
617 177 642 208 0.049162645
570 148 595 181 0.04691659
745 198 770 230 0.046559107
381 27 409 63 0.045857582
686 144 711 176 0.04579612
794 100 822 133 0.045266528
545 227 570 261 0.044553477
513 74 538 105 0.043978054
741 105 767 138 0.043877035
996 196 1025 241 0.04383714
899 180 921 207 0.04294823
739 156 762 186 0.042597458
361 148 386 179 0.04225466
308 268 348 326 0.04204129
251 61 281 101 0.041015547
636 179 661 211 0.04045592
476 200 503 235 0.03937272
635 322 667 366 0.039283533
540 201 564 232 0.039094113
726 171 753 206 0.039080296
567 251 594 285 0.038741846
198 296 239 347 0.038650423
565 74 587 101 0.03823634
302 174 328 207 0.038120758
391 123 417 156 0.03773893
639 132 662 162 0.037690993
980 221 1007 257 0.037475977
95 18 132 60 0.0371295
583 272 616 313 0.036762863
310 49 340 88 0.036327153
14 91 54 141 0.035707504
412 46 439 79 0.035445213
486 347 521 393 0.03394752
564 102 588 134 0.03284551
123 0 161 36 0.032680776
542 277 569 313 0.03259125
327 125 354 160 0.03215729
389 178 414 210 0.032139175
871 149 894 178 0.031473424
415 152 441 185 0.030986343
867 205 892 235 0.030787548
336 178 362 211 0.030361407
567 172 594 207 0.030342156
469 75 494 109 0.029551107
898 200 921 229 0.02941767
459 98 488 135 0.029389216
852 149 878 181 0.029274497
258 97 286 134 0.028882932
510 331 537 367 0.028853646
538 17 565 50 0.028834745
509 226 537 261 0.028756456
692 79 716 107 0.028566625
721 80 744 107 0.028332373
644 78 667 105 0.02812264
656 443 703 504 0.027810508
749 280 772 310 0.027695458
540 75 564 105 0.02753627
536 174 564 208 0.027499126
924 200 948 231 0.02699545
954 99 978 128 0.026610283
994 147 1020 184 0.026501272
28 15 100 95 0.026231613
873 177 895 205 0.02602996
327 69 355 105 0.025916114
355 219 390 263 0.025871174
693 301 724 339 0.025859311
196 24 234 67 0.025780683
616 254 643 288 0.025555031
287 156 312 188 0.025080679
314 327 390 414 0.024934983
690 199 714 229 0.02484967
226 150 256 187 0.024565727
357 179 381 208 0.024490053
819 124 844 157 0.02447431
668 177 693 208 0.024175536
828 256 855 288 0.023909258
532 297 564 339 0.023893654
347 248 382 295 0.023771387
635 249 665 285 0.023418399
211 63 245 103 0.023190001
873 81 896 109 0.022820419
768 133 832 207 0.022573981
743 257 768 288 0.022447303
501 476 544 530 0.0216656
662 224 691 258 0.021596054
768 101 797 135 0.021571629
330 95 359 131 0.021382704
560 5 586 34 0.02134037
955 127 981 160 0.021252746
561 420 600 473 0.021213247
277 5 310 42 0.020834206
525 348 596 432 0.020664746
305 194 336 233 0.02044715
183 150 209 184 0.020204784
275 199 309 239 0.02010006
308 451 340 496 0.020041153
