39_Ice_Skating_iceskiing_39_943
31
578 811 655 916 0.97110075
420 188 498 287 0.9482495
740 371 800 443 0.45405445
84 289 135 357 0.31476462
147 871 203 943 0.15622966
707 962 753 1018 0.14424099
385 991 424 1042 0.13682304
766 890 820 957 0.076075956
333 170 383 238 0.0709517
531 1015 571 1065 0.046905976
390 733 429 787 0.042366892
669 901 712 958 0.035285134
734 834 791 912 0.0341207
497 401 539 456 0.033103343
389 905 427 958 0.031299837
16 374 89 465 0.030362329
639 1139 674 1178 0.029351778
490 955 526 1001 0.029333673
195 865 241 931 0.02781197
159 1023 197 1073 0.027569642
675 981 716 1032 0.0274483
352 732 387 782 0.026865633
966 444 1017 509 0.026659466
528 1054 565 1100 0.025562305
492 523 533 574 0.024483481
358 553 397 606 0.024054997
-5 202 31 255 0.02306184
703 481 760 556 0.022253938
39 305 95 370 0.021603612
600 744 647 805 0.02108363
427 420 467 477 0.020102546
