39_Ice_Skating_Ice_Skating_39_252
25
720 182 744 210 0.22026925
308 175 335 209 0.21327591
196 193 224 228 0.17237015
363 175 388 203 0.06688606
411 154 437 187 0.057131264
527 171 552 203 0.050874893
290 155 312 182 0.049869925
760 77 783 107 0.04443639
687 100 711 130 0.041517265
789 182 815 214 0.0411835
737 195 763 228 0.03233979
684 222 711 253 0.031993397
262 178 283 205 0.031231154
328 276 352 306 0.030800473
281 203 305 233 0.030420769
226 121 253 155 0.029424798
235 176 258 206 0.02627129
289 176 313 206 0.026047906
6 184 36 236 0.024899354
201 149 228 183 0.024859732
386 154 410 184 0.024665434
465 74 490 104 0.024330165
360 49 388 84 0.023973886
822 173 845 202 0.021660862
324 193 351 226 0.020631697
