39_Ice_Skating_Ice_Skating_39_463
44
945 738 969 769 0.10829364
583 405 626 459 0.10032277
684 337 719 382 0.08098058
928 743 950 773 0.06309956
300 627 333 666 0.059475437
644 668 665 696 0.054837458
741 672 761 697 0.048542924
598 667 618 693 0.045108907
866 661 889 689 0.03943221
608 685 630 714 0.037340324
665 614 689 643 0.034374923
815 764 841 795 0.03390844
316 581 355 630 0.03326224
839 740 862 768 0.032329734
875 712 898 743 0.031715777
985 683 1013 720 0.031000435
664 684 684 711 0.030518878
158 3 286 133 0.029312642
621 636 643 662 0.028368529
899 737 921 765 0.027664402
639 638 660 664 0.027521724
820 661 845 690 0.026899843
949 539 974 572 0.026010565
692 636 716 663 0.025863528
511 294 551 343 0.025651012
801 844 824 873 0.02511685
686 558 712 590 0.025073783
500 533 534 573 0.024804782
843 717 865 745 0.024577672
992 500 1020 540 0.024139041
725 667 744 692 0.024094628
918 687 943 717 0.023417303
790 663 812 690 0.023391366
250 303 290 359 0.02334119
870 564 893 593 0.023202036
866 690 887 717 0.022476034
847 662 869 690 0.022398597
848 689 871 717 0.021948444
772 665 793 691 0.021480037
487 587 519 626 0.020881042
849 587 871 614 0.020831948
286 606 353 684 0.020818088
534 535 562 571 0.020674923
914 326 945 370 0.020125717
