39_Ice_Skating_iceskiing_39_138
37
683 110 792 240 0.4294087
779 405 847 485 0.37602428
542 115 647 227 0.2812187
45 120 72 154 0.2763679
292 201 327 248 0.07081233
155 367 201 428 0.06930393
390 459 418 495 0.0681208
287 399 336 464 0.06738059
300 203 368 304 0.06598352
13 727 102 860 0.06508876
103 397 188 523 0.0641493
27 103 55 139 0.06401226
574 202 713 341 0.059836958
0 506 44 569 0.059099402
46 144 80 188 0.057510916
337 397 376 449 0.054608755
201 223 232 261 0.05443633
254 242 284 281 0.05117726
18 146 52 188 0.04425577
100 292 147 353 0.041135415
314 250 404 375 0.040349722
768 507 822 573 0.038877536
229 226 257 265 0.03321707
77 732 237 906 0.029861638
3 242 64 330 0.0288932
168 270 212 321 0.028374314
285 170 314 212 0.028036645
274 238 309 287 0.026391963
856 357 913 424 0.026029173
71 183 106 228 0.025891196
433 533 469 575 0.024924599
6 499 91 597 0.024532687
75 127 100 159 0.022892272
782 349 899 491 0.02236463
612 172 833 439 0.021610841
58 460 140 567 0.020825215
406 409 438 445 0.020092698
