31_Waiter_Waitress_Waiter_Waitress_31_683
17
616 11 681 88 0.523896
283 172 334 230 0.1976266
560 139 647 252 0.13196814
413 64 478 144 0.057091
418 311 501 388 0.052492496
212 -10 265 48 0.047447436
571 37 625 117 0.042622812
503 474 605 572 0.041516032
328 450 504 609 0.03455735
346 118 398 183 0.032833572
256 47 289 90 0.029940978
387 110 463 200 0.027779724
447 -6 488 33 0.027302017
469 142 536 220 0.023862949
656 111 702 178 0.021565428
373 67 417 124 0.021146983
373 180 431 246 0.020007208
