31_Waiter_Waitress_Waiter_Waitress_31_358
24
314 283 370 355 0.97831285
505 287 571 377 0.9016904
810 171 880 252 0.8708048
0 154 91 311 0.15913875
679 356 707 393 0.15246531
617 379 646 415 0.09675656
857 95 898 149 0.08669234
165 308 217 374 0.07659273
387 251 430 305 0.0660111
737 159 791 231 0.049623802
634 361 664 398 0.04448884
267 61 355 174 0.037888374
583 351 615 390 0.032272268
763 352 790 384 0.02854197
687 327 718 366 0.027240453
372 352 408 400 0.026473945
752 335 777 366 0.026330622
723 252 754 294 0.025395622
672 409 707 451 0.025186371
992 242 1021 286 0.023478702
127 263 172 320 0.0232975
673 303 703 342 0.021025786
964 361 999 406 0.020892983
427 250 466 299 0.020021025
