2_Demonstration_Political_Rally_2_5
379
749 409 29 36 0.9949274 
319 233 26 40 0.98832583 
865 450 30 35 0.9841308 
689 395 32 39 0.9823996 
183 222 34 41 0.9776739 
436 118 34 47 0.97701466 
824 384 29 36 0.9471106 
131 464 28 40 0.93923044 
650 311 20 22 0.92541784 
671 333 22 23 0.9139961 
25 478 35 43 0.9129175 
33 258 17 20 0.91143477 
677 290 17 22 0.89593977 
748 383 23 27 0.85386604 
721 379 23 32 0.8438071 
149 491 28 28 0.80257094 
889 328 15 18 0.7627534 
478 276 15 18 0.74116963 
598 393 24 31 0.71902484 
719 266 13 16 0.7107343 
950 173 9 12 0.7025041 
971 344 14 19 0.67778414 
36 275 17 20 0.6684191 
58 297 18 21 0.62912434 
555 353 22 27 0.6231964 
477 372 16 20 0.6164586 
717 425 14 18 0.61229616 
350 222 13 17 0.6033418 
752 301 27 29 0.5537287 
757 164 8 11 0.5533573 
928 353 20 30 0.54958785 
949 380 24 26 0.49900666 
788 387 24 32 0.4935639 
801 465 31 36 0.47702828 
590 350 22 27 0.43899763 
366 298 20 25 0.4225439 
0 300 9 19 0.40887177 
719 331 14 18 0.40794882 
837 299 11 14 0.40419477 
797 160 8 11 0.3318334 
641 219 10 12 0.3219888 
852 225 9 11 0.31410518 
347 299 17 22 0.31297845 
671 247 10 11 0.2685414 
910 409 17 22 0.24729596 
735 168 9 10 0.24615832 
630 351 21 24 0.23511764 
701 409 26 33 0.23419543 
583 279 22 28 0.22944276 
790 264 8 10 0.22588065 
866 282 13 17 0.2212469 
587 417 24 26 0.21771553 
867 424 27 35 0.21698841 
54 290 17 20 0.2163575 
874 364 22 24 0.18435664 
90 268 22 28 0.18259604 
0 276 13 19 0.1812891 
747 248 12 13 0.18117516 
929 176 7 9 0.17998081 
928 248 10 12 0.17763239 
654 231 11 13 0.17714548 
787 308 13 16 0.16794385 
628 295 11 13 0.16539109 
608 245 8 11 0.16119543 
365 341 16 18 0.15610988 
512 358 22 25 0.15561403 
1006 31 7 9 0.15360065 
370 357 15 17 0.15261473 
714 352 15 19 0.14673528 
120 211 10 12 0.14655586 
774 168 9 12 0.14567876 
149 223 11 16 0.14277141 
48 234 13 16 0.14091972 
829 313 12 15 0.14042492 
27 294 16 20 0.13846523 
734 225 9 11 0.13785294 
651 335 17 20 0.13351937 
692 269 12 14 0.12018005 
676 267 16 16 0.11809412 
628 315 14 17 0.11630133 
242 167 8 10 0.1162179 
536 152 9 10 0.109297134 
618 327 17 20 0.108748704 
907 143 7 9 0.10571919 
786 262 9 11 0.104642734 
908 324 11 14 0.10185623 
880 180 8 11 0.09851782 
13 229 11 14 0.098326825 
810 343 15 20 0.0974898 
699 242 10 13 0.09550462 
166 180 9 12 0.0952739 
992 167 8 10 0.093217514 
39 312 18 21 0.09145729 
559 157 8 10 0.091152444 
816 268 9 11 0.09004898 
743 157 8 11 0.089779325 
695 227 11 14 0.088035226 
568 305 13 18 0.087511465 
517 147 11 14 0.08706593 
927 232 10 11 0.08626717 
804 450 32 35 0.08593605 
810 143 7 10 0.085920475 
368 347 16 17 0.08542787 
635 315 13 16 0.08447874 
152 181 8 11 0.083661884 
752 265 11 12 0.08316013 
679 214 10 12 0.08180809 
496 227 11 13 0.078826606 
770 166 9 11 0.07687321 
921 253 9 11 0.076445214 
816 175 7 10 0.07562035 
814 244 8 11 0.075453185 
352 142 11 13 0.07526558 
664 164 8 9 0.07474346 
746 394 26 32 0.07473949 
85 270 16 21 0.07188525 
103 296 15 19 0.07141722 
134 188 8 10 0.069012254 
948 282 11 15 0.068961605 
887 237 8 10 0.0683448 
145 180 9 10 0.06748872 
833 166 8 10 0.06398347 
936 264 8 10 0.06323028 
621 315 16 20 0.06300967 
798 264 8 10 0.062125597 
639 344 21 26 0.06175902 
351 121 8 10 0.061415408 
543 167 7 10 0.061404556 
1007 177 8 10 0.060725566 
848 347 14 17 0.060075685 
92 238 11 12 0.059230227 
684 267 14 15 0.05914775 
931 442 15 22 0.05869923 
944 221 8 10 0.058098473 
648 325 22 25 0.05761383 
60 223 9 12 0.056727473 
618 166 7 9 0.056595013 
716 311 14 18 0.056472447 
799 176 8 10 0.05640513 
880 331 14 16 0.05590722 
881 302 10 12 0.055801578 
159 181 8 11 0.055760182 
570 274 15 18 0.055681888 
70 197 11 13 0.055645943 
794 165 8 11 0.055488545 
539 283 12 15 0.055273343 
471 362 14 17 0.05520783 
657 398 17 20 0.054600112 
920 296 9 12 0.054390017 
837 148 8 9 0.054211855 
958 38 7 9 0.05412098 
567 240 9 11 0.0536529 
90 190 9 11 0.053626023 
8 486 34 34 0.05356753 
118 243 14 19 0.053545225 
623 233 8 10 0.053500846 
544 398 19 22 0.05278625 
951 149 8 10 0.052342217 
832 379 19 22 0.051537182 
34 297 18 19 0.05107726 
579 153 7 9 0.050818775 
912 300 9 11 0.050800104 
144 134 7 9 0.04837055 
882 275 10 13 0.04831348 
118 238 11 15 0.047774546 
504 267 10 12 0.047637735 
343 133 9 11 0.047177207 
981 175 8 10 0.04715109 
108 190 9 10 0.046771638 
916 446 26 32 0.04671588 
897 285 8 11 0.046665777 
870 407 27 29 0.04478959 
497 199 8 11 0.04438265 
950 234 9 12 0.044090983 
936 54 7 8 0.043431066 
813 333 14 17 0.04261466 
921 247 9 12 0.04221428 
723 344 15 21 0.042212054 
880 233 8 9 0.041649163 
978 177 8 9 0.041601654 
317 140 11 13 0.041440256 
-1 224 7 12 0.041278828 
793 174 8 10 0.04064598 
794 141 7 9 0.040504795 
61 204 11 14 0.04044805 
783 289 12 15 0.04019158 
613 221 9 11 0.03984653 
707 384 26 35 0.039791137 
896 254 8 10 0.039622433 
858 136 7 11 0.03923804 
457 369 14 19 0.038988028 
20 230 12 13 0.038327597 
935 427 21 30 0.03824672 
678 220 11 13 0.038226593 
181 181 10 11 0.03800587 
838 246 8 11 0.037828933 
858 111 7 8 0.037728626 
912 225 7 10 0.037687447 
776 160 9 10 0.037629385 
344 223 14 21 0.03748765 
628 375 21 25 0.0373412 
788 288 10 12 0.036922593 
824 263 9 11 0.036858805 
935 490 30 29 0.036818173 
896 239 8 10 0.036233496 
801 390 17 23 0.036044795 
91 245 12 14 0.035758402 
536 134 7 9 0.035664413 
647 245 11 13 0.03564882 
517 213 8 10 0.035610545 
792 55 6 8 0.03552949 
975 44 7 9 0.035501953 
901 254 8 10 0.035193335 
608 176 9 11 0.035191566 
599 380 25 29 0.03467592 
711 142 8 9 0.034570668 
573 276 23 26 0.034260232 
666 223 9 11 0.03425676 
833 282 10 13 0.034049418 
808 387 23 30 0.033506326 
957 151 7 9 0.033370633 
902 248 8 10 0.0330791 
959 121 7 8 0.033003457 
911 55 7 9 0.032832187 
52 241 12 16 0.032818183 
798 141 7 9 0.032447107 
133 221 12 16 0.03239346 
556 215 8 10 0.031678643 
721 164 7 10 0.031597216 
798 237 8 11 0.031229783 
749 223 9 10 0.031217204 
789 242 10 12 0.031173425 
344 126 9 11 0.031053273 
640 133 8 10 0.03099838 
745 61 7 9 0.03062003 
582 347 14 20 0.030567337 
232 196 9 11 0.030453438 
824 254 8 10 0.030385977 
529 159 8 10 0.030216418 
959 167 7 10 0.030201595 
702 128 9 10 0.02986907 
775 466 38 36 0.02974721 
229 172 8 10 0.029729836 
130 184 9 11 0.029715471 
862 184 8 10 0.029708738 
525 56 9 10 0.02969725 
518 323 14 17 0.029658979 
359 88 7 9 0.029642351 
344 120 9 11 0.029456405 
558 133 8 9 0.029438727 
52 265 14 17 0.029283661 
833 173 8 10 0.029247917 
903 175 8 10 0.028856844 
1001 180 8 9 0.028670091 
624 298 12 15 0.028566001 
926 158 7 10 0.028535068 
331 229 21 34 0.028440189 
905 320 10 14 0.028428948 
30 281 18 21 0.0283564 
53 230 12 15 0.028319256 
726 371 15 20 0.028156469 
720 327 21 27 0.027747605 
895 247 8 11 0.027742945 
594 406 20 24 0.02773573 
990 95 7 9 0.027659636 
599 152 7 8 0.027467823 
70 191 9 11 0.026934821 
945 54 6 8 0.026609765 
889 247 9 11 0.026603507 
79 268 15 19 0.026563365 
602 134 7 9 0.026411856 
511 310 11 13 0.026407469 
743 223 9 11 0.02623708 
912 176 6 9 0.026212323 
933 175 8 10 0.026160233 
96 229 10 13 0.025927152 
840 420 25 29 0.025883837 
784 242 11 14 0.025862684 
382 85 7 9 0.025780851 
744 167 7 10 0.025679497 
800 113 6 9 0.025675567 
805 477 33 38 0.025673503 
830 261 9 12 0.025573364 
568 134 7 9 0.025390582 
807 127 8 9 0.025212647 
496 204 9 12 0.025118632 
493 267 10 13 0.024989864 
120 182 9 11 0.024877666 
686 221 9 13 0.024857841 
512 53 7 10 0.02482128 
540 153 8 10 0.024631731 
150 189 9 11 0.024563614 
112 214 8 11 0.024527831 
838 240 8 10 0.024471378 
751 237 12 14 0.024464022 
381 81 7 9 0.024401272 
536 229 10 11 0.024359072 
991 182 8 10 0.024344128 
670 222 10 13 0.024336437 
920 176 7 9 0.024246918 
575 135 7 9 0.024236431 
338 145 9 10 0.024207272 
549 283 10 14 0.024188986 
630 207 8 11 0.023954406 
525 259 10 13 0.023886627 
649 237 11 14 0.023553137 
481 118 9 12 0.02352998 
640 159 8 9 0.023424853 
541 323 17 21 0.02341506 
806 53 7 9 0.023402935 
903 301 10 11 0.023314001 
896 182 7 9 0.02329979 
872 231 8 10 0.023283312 
897 168 8 9 0.02325108 
802 128 7 9 0.023215676 
903 230 9 11 0.02317528 
823 247 8 11 0.023167685 
809 175 8 10 0.023127066 
543 172 8 11 0.023106892 
537 166 7 10 0.023004137 
883 308 10 13 0.022989213 
93 250 12 15 0.022956526 
714 252 13 16 0.022945683 
495 103 9 11 0.02268428 
1007 69 7 9 0.022641262 
253 239 14 18 0.022621829 
870 246 8 10 0.022606324 
86 232 12 15 0.02259633 
485 253 9 11 0.022583453 
832 254 9 11 0.022576403 
558 165 8 10 0.022538176 
801 54 7 9 0.022421855 
513 207 8 12 0.022408737 
897 174 8 11 0.022391409 
737 159 8 11 0.022375725 
901 238 10 11 0.022347048 
904 167 8 9 0.022305809 
566 158 8 10 0.022246076 
781 159 8 10 0.022200681 
543 141 7 9 0.02214976 
555 127 8 10 0.022031417 
863 77 6 9 0.022029653 
561 245 9 11 0.022010121 
882 104 7 9 0.021958657 
357 119 7 10 0.021947568 
1000 118 9 10 0.021769095 
609 388 23 31 0.02175476 
78 50 6 8 0.021649625 
507 255 12 15 0.02148178 
614 150 7 9 0.021481508 
60 227 11 14 0.021461476 
937 360 22 32 0.021459078 
685 213 11 12 0.021456944 
736 143 7 9 0.02145179 
401 88 7 9 0.021427363 
716 198 10 12 0.021404967 
970 45 7 10 0.021360258 
663 392 17 22 0.021302132 
821 290 11 14 0.021279996 
144 191 9 10 0.021228073 
95 273 26 31 0.02117404 
113 244 11 15 0.02114405 
945 302 10 13 0.020955618 
618 378 21 28 0.020932738 
871 101 7 9 0.020871378 
509 288 10 14 0.020866973 
599 206 9 10 0.0206512 
946 254 8 9 0.020643806 
472 304 20 27 0.020643389 
814 274 11 14 0.020606093 
742 209 8 10 0.020569919 
71 246 11 13 0.020495014 
386 97 7 9 0.020336872 
181 189 11 13 0.02024995 
542 137 7 9 0.020112852 
717 281 14 17 0.020035546 
578 216 8 11 0.020014007 
860 318 10 12 0.020013662 
726 160 8 9 0.02000996 
