2_Demonstration_Demonstration_Or_Protest_2_102
88
426 606 24 34 0.9925575 
979 512 18 24 0.96569043 
773 540 14 18 0.9516908 
264 582 23 27 0.9462084 
672 544 21 26 0.9349976 
952 488 17 20 0.92974216 
77 602 25 30 0.9165189 
758 578 17 21 0.9110062 
238 582 20 29 0.8994928 
1004 500 14 18 0.82525903 
702 539 14 20 0.65429664 
756 532 12 16 0.5420437 
402 607 19 31 0.5061203 
440 579 21 31 0.48150724 
800 530 12 16 0.4755158 
622 655 16 24 0.45527688 
634 580 16 27 0.3986959 
221 508 15 20 0.3099061 
661 575 20 26 0.25577202 
229 512 13 16 0.24266067 
746 557 14 16 0.20763178 
841 525 11 13 0.18543574 
382 611 28 30 0.16837123 
887 505 13 16 0.15728535 
360 536 18 19 0.14153087 
786 549 16 24 0.1227015 
972 490 13 16 0.11936931 
778 516 10 12 0.11770137 
448 584 20 24 0.09451065 
739 581 16 21 0.08203352 
719 544 18 26 0.07694774 
600 587 13 18 0.072284006 
563 609 17 22 0.06926351 
233 561 16 17 0.06882302 
780 544 16 22 0.06760273 
257 526 13 15 0.06540057 
362 517 9 13 0.06428287 
832 584 21 21 0.062364794 
595 592 15 23 0.05954966 
705 515 10 12 0.057644825 
232 570 25 28 0.05747576 
829 550 18 22 0.054487318 
973 498 15 16 0.05438698 
629 585 15 27 0.05044561 
790 532 12 15 0.049951565 
1003 477 12 13 0.04867103 
334 562 14 17 0.04684306 
688 541 20 25 0.046241697 
773 440 11 12 0.045910046 
789 541 13 17 0.044459984 
798 520 10 13 0.040218152 
87 612 19 23 0.039859273 
455 587 22 23 0.037659366 
783 534 11 15 0.03663448 
650 576 22 29 0.035824377 
558 630 20 28 0.035467472 
600 650 17 21 0.035375904 
175 472 9 12 0.03503964 
676 671 19 17 0.033753086 
862 501 13 16 0.03364521 
792 523 11 16 0.03261513 
902 513 13 17 0.032561116 
730 617 20 23 0.031582896 
1003 540 12 16 0.03148469 
863 545 13 16 0.031483047 
313 580 11 16 0.030452458 
436 571 16 20 0.030380724 
631 571 12 17 0.030171974 
570 614 16 22 0.029231004 
409 604 16 26 0.029066209 
751 578 15 20 0.028934758 
979 501 15 17 0.028523903 
962 490 14 17 0.027803985 
648 549 11 14 0.027740007 
708 512 11 12 0.026443018 
402 514 13 15 0.026409332 
801 498 8 10 0.025075726 
644 439 9 12 0.02344418 
990 500 12 15 0.022239882 
1014 530 10 19 0.021981308 
750 570 14 20 0.021648696 
841 581 19 21 0.021414092 
20 671 12 13 0.0213791 
763 532 12 16 0.021331972 
214 518 16 20 0.021135222 
734 560 16 20 0.02028553 
248 589 16 24 0.02022915 
0 618 18 35 0.020033559 
