2_Demonstration_Political_Rally_2_609
355
118 239 89 127 0.9983102 
157 145 27 37 0.9960997 
807 544 24 29 0.993138 
635 392 16 19 0.9848621 
963 450 16 19 0.9800828 
739 613 28 34 0.9758134 
759 323 12 15 0.9754985 
755 450 16 19 0.9731169 
767 565 23 27 0.97194695 
749 371 13 16 0.97120947 
460 364 14 17 0.96234995 
908 432 16 20 0.96136415 
766 597 25 31 0.9581341 
996 349 16 20 0.9536198 
689 412 16 19 0.949415 
555 363 13 15 0.94286895 
941 375 14 18 0.933592 
489 389 16 17 0.9321005 
770 493 20 21 0.93203723 
902 476 14 17 0.92990977 
966 347 16 18 0.9276999 
509 339 13 15 0.92237353 
320 371 14 18 0.9220111 
812 328 15 19 0.9211514 
728 515 20 22 0.91696143 
923 492 16 20 0.9116917 
711 406 12 15 0.91072154 
886 543 23 29 0.9101358 
981 488 19 21 0.9076033 
389 363 13 15 0.9037927 
781 465 18 19 0.90110403 
383 399 13 17 0.8886869 
743 475 14 17 0.8854912 
677 403 12 16 0.8786593 
739 402 13 16 0.8763979 
640 348 14 17 0.86967576 
849 558 19 25 0.8690938 
848 519 18 20 0.86868465 
441 405 14 15 0.8568083 
790 438 15 18 0.8375125 
448 343 11 13 0.8356883 
717 461 15 17 0.8302153 
888 458 16 21 0.8213371 
587 388 14 18 0.81950593 
933 570 23 27 0.803962 
771 410 13 15 0.7970903 
608 326 12 14 0.7969308 
303 360 12 15 0.7955118 
647 327 12 14 0.79285747 
477 409 14 17 0.78535545 
408 419 12 14 0.78367597 
720 426 14 17 0.77371085 
996 376 15 19 0.76686114 
470 342 13 17 0.7365751 
418 392 15 17 0.7176032 
812 451 14 19 0.6948815 
718 299 11 14 0.68172336 
744 539 18 21 0.6806245 
664 319 12 15 0.66899264 
344 359 11 13 0.66246724 
819 405 14 17 0.6580059 
715 477 13 18 0.65493727 
707 384 13 17 0.63325256 
938 466 14 16 0.62841725 
412 439 12 13 0.6060393 
994 468 14 18 0.6058902 
532 401 13 15 0.60494536 
750 506 14 16 0.5778119 
865 476 18 21 0.5774078 
965 411 16 20 0.5685499 
327 335 10 11 0.55723286 
1013 478 11 18 0.5559504 
392 333 11 13 0.5529482 
352 325 10 11 0.55021846 
536 342 10 12 0.5489287 
914 332 13 17 0.54553324 
800 298 12 14 0.5446052 
261 368 12 14 0.4810692 
852 395 13 16 0.46709672 
768 297 13 15 0.42615762 
596 341 13 15 0.4097664 
616 431 14 16 0.40476644 
414 357 11 14 0.40284544 
492 344 10 13 0.3983764 
789 385 13 15 0.3967776 
642 429 15 17 0.3896923 
308 442 12 15 0.38441926 
712 328 11 14 0.37150836 
914 509 17 20 0.35997096 
878 362 13 16 0.3587783 
382 460 10 13 0.3555139 
497 307 10 13 0.34877574 
804 279 11 14 0.33943054 
701 285 12 17 0.32986057 
769 526 14 17 0.32592228 
437 434 12 13 0.3215654 
555 323 11 15 0.30699906 
837 385 14 18 0.30566838 
288 356 11 13 0.3056186 
849 487 16 19 0.30074215 
866 521 18 22 0.29774094 
477 325 10 12 0.28757313 
281 383 11 13 0.28698707 
611 366 12 14 0.28596184 
884 389 14 17 0.2784109 
427 291 11 13 0.24606636 
331 355 12 14 0.2456324 
789 411 16 19 0.24308458 
553 347 11 13 0.2413825 
963 616 21 28 0.23707 
626 332 11 13 0.22776869 
472 272 11 12 0.22546892 
453 388 12 14 0.21907018 
483 406 13 16 0.2136987 
830 477 14 17 0.21116497 
884 653 33 28 0.2080877 
736 428 13 14 0.20012048 
365 311 9 11 0.1985274 
856 519 19 23 0.1963783 
597 319 11 12 0.1884467 
257 277 9 10 0.18631941 
945 523 21 25 0.18316402 
575 393 14 17 0.17846465 
437 278 9 11 0.17408139 
987 564 18 21 0.16939709 
706 427 14 16 0.16807924 
515 397 12 14 0.16393322 
794 404 13 16 0.16245292 
816 295 10 13 0.15689462 
439 333 11 13 0.14639926 
542 318 12 14 0.14201015 
580 391 17 20 0.1418827 
826 511 19 22 0.1336829 
751 284 11 14 0.13107142 
228 398 46 52 0.12987521 
746 576 22 27 0.12886822 
1000 285 9 11 0.12557685 
303 325 11 12 0.12481085 
325 406 14 15 0.1247002 
955 479 13 15 0.12297215 
448 268 9 11 0.11833692 
357 385 12 15 0.11765921 
666 299 12 14 0.11652192 
887 596 25 29 0.114430495 
515 299 10 12 0.11329886 
330 293 10 12 0.11158482 
742 288 11 13 0.1115575 
806 357 13 16 0.1103081 
615 391 11 15 0.11021192 
730 545 22 24 0.109213896 
550 318 12 14 0.10652487 
793 529 16 20 0.10476323 
351 428 11 15 0.1042086 
798 343 11 14 0.10240795 
843 433 14 19 0.10153652 
950 533 22 24 0.100938775 
627 235 11 15 0.10074946 
751 277 12 14 0.09733335 
670 453 13 18 0.09636311 
671 349 10 14 0.0936088 
789 499 15 19 0.09261658 
817 456 16 19 0.08936847 
845 606 20 28 0.087776616 
455 280 11 12 0.08703781 
462 445 12 17 0.08630887 
942 513 21 27 0.08603069 
450 449 14 17 0.08347227 
724 550 18 19 0.083272114 
865 591 23 27 0.081847586 
895 356 14 17 0.078233786 
754 607 27 33 0.077878155 
846 426 12 18 0.07723552 
869 416 15 19 0.075337246 
455 420 11 15 0.07238829 
421 436 10 13 0.07155536 
391 292 10 12 0.068055384 
485 322 11 13 0.067755654 
350 341 10 12 0.067668244 
610 442 22 26 0.06618209 
476 524 16 19 0.06563051 
287 334 9 11 0.0653391 
720 260 11 14 0.06350459 
622 298 12 13 0.06339928 
704 315 12 14 0.06300621 
352 405 11 14 0.0625232 
460 284 10 12 0.062137574 
619 397 12 15 0.060618848 
754 417 12 15 0.060616188 
280 342 9 11 0.05952299 
821 308 11 14 0.057011407 
859 620 15 18 0.056204874 
406 294 10 11 0.054565296 
766 581 27 33 0.054341912 
319 283 9 12 0.053987365 
708 433 15 17 0.053892788 
756 301 10 13 0.05342351 
514 316 12 13 0.05307995 
838 517 20 23 0.052032884 
311 237 8 9 0.05174618 
254 481 16 22 0.051303625 
358 342 10 12 0.050025873 
944 276 9 11 0.049898606 
295 292 9 11 0.049282447 
611 455 19 23 0.04921284 
374 284 9 11 0.04891968 
317 351 11 13 0.047753453 
342 308 11 14 0.04766842 
737 303 10 13 0.047607698 
303 481 13 16 0.04707719 
443 335 12 15 0.04589245 
952 348 11 14 0.045735206 
675 370 14 16 0.045692965 
408 258 11 13 0.045504402 
948 311 11 13 0.044954825 
960 348 12 15 0.043717403 
433 432 11 13 0.043005705 
289 328 9 10 0.04295602 
792 191 8 10 0.042480458 
715 430 16 18 0.04229091 
759 568 22 27 0.04201124 
794 503 15 19 0.04187152 
388 446 11 13 0.04116403 
939 331 14 17 0.040382084 
262 289 9 11 0.040277038 
330 410 12 14 0.04016988 
676 346 12 16 0.04004478 
537 401 15 17 0.03957208 
383 348 11 13 0.039567366 
293 327 10 11 0.038864437 
545 279 10 12 0.03825388 
493 297 11 12 0.038236775 
845 193 8 10 0.037944447 
1010 339 12 16 0.037899867 
730 572 26 30 0.03786278 
590 416 14 17 0.03784133 
724 554 25 27 0.037175376 
830 275 11 14 0.036838975 
784 181 8 10 0.03581469 
994 333 12 13 0.03567288 
271 347 9 12 0.03562481 
754 588 25 31 0.035113424 
425 230 10 13 0.034889154 
597 410 15 19 0.034878656 
680 214 10 12 0.034127705 
790 393 14 18 0.034050547 
415 307 11 14 0.03402254 
750 291 11 13 0.033853274 
455 305 14 17 0.03334003 
281 336 9 10 0.03297158 
699 361 15 16 0.03293357 
716 200 8 10 0.03270535 
383 268 9 11 0.03266839 
695 355 14 17 0.03158571 
812 318 14 16 0.031577375 
416 375 10 13 0.031431586 
887 259 10 12 0.030977031 
264 350 8 11 0.030945351 
461 279 10 12 0.030609388 
724 322 13 17 0.030519323 
359 317 11 12 0.030272704 
730 332 13 17 0.030064248 
497 364 11 15 0.030037338 
303 427 13 16 0.029948723 
849 614 23 29 0.029260002 
950 327 13 14 0.029228814 
358 270 11 12 0.029020114 
948 278 9 10 0.029001515 
580 363 12 15 0.028926281 
650 444 15 18 0.028769244 
795 317 13 16 0.028635258 
818 301 13 14 0.028584667 
351 332 11 12 0.028508341 
737 292 11 13 0.02823621 
481 389 14 14 0.028187627 
436 358 12 16 0.028087515 
479 359 12 13 0.027682165 
751 512 16 19 0.027652372 
590 261 10 11 0.02755216 
397 279 9 10 0.027399505 
613 297 13 15 0.02709012 
596 276 10 11 0.026795346 
943 294 11 14 0.026660139 
353 380 12 16 0.026529435 
793 417 15 18 0.026496174 
978 309 9 13 0.026244923 
566 223 8 9 0.026119713 
824 435 13 17 0.025999863 
336 387 12 14 0.025932096 
997 143 8 11 0.02576525 
719 306 12 14 0.025539245 
702 324 12 16 0.025306929 
553 222 8 11 0.025222545 
563 362 13 16 0.024908813 
840 427 13 17 0.024767794 
581 371 13 15 0.0247179 
585 381 14 17 0.024650514 
805 423 14 17 0.024594257 
708 395 14 17 0.024472924 
552 328 12 16 0.02443335 
399 349 11 13 0.024145698 
442 430 12 15 0.024018027 
297 379 10 14 0.023921132 
538 317 10 13 0.023897875 
782 316 12 15 0.023832552 
859 601 25 31 0.023588883 
944 569 16 22 0.023475433 
920 505 16 20 0.02341494 
544 293 10 12 0.0233418 
775 315 10 14 0.022985904 
559 293 11 12 0.022963379 
512 311 11 13 0.02292615 
428 389 13 15 0.022899862 
450 284 9 12 0.022843208 
886 273 10 15 0.02268814 
346 285 9 11 0.022561401 
819 442 15 19 0.022539278 
471 336 13 15 0.022532025 
550 310 10 12 0.022530409 
369 285 9 11 0.02251675 
822 315 12 15 0.022509942 
882 358 13 16 0.022465376 
478 395 13 15 0.022392556 
653 244 10 11 0.022210512 
785 647 28 32 0.022051362 
366 246 8 11 0.021969074 
882 445 15 16 0.021842754 
357 264 10 11 0.02183773 
758 529 18 24 0.021815265 
420 443 12 14 0.021662759 
878 340 12 15 0.02162832 
570 294 12 14 0.02156134 
516 366 14 19 0.02155693 
702 421 12 16 0.021551546 
1009 296 10 12 0.02142703 
285 339 10 12 0.021026526 
383 333 12 13 0.020997055 
460 293 10 12 0.020938693 
959 528 18 23 0.020930741 
593 270 10 12 0.020898782 
583 223 9 11 0.020811437 
822 260 10 12 0.020721858 
604 321 12 15 0.020680305 
665 247 10 11 0.020632854 
710 293 12 15 0.020615231 
574 362 12 15 0.02059874 
960 287 9 11 0.020514475 
786 270 10 13 0.020491702 
575 401 14 17 0.02039584 
790 429 15 18 0.02023075 
617 177 9 10 0.020138223 
742 506 16 19 0.020102134 
472 405 13 16 0.020097183 
587 375 14 16 0.020080099 
381 317 11 12 0.020060798 
781 412 12 15 0.020021683 
