2_Demonstration_Protesters_2_460
30
483 238 35 41 0.99847525 
840 67 29 37 0.99833626 
788 69 30 37 0.99820435 
883 204 29 38 0.998125 
640 58 42 50 0.99705005 
34 66 28 32 0.99642 
805 177 37 49 0.9957449 
272 233 40 50 0.99559253 
483 95 37 47 0.995125 
72 86 27 36 0.99369746 
132 74 18 22 0.97756743 
163 81 19 24 0.9772629 
956 92 20 36 0.9681066 
706 65 22 29 0.9498496 
436 76 23 23 0.89699066 
995 90 15 17 0.89508945 
279 73 17 18 0.8333268 
748 92 13 16 0.7664631 
971 74 13 17 0.56670463 
2 67 16 20 0.42429143 
145 191 26 29 0.11758023 
804 67 24 32 0.06282606 
957 83 14 23 0.058096122 
679 237 26 26 0.047978703 
961 82 18 31 0.04776453 
219 220 35 37 0.04197207 
22 73 13 19 0.032844212 
211 230 47 48 0.027973859 
818 71 15 24 0.0276564 
903 68 13 16 0.020669736 
