2_Demonstration_Demonstration_Or_Protest_2_450
37
291 351 22 28 0.98676467 
188 269 49 79 0.9849659 
581 271 35 58 0.91659343 
435 330 36 50 0.7820506 
906 322 13 22 0.72461313 
319 371 22 26 0.60860777 
955 340 14 19 0.5114239 
728 325 27 40 0.4898526 
855 357 10 14 0.4236445 
860 357 12 16 0.38111833 
813 357 10 13 0.3689976 
46 383 12 15 0.2770871 
1013 357 10 15 0.20625122 
31 381 8 10 0.15366407 
980 342 11 14 0.14093894 
873 348 11 14 0.10363367 
839 360 9 12 0.085543595 
961 340 13 17 0.0774637 
850 356 10 14 0.060635664 
16 380 8 11 0.05464724 
0 396 10 17 0.052186944 
0 368 7 12 0.04777541 
990 362 14 18 0.04700509 
410 318 22 32 0.04304474 
867 356 12 16 0.04147709 
951 333 12 18 0.03995381 
319 377 29 36 0.035920784 
572 349 49 58 0.03571346 
404 311 19 31 0.033316378 
40 382 9 12 0.033281736 
25 381 7 11 0.029938735 
727 325 17 26 0.029931517 
995 358 12 16 0.026466044 
749 326 28 35 0.023000471 
987 343 11 12 0.022901798 
398 293 20 32 0.02212761 
781 323 10 14 0.02175768 
