2_Demonstration_Demonstrators_2_781
36
255 167 50 70 0.99928457 
546 142 55 82 0.9991659 
696 222 46 51 0.99831796 
392 195 24 33 0.99710506 
463 201 40 52 0.9961946 
536 211 32 46 0.9929865 
930 229 27 33 0.9909044 
923 273 37 40 0.9888883 
234 127 33 57 0.9703544 
757 255 23 25 0.9242616 
816 228 21 21 0.8987403 
533 191 20 28 0.89346004 
107 228 18 21 0.79744726 
861 245 13 19 0.7822057 
761 228 20 23 0.73003393 
889 244 15 17 0.52054244 
499 207 21 31 0.49941787 
979 250 13 22 0.27424532 
129 220 11 16 0.19175546 
791 240 11 14 0.18702857 
438 224 9 12 0.14749147 
666 146 7 8 0.13656294 
855 247 14 18 0.10916327 
124 226 14 17 0.0756734 
531 198 25 38 0.07236679 
999 242 16 20 0.054383893 
747 227 17 20 0.054146048 
890 240 11 14 0.052229144 
485 206 28 38 0.038388718 
765 234 19 27 0.034392286 
356 206 14 21 0.033102687 
132 223 13 18 0.030118799 
848 249 13 18 0.029074734 
307 171 25 32 0.028194897 
784 241 12 17 0.02521447 
915 234 17 20 0.02049595 
