2_Demonstration_Political_Rally_2_637
24
0 387 34 47 0.99737895 
726 404 32 42 0.99692744 
279 355 35 46 0.9926596 
161 387 35 56 0.9876801 
661 399 24 34 0.9772778 
908 398 23 31 0.96980256 
734 98 49 78 0.9619501 
621 350 24 36 0.94897115 
455 364 30 59 0.90580183 
843 367 25 35 0.831801 
365 406 29 36 0.7838965 
551 353 28 39 0.5561919 
782 378 22 29 0.55346185 
617 288 18 22 0.2833545 
810 412 30 38 0.2805253 
786 385 25 33 0.17445178 
700 303 15 19 0.058343273 
949 653 13 18 0.045004852 
766 397 20 27 0.04232467 
560 361 28 39 0.03457774 
892 395 29 33 0.031860266 
373 394 25 28 0.029725857 
679 398 21 32 0.023007287 
881 598 14 15 0.021312809 
