2_Demonstration_Demonstration_Or_Protest_2_420
295
404 229 51 82 0.99794024 
475 159 36 46 0.996897 
309 167 31 48 0.99278295 
909 112 14 19 0.99041104 
595 166 30 52 0.9871743 
718 157 34 48 0.98582506 
809 184 31 41 0.98417896 
515 142 24 33 0.9814927 
418 132 23 33 0.9809884 
638 125 30 42 0.9809801 
208 146 26 35 0.9711826 
207 266 39 61 0.96437263 
371 169 25 41 0.9550351 
693 134 21 31 0.9519982 
976 132 20 28 0.94583493 
111 276 49 71 0.8986829 
551 235 40 57 0.8913184 
977 185 29 44 0.88812 
71 183 24 47 0.87624884 
771 123 17 20 0.86605555 
843 172 24 43 0.85686296 
570 162 26 42 0.85450333 
-2 298 44 58 0.8486747 
743 269 36 57 0.83325154 
951 99 11 14 0.8285873 
18 145 23 31 0.8042894 
972 114 15 18 0.74222964 
985 142 24 31 0.7282282 
258 165 20 38 0.7165484 
920 245 28 54 0.7074215 
308 109 13 17 0.5570011 
116 154 21 37 0.5419211 
62 132 18 31 0.51565075 
168 104 10 13 0.4826199 
463 93 8 11 0.4628255 
652 272 43 54 0.4396793 
630 105 12 17 0.4298194 
29 117 20 25 0.41147912 
1006 98 12 14 0.39881688 
389 93 10 13 0.37076566 
229 100 16 23 0.35870945 
909 170 24 29 0.3548409 
371 94 11 15 0.3417129 
511 88 9 11 0.33994594 
927 124 14 17 0.33987325 
386 202 35 51 0.28602335 
515 111 14 19 0.27125722 
122 95 12 13 0.25932044 
737 101 8 11 0.24898244 
196 126 17 23 0.24879225 
838 151 21 33 0.22563657 
860 95 11 13 0.22451963 
933 116 14 18 0.21041895 
260 128 15 26 0.20926839 
390 98 13 17 0.19905332 
919 94 10 12 0.19620419 
889 125 15 18 0.19562274 
10 130 17 22 0.19381961 
600 99 11 15 0.19311531 
813 121 23 29 0.18706663 
935 110 12 13 0.17932881 
100 101 12 15 0.17649722 
951 336 62 80 0.17568141 
706 96 8 11 0.17061326 
384 93 10 13 0.16491283 
767 97 7 9 0.15346363 
406 101 12 15 0.15219067 
979 109 14 17 0.15141326 
1007 113 12 16 0.14983241 
927 98 11 14 0.14893255 
576 284 42 42 0.14326906 
196 104 15 19 0.14074881 
931 212 27 45 0.14003095 
54 127 18 30 0.13824528 
777 88 7 9 0.13819179 
407 107 14 17 0.1263204 
861 115 14 15 0.1255995 
459 139 21 32 0.12354844 
241 122 16 21 0.12170995 
14 181 23 30 0.12135942 
671 87 8 10 0.11171926 
480 277 37 50 0.10822724 
826 114 12 15 0.103218555 
504 88 8 11 0.101065814 
544 128 14 21 0.098719336 
303 99 11 17 0.097360894 
322 84 10 13 0.09584657 
199 130 23 32 0.094978206 
987 108 13 15 0.094830714 
54 91 10 13 0.09179173 
0 85 7 10 0.08705452 
575 92 9 11 0.08649105 
982 94 8 10 0.08626231 
196 197 26 40 0.08494017 
625 108 11 15 0.082916394 
805 124 21 29 0.0827362 
972 119 21 27 0.08171727 
38 121 21 27 0.0811088 
134 288 49 67 0.080698885 
137 129 16 20 0.0788613 
613 123 13 17 0.07789704 
0 160 17 30 0.075589634 
838 304 49 48 0.07513646 
978 84 8 10 0.073509395 
791 112 11 12 0.07292395 
480 95 9 10 0.07125834 
981 86 8 10 0.07087202 
968 109 11 15 0.06930509 
604 107 11 16 0.06878291 
106 271 36 50 0.06832431 
37 96 10 11 0.0679762 
189 80 7 10 0.064879395 
701 84 7 9 0.064629875 
940 120 14 18 0.06460552 
767 78 7 8 0.06432476 
45 124 21 29 0.063722216 
884 93 10 14 0.05764834 
993 86 8 10 0.05753472 
120 81 7 8 0.05647837 
583 163 29 48 0.056043606 
181 196 27 41 0.055656265 
457 91 9 12 0.055475395 
803 160 23 32 0.05527396 
461 108 13 16 0.053837284 
969 122 13 19 0.05380351 
753 96 7 9 0.05343401 
70 101 11 17 0.05331826 
496 91 9 11 0.05075825 
293 93 9 13 0.049900413 
304 95 9 13 0.048832946 
308 259 36 44 0.048633378 
901 73 8 10 0.048087828 
230 108 22 27 0.04763028 
119 106 12 15 0.045723524 
384 87 9 11 0.045642618 
1 137 10 18 0.04554963 
192 103 11 15 0.04537034 
395 103 13 19 0.04484008 
11 150 22 33 0.043884642 
981 81 8 10 0.04374279 
591 87 8 10 0.04285644 
902 77 9 10 0.04275224 
491 121 16 20 0.041831333 
489 102 10 14 0.041312583 
515 88 9 11 0.041050352 
125 107 12 14 0.040538076 
180 122 14 21 0.039775554 
758 89 7 8 0.03949971 
547 109 12 15 0.03949949 
459 123 16 18 0.03936756 
597 141 16 18 0.039180618 
1014 85 8 10 0.038774673 
761 96 7 10 0.038034465 
845 138 23 31 0.037670404 
22 123 12 17 0.037604596 
396 125 13 18 0.03724673 
761 101 8 10 0.037234772 
931 102 11 13 0.036767703 
108 109 12 14 0.03663214 
204 123 20 25 0.036591336 
947 123 13 15 0.03655315 
542 113 14 18 0.036541387 
603 95 9 12 0.036291514 
696 96 8 9 0.036187015 
869 91 10 13 0.036165938 
390 133 20 28 0.036157705 
320 80 9 13 0.03595437 
735 108 9 12 0.035741687 
897 75 8 10 0.035585906 
709 98 9 13 0.03550241 
966 175 28 41 0.03534961 
734 134 15 23 0.03530331 
486 88 8 9 0.03501791 
669 111 13 17 0.03464045 
906 86 8 10 0.03462583 
705 118 10 13 0.03435521 
446 110 10 13 0.03434931 
19 72 7 9 0.034336973 
902 203 27 42 0.03417468 
160 102 10 13 0.03374902 
430 89 9 10 0.033656202 
395 94 10 13 0.033498075 
1000 94 9 11 0.033494323 
231 96 12 16 0.03294091 
289 93 9 12 0.032901574 
373 189 36 53 0.03272934 
143 88 8 10 0.03262652 
994 154 27 32 0.03261435 
879 78 7 9 0.0326067 
193 111 20 25 0.032099456 
1011 95 10 14 0.031783 
253 121 18 27 0.031759743 
479 87 8 9 0.0317257 
804 143 26 35 0.03170725 
264 103 8 11 0.031583097 
967 131 14 21 0.031245338 
195 157 26 31 0.031219456 
162 134 21 26 0.030808754 
12 118 13 15 0.03070674 
492 104 12 16 0.03051038 
455 108 11 15 0.030441511 
528 96 8 11 0.030229528 
345 130 18 21 0.030225279 
738 68 8 9 0.030195506 
578 126 17 21 0.030103454 
262 117 13 20 0.030082522 
265 122 14 21 0.029946912 
793 88 8 9 0.0297725 
231 120 21 26 0.02960493 
119 86 9 10 0.029563934 
509 121 14 20 0.029455775 
605 112 14 19 0.029303053 
696 143 29 34 0.028788099 
18 161 22 32 0.028725458 
906 185 27 40 0.028585887 
155 122 13 17 0.028472757 
760 111 9 11 0.02816122 
62 93 10 13 0.028145196 
96 79 8 11 0.027670749 
360 77 8 10 0.027068606 
280 94 8 11 0.026775306 
308 93 10 12 0.026735542 
665 86 7 10 0.026603304 
403 122 14 18 0.026383681 
664 96 8 10 0.026189424 
223 86 7 10 0.026003862 
183 170 22 30 0.025953135 
728 112 9 12 0.025824204 
106 101 12 14 0.025817968 
3 175 23 34 0.025678148 
261 108 10 13 0.025674082 
141 129 21 28 0.0256497 
616 100 10 13 0.025280971 
27 151 21 29 0.02521427 
485 92 10 11 0.024971953 
741 109 9 11 0.02483273 
189 123 15 23 0.024633035 
729 102 7 10 0.024417551 
310 68 9 13 0.024317473 
549 131 19 27 0.024282468 
679 100 9 12 0.024157636 
424 73 7 9 0.02411265 
396 192 30 43 0.023892637 
485 122 16 21 0.023888953 
107 142 22 33 0.023750193 
687 85 7 9 0.023639763 
293 110 11 16 0.023575472 
663 100 8 11 0.023432544 
742 97 7 10 0.023378605 
982 102 11 14 0.023303762 
721 88 7 8 0.02309042 
375 212 31 46 0.022845725 
679 96 8 10 0.022841025 
798 126 14 19 0.022774294 
480 80 7 9 0.022731079 
323 129 14 23 0.022706453 
143 94 8 10 0.022690766 
553 94 9 11 0.022669965 
729 86 7 9 0.022603 
968 86 7 9 0.02250643 
789 129 15 20 0.022488918 
782 144 16 22 0.022370607 
695 116 10 13 0.022276608 
928 106 11 15 0.022125667 
403 133 20 30 0.0221207 
688 81 7 9 0.022108434 
695 111 10 11 0.02208351 
472 85 8 10 0.02206926 
778 119 14 17 0.022014251 
997 110 12 16 0.021945221 
415 88 8 10 0.021781795 
939 138 17 20 0.021661595 
133 107 10 15 0.021474779 
361 201 28 40 0.021466281 
158 172 23 32 0.021420807 
269 101 9 11 0.021266757 
30 101 9 12 0.021259421 
439 109 11 13 0.021207483 
462 101 12 15 0.021154104 
49 88 9 11 0.020979084 
621 101 11 14 0.020888478 
310 75 10 13 0.020841518 
824 121 17 21 0.020681186 
846 109 9 12 0.02051472 
167 89 7 9 0.02049759 
645 92 10 11 0.020429928 
462 128 21 28 0.020404115 
203 219 31 41 0.020394314 
518 91 8 11 0.020378048 
467 95 10 11 0.020271275 
759 64 6 8 0.02025859 
794 92 8 11 0.020156993 
786 138 16 22 0.020143015 
600 89 8 10 0.020134864 
244 169 26 37 0.020100122 
