2_Demonstration_Protesters_2_738
21
724 1016 121 157 0.99984694 
241 868 123 161 0.9997253 
463 105 105 122 0.9994783 
309 58 56 71 0.99822396 
1 1210 112 218 0.9936034 
218 25 80 105 0.9913731 
815 78 38 47 0.9885062 
777 180 62 90 0.9845925 
926 1030 93 195 0.958457 
673 683 35 47 0.9299077 
11 725 42 47 0.44108012 
594 899 19 22 0.17168152 
304 707 30 46 0.14953996 
307 688 55 69 0.08841415 
575 692 34 37 0.08645956 
0 727 21 37 0.057403717 
153 121 16 20 0.045511853 
686 1 30 31 0.024431529 
678 60 21 28 0.024104543 
325 680 66 69 0.02159902 
0 709 24 39 0.020724576 
