2_Demonstration_Demonstrators_2_414
46
133 41 24 27 0.9878001 
400 32 22 26 0.9849253 
597 39 24 27 0.98056877 
484 28 24 27 0.9669417 
200 41 21 23 0.96462417 
308 39 25 28 0.94635177 
689 56 23 27 0.93892914 
20 35 26 31 0.93511873 
929 37 32 36 0.92367303 
818 49 22 27 0.9083504 
764 46 19 23 0.88499075 
249 51 20 23 0.8786293 
92 61 18 21 0.41553962 
363 40 16 19 0.38026237 
912 47 24 28 0.13593759 
907 51 18 21 0.12720461 
277 42 17 22 0.10264894 
357 45 21 25 0.09584922 
227 40 16 22 0.0634389 
735 46 15 19 0.062342297 
700 51 20 31 0.058545105 
383 48 14 17 0.05815866 
361 57 19 22 0.05667659 
115 69 14 16 0.05340909 
542 68 13 18 0.04492714 
319 7 13 18 0.043899592 
1004 52 19 29 0.040607024 
262 46 20 27 0.03660945 
1 43 20 30 0.035174437 
383 36 13 18 0.034444902 
810 52 21 27 0.031960476 
238 46 19 25 0.03132981 
294 43 24 29 0.030487541 
722 49 16 20 0.02982786 
289 36 22 29 0.029636605 
7 249 40 53 0.02538622 
923 46 21 26 0.02417823 
319 37 19 24 0.022885723 
712 54 18 27 0.022234937 
577 57 15 20 0.021610618 
14 39 20 24 0.021497345 
843 104 23 27 0.020987546 
521 48 14 18 0.020549959 
44 50 17 23 0.02047662 
894 45 21 27 0.02035558 
580 50 14 20 0.020070551 
