2_Demonstration_Political_Rally_2_406
29
507 700 58 66 0.9994468 
620 617 133 145 0.99847156 
265 599 91 113 0.99773717 
491 580 24 31 0.9965834 
124 589 25 28 0.9953324 
557 612 41 53 0.994331 
11 674 56 77 0.99379504 
139 559 23 27 0.9921882 
251 547 21 26 0.9866035 
377 623 46 64 0.9839364 
798 626 178 134 0.9792492 
254 608 31 54 0.97100776 
69 553 21 25 0.95434266 
746 337 14 17 0.93246377 
209 627 26 24 0.9292053 
326 544 19 30 0.6763875 
163 650 28 51 0.40337786 
257 607 56 77 0.26537097 
0 584 20 30 0.18783359 
380 578 23 26 0.1273571 
15 613 22 37 0.11628525 
759 585 60 76 0.10172116 
679 606 121 133 0.045375567 
87 647 27 45 0.027371043 
732 599 94 117 0.023125784 
36 684 37 58 0.022373028 
224 626 18 21 0.021840407 
101 619 12 15 0.020836588 
765 630 106 122 0.020269405 
