2_Demonstration_Political_Rally_2_117
70
587 193 34 43 0.99776506 
379 213 28 35 0.9945379 
728 217 28 36 0.9945311 
791 213 23 27 0.9914272 
632 201 22 32 0.98627067 
838 201 28 37 0.9861297 
62 195 21 27 0.9831655 
23 203 22 27 0.98145217 
287 195 22 29 0.9811539 
806 187 14 17 0.9809467 
453 194 11 17 0.9556238 
780 202 15 20 0.8958767 
873 196 22 39 0.8906946 
144 208 13 19 0.86912984 
412 206 17 24 0.8450349 
174 198 10 13 0.8376482 
958 189 21 27 0.8142907 
123 216 15 23 0.7247225 
693 204 20 33 0.677749 
477 192 10 13 0.6349557 
541 228 14 17 0.49062982 
373 183 8 10 0.4621056 
358 196 9 12 0.3631327 
261 196 14 17 0.30009124 
407 186 8 10 0.27303055 
542 184 8 11 0.24447238 
534 189 11 13 0.21491432 
203 196 11 15 0.20275801 
858 202 24 32 0.18299066 
528 192 9 11 0.17475407 
484 175 9 11 0.16748194 
493 201 17 19 0.16316535 
262 189 12 15 0.1458561 
789 196 14 18 0.13599305 
344 190 11 12 0.11202644 
400 188 8 11 0.108361185 
421 188 9 12 0.09407415 
520 192 9 12 0.0811313 
509 191 9 13 0.077969484 
728 182 9 12 0.07430389 
733 181 9 12 0.06623737 
263 216 13 16 0.054803375 
685 203 19 30 0.05434484 
21 151 13 20 0.05131553 
558 184 7 10 0.050837267 
499 194 15 19 0.05074483 
553 184 7 10 0.047193225 
254 189 12 15 0.047031198 
416 172 9 11 0.046821646 
718 184 10 12 0.045409694 
393 190 9 10 0.041690756 
471 173 8 11 0.041579243 
793 192 10 14 0.03930846 
352 195 11 14 0.03639363 
795 194 14 16 0.03606279 
133 208 17 25 0.034930505 
767 183 8 10 0.03306353 
759 188 11 14 0.03168896 
196 198 17 20 0.030896772 
494 190 13 17 0.030156545 
676 199 16 23 0.028572587 
783 209 21 27 0.027795978 
4 202 11 16 0.027278692 
448 192 12 16 0.02389896 
535 227 23 30 0.023826601 
798 176 9 11 0.02357046 
485 189 11 15 0.023244698 
800 189 12 15 0.022359233 
103 211 14 20 0.02130553 
786 124 8 9 0.020036658 
