2_Demonstration_Demonstrators_2_329
52
252 95 60 76 0.999775 
203 45 48 62 0.9991418 
860 168 38 45 0.99718 
933 182 31 38 0.99675804 
137 87 45 56 0.99373734 
376 98 25 31 0.9931258 
24 0 50 56 0.99227434 
113 32 37 50 0.99122214 
707 166 26 36 0.9862694 
666 150 25 36 0.98541147 
732 169 21 26 0.98110116 
959 190 22 34 0.97941667 
794 191 20 27 0.9729311 
980 222 24 30 0.96732235 
606 175 11 14 0.92428535 
65 49 38 43 0.84097856 
720 166 22 30 0.81603545 
622 157 9 11 0.80134296 
909 163 15 18 0.3587559 
1001 222 21 29 0.3208659 
815 203 13 17 0.27135268 
788 256 14 19 0.2228184 
550 212 9 12 0.20446977 
617 157 10 13 0.18583275 
378 129 29 41 0.12061041 
525 452 49 77 0.09994355 
588 225 9 12 0.0802579 
557 213 9 12 0.058928054 
625 182 10 12 0.05890957 
903 169 22 29 0.046834737 
609 157 10 12 0.04129049 
375 110 28 35 0.04024504 
781 209 14 22 0.037216194 
645 171 13 16 0.036733393 
597 163 10 12 0.035685997 
740 215 13 23 0.033537615 
943 192 30 35 0.033468004 
565 499 14 19 0.03343454 
599 199 9 12 0.03296585 
590 158 11 13 0.03292419 
406 127 31 50 0.03282072 
550 220 9 12 0.027385809 
583 165 10 13 0.02599809 
567 201 7 10 0.02517787 
650 161 14 21 0.024530344 
779 175 15 20 0.024432143 
585 143 9 12 0.024316225 
565 164 9 12 0.023924658 
924 178 28 36 0.021567313 
576 166 10 13 0.021527944 
557 490 24 33 0.021389443 
386 138 30 46 0.020443851 
