2_Demonstration_Demonstrators_2_309
18
813 287 45 59 0.99764997 
133 261 27 35 0.9793858 
991 379 31 55 0.97774863 
151 234 20 22 0.88866955 
83 231 19 23 0.843888 
245 300 37 52 0.38246116 
913 356 10 15 0.32565945 
34 222 14 17 0.3235934 
449 139 113 150 0.2737528 
297 265 9 11 0.26387691 
931 364 11 15 0.116130546 
145 247 22 32 0.03139636 
964 378 11 15 0.030692516 
16 200 16 20 0.029765615 
56 235 17 23 0.029717408 
298 286 14 17 0.029146735 
12 229 11 14 0.028323496 
227 306 44 56 0.027583312 
