2_Demonstration_Demonstration_Or_Protest_2_360
283
855 602 64 69 0.9996809 
652 619 48 56 0.99909353 
956 581 50 66 0.9969164 
619 593 29 38 0.99683833 
514 600 44 54 0.9965444 
475 577 28 38 0.9948137 
681 561 27 32 0.9945127 
558 642 58 52 0.9942655 
776 584 28 31 0.9938116 
145 601 31 39 0.99282986 
195 633 45 49 0.98803407 
788 627 32 35 0.98593664 
57 636 60 59 0.9797117 
781 551 23 26 0.97928554 
555 569 26 28 0.97880346 
582 557 22 25 0.97245264 
500 553 21 27 0.9724452 
664 543 17 19 0.95212954 
798 531 15 17 0.9422235 
615 549 21 25 0.9399072 
520 530 11 14 0.9341888 
318 563 21 26 0.92695457 
537 541 22 23 0.9170025 
923 571 25 42 0.90536094 
372 559 15 17 0.90357155 
41 628 35 40 0.89656 
328 640 43 50 0.8956905 
392 627 41 49 0.8893497 
818 537 17 20 0.8514391 
645 572 18 20 0.80979407 
342 589 25 31 0.766522 
749 534 10 12 0.75766575 
597 536 12 13 0.7527835 
366 579 17 20 0.6393102 
102 551 16 19 0.6322494 
850 375 21 21 0.61548686 
329 542 10 12 0.5515612 
201 657 50 50 0.5511932 
96 595 29 34 0.5269368 
41 592 27 31 0.5082144 
249 560 18 24 0.50308496 
338 557 14 17 0.5023616 
613 535 9 12 0.4996333 
206 569 27 28 0.48961425 
578 540 14 16 0.48844203 
755 570 16 19 0.46788442 
437 579 14 16 0.46189305 
31 570 26 31 0.42948544 
431 607 34 41 0.42888698 
416 548 11 13 0.4188186 
77 571 24 30 0.4087897 
381 546 11 13 0.4036883 
905 519 10 12 0.39614904 
457 544 19 22 0.38220516 
434 559 9 11 0.34108537 
570 613 33 37 0.3372466 
420 366 16 14 0.32114545 
863 526 13 15 0.31728226 
443 644 48 49 0.3051074 
117 607 24 29 0.30430233 
561 533 9 12 0.30125225 
401 550 11 13 0.26944482 
818 580 28 33 0.25404668 
40 541 10 13 0.25294727 
133 548 16 20 0.23778881 
394 560 15 17 0.2318366 
278 565 11 14 0.22771716 
774 531 10 12 0.22597092 
768 533 9 11 0.22550078 
781 528 9 11 0.22371459 
815 521 10 11 0.20045786 
375 543 10 12 0.19858971 
717 534 13 16 0.17256854 
611 526 7 9 0.16572276 
441 663 35 36 0.156915 
567 527 8 10 0.155954 
581 537 11 12 0.15579541 
984 555 34 49 0.1518933 
146 574 19 22 0.14898092 
325 629 34 42 0.14568666 
583 525 8 9 0.14374453 
350 540 9 11 0.14262095 
398 541 9 10 0.13933748 
96 572 24 26 0.13759708 
711 530 12 15 0.13474534 
192 527 10 13 0.13015397 
332 547 13 14 0.12745598 
368 542 10 11 0.121440396 
649 533 9 11 0.1213462 
275 545 13 17 0.12115136 
49 599 31 33 0.1175029 
777 517 8 9 0.11633374 
854 523 14 16 0.115674675 
602 538 13 16 0.113601096 
683 527 10 12 0.108007476 
100 582 26 30 0.106056556 
304 557 12 15 0.10451679 
121 525 12 13 0.10334995 
870 561 16 17 0.10298696 
541 517 8 10 0.10263175 
210 670 48 61 0.09950471 
932 350 14 17 0.09876291 
855 539 11 15 0.098284535 
446 546 12 17 0.09785882 
576 537 10 11 0.09219973 
368 536 7 10 0.09060304 
825 530 15 17 0.09050498 
31 533 9 10 0.08995653 
453 539 16 22 0.08811409 
591 534 11 13 0.08663573 
509 541 11 12 0.08299056 
1008 512 10 13 0.08288128 
654 533 9 12 0.0824752 
434 624 46 51 0.08228886 
14 526 9 11 0.08115124 
421 533 8 10 0.080832794 
829 526 14 15 0.08033995 
607 534 10 14 0.07977214 
730 552 17 24 0.07881573 
8 533 11 14 0.078763396 
488 539 11 12 0.07839113 
842 622 29 42 0.07774308 
1 501 8 15 0.077459335 
763 557 13 15 0.07715009 
142 571 16 19 0.07696557 
592 562 18 19 0.07674108 
909 355 11 14 0.075514935 
405 617 42 50 0.075026594 
757 523 9 11 0.07227009 
908 522 12 13 0.071619056 
982 504 12 15 0.07121138 
39 610 34 39 0.06878353 
886 372 23 28 0.06840752 
9 528 9 10 0.067464836 
526 517 9 10 0.06592138 
390 577 22 29 0.06375855 
62 549 10 12 0.06353086 
375 577 20 26 0.06346786 
793 533 12 14 0.062369287 
648 527 9 11 0.060998116 
175 553 12 15 0.060817182 
302 535 8 11 0.060102534 
57 606 32 35 0.05959625 
634 540 13 16 0.0593244 
354 590 24 30 0.058806725 
780 596 37 45 0.058460142 
434 596 27 31 0.058091816 
551 524 9 11 0.057240166 
570 601 26 31 0.057130933 
504 536 9 10 0.05612925 
314 533 8 10 0.055950772 
803 527 13 16 0.0556732 
630 518 7 9 0.0544728 
30 582 25 34 0.053811878 
821 526 14 16 0.053343844 
102 521 8 9 0.053026207 
926 350 12 16 0.051828418 
590 539 14 15 0.05117226 
358 541 9 11 0.050902978 
333 605 32 38 0.050488815 
561 527 8 11 0.050255474 
939 347 13 15 0.05013763 
346 537 9 11 0.04852761 
943 499 10 13 0.048488345 
716 507 11 14 0.048338436 
422 566 12 13 0.04806494 
475 556 12 16 0.047451556 
389 487 8 10 0.046301924 
444 575 14 18 0.045805793 
493 537 9 11 0.0454583 
640 520 9 10 0.04387321 
935 573 44 57 0.043338455 
683 596 23 30 0.043317907 
96 519 8 9 0.042324916 
204 566 18 22 0.041605923 
318 527 8 10 0.04145746 
912 545 18 20 0.041399363 
11 538 12 15 0.041223828 
430 562 12 14 0.04095381 
567 521 7 9 0.040660214 
51 618 36 39 0.0406212 
309 551 11 14 0.03975517 
419 543 10 13 0.03960794 
812 589 29 35 0.03937667 
126 567 12 15 0.03933598 
543 513 7 9 0.03932252 
630 535 10 12 0.038543064 
349 503 7 8 0.03779147 
790 512 8 9 0.036720388 
980 581 40 52 0.03614181 
39 564 19 22 0.035584684 
714 525 13 16 0.035188425 
887 526 9 12 0.034885075 
881 531 9 13 0.034883223 
415 553 12 15 0.0339348 
970 506 13 18 0.03383044 
465 551 17 20 0.033690035 
360 526 6 8 0.03347776 
671 527 9 12 0.033445988 
236 562 25 30 0.03326363 
44 545 12 14 0.03310255 
504 539 12 13 0.03310207 
877 519 9 11 0.032909695 
138 561 22 24 0.032901727 
722 537 14 15 0.03251028 
331 494 6 8 0.03208816 
888 519 8 10 0.031945508 
89 550 10 12 0.031914286 
277 556 14 18 0.031735633 
403 542 11 12 0.031526316 
596 540 16 20 0.03122446 
588 527 8 9 0.031136177 
879 524 9 13 0.03111732 
999 544 25 41 0.031098511 
169 549 10 14 0.0308452 
664 528 8 10 0.030830383 
453 532 13 17 0.030738689 
380 534 9 10 0.030692643 
38 538 9 11 0.030635621 
152 583 19 20 0.029993122 
98 602 37 47 0.029791914 
760 576 17 21 0.029704548 
815 541 24 27 0.029533308 
614 570 15 19 0.029359095 
25 594 25 33 0.029034143 
375 519 7 9 0.028714389 
353 527 8 8 0.028493159 
375 536 10 10 0.028161254 
451 573 15 18 0.028127799 
694 511 9 12 0.027728675 
576 527 8 9 0.027255628 
222 576 19 22 0.026931928 
328 626 21 24 0.026899567 
542 523 11 13 0.026570097 
558 535 13 17 0.026565311 
895 512 9 10 0.02649615 
744 537 13 16 0.026451522 
572 560 22 27 0.02578814 
24 570 14 20 0.025636774 
441 550 9 13 0.025548033 
751 528 10 12 0.025488878 
895 516 9 12 0.02536851 
629 527 9 11 0.025037164 
820 518 10 12 0.02469243 
626 519 7 8 0.02428449 
759 534 9 12 0.024182176 
211 578 29 31 0.024065912 
680 530 11 14 0.024016228 
329 536 8 11 0.02382175 
463 515 11 13 0.02379934 
360 536 8 10 0.02353874 
561 556 18 18 0.023453306 
102 624 34 41 0.02342769 
624 533 9 12 0.02338093 
29 564 19 24 0.023326587 
135 503 7 10 0.023268266 
693 535 13 16 0.023131931 
792 518 9 10 0.023092309 
0 533 9 12 0.023005668 
562 621 47 55 0.023003407 
56 547 11 14 0.022715384 
337 527 7 9 0.022449194 
987 662 36 60 0.022339985 
409 512 8 9 0.02227179 
393 569 18 22 0.022271685 
446 534 11 13 0.02203322 
552 520 8 10 0.02197904 
802 496 8 9 0.021867462 
317 551 11 12 0.021560892 
113 602 19 24 0.021547379 
371 572 16 20 0.021294275 
359 564 13 16 0.021089857 
168 556 11 14 0.020856012 
560 521 8 9 0.020798652 
394 536 8 10 0.020797884 
392 541 9 11 0.02076373 
413 471 9 11 0.020670956 
181 625 14 19 0.020362256 
186 513 7 9 0.020284567 
653 528 9 12 0.020209618 
815 511 9 10 0.020177044 
949 494 10 12 0.0200549 
441 518 8 10 0.020011859 
