2_Demonstration_Demonstrators_2_306
27
212 367 9 12 0.32657436 
0 382 7 10 0.24160017 
189 362 10 14 0.2291257 
168 333 10 13 0.16394144 
50 396 10 13 0.14802025 
237 373 10 13 0.12670696 
130 410 19 23 0.12418731 
206 393 11 12 0.11973664 
155 417 15 18 0.11444693 
37 376 8 10 0.10481016 
64 373 12 13 0.10184746 
84 368 10 12 0.06843698 
109 414 14 17 0.042642735 
64 387 12 13 0.04195992 
0 481 13 21 0.032355044 
247 372 9 11 0.032257646 
245 392 12 17 0.031695727 
110 394 15 17 0.0283239 
270 366 10 13 0.02737097 
47 391 10 13 0.025256872 
6 419 10 16 0.0249463 
292 395 15 17 0.024613375 
332 374 12 17 0.022968246 
38 381 10 12 0.022607727 
63 380 13 15 0.02256929 
2 437 10 16 0.020959908 
163 425 13 15 0.020353973 
