2_Demonstration_Protesters_2_46
76
478 562 93 146 0.9994103 
735 442 99 136 0.99917775 
380 340 103 109 0.99900997 
571 562 104 146 0.99892884 
262 149 65 100 0.9984301 
336 74 68 93 0.99838793 
78 51 60 77 0.9981608 
270 15 58 62 0.9980394 
646 276 80 117 0.99723524 
822 63 77 97 0.997154 
500 152 68 102 0.99648607 
932 214 70 102 0.9952329 
960 119 56 80 0.9949616 
726 200 64 82 0.9933078 
756 44 58 72 0.9931758 
924 45 58 72 0.9907257 
608 93 65 92 0.98895407 
129 104 64 100 0.9889024 
431 509 80 133 0.9885013 
754 129 68 81 0.9862599 
234 77 62 91 0.98584414 
43 26 52 66 0.9811236 
252 458 87 115 0.97667867 
58 245 66 100 0.9735063 
391 116 48 68 0.9734116 
795 601 80 112 0.96267176 
930 592 70 131 0.9579374 
472 146 61 82 0.92259276 
585 72 61 80 0.9164933 
214 276 73 96 0.8664892 
604 606 105 111 0.8096529 
563 37 53 67 0.7710448 
959 527 57 112 0.6909978 
828 23 47 55 0.6078667 
279 554 93 134 0.56353986 
537 56 56 74 0.5074294 
194 18 51 62 0.42899287 
362 350 71 82 0.34844503 
0 426 51 133 0.3157127 
915 12 52 62 0.29287922 
134 -1 35 45 0.26295942 
368 0 43 40 0.14440976 
676 31 39 44 0.13667162 
0 35 24 50 0.100187436 
756 98 31 38 0.093014754 
820 39 57 74 0.08090863 
481 18 29 43 0.08003784 
872 0 37 34 0.07729834 
446 131 52 65 0.06973462 
348 -1 47 36 0.06933027 
6 -2 44 51 0.060426272 
788 38 53 67 0.060380984 
18 8 46 61 0.057279013 
440 6 59 61 0.0530939 
752 168 67 78 0.04828948 
673 46 45 62 0.047635503 
242 112 77 105 0.042690434 
259 47 64 73 0.042536348 
1 8 36 65 0.04211684 
814 411 106 99 0.040581618 
359 93 75 99 0.03610619 
931 0 43 40 0.029680572 
259 499 94 136 0.029548844 
556 24 44 46 0.028641894 
332 -2 42 35 0.02795167 
847 5 47 51 0.026793098 
728 23 33 44 0.02525237 
784 115 60 72 0.0245102 
578 64 43 62 0.024035085 
434 134 39 57 0.022077331 
997 452 26 58 0.02138658 
27 -3 43 40 0.021315346 
744 139 34 46 0.020972267 
215 34 49 74 0.020557653 
765 423 122 127 0.020359622 
759 -2 38 32 0.02002019 
