2_Demonstration_Demonstration_Or_Protest_2_54
69
445 134 35 45 0.997695 
668 136 28 32 0.9976064 
983 229 33 40 0.99740136 
106 161 25 30 0.99729985 
775 135 35 41 0.9972025 
732 165 30 38 0.9961681 
321 206 44 50 0.9944829 
240 149 30 41 0.99391574 
505 140 22 27 0.99308383 
566 151 23 30 0.99082446 
182 173 22 31 0.9905731 
574 201 34 42 0.990388 
863 131 36 50 0.98991627 
196 58 17 22 0.987921 
638 154 23 27 0.9836512 
171 111 19 23 0.9817238 
129 153 23 30 0.9787998 
401 169 19 24 0.9751999 
268 144 18 24 0.9635348 
171 147 22 26 0.9634769 
375 92 12 16 0.95919204 
531 150 20 25 0.95471716 
104 89 23 26 0.94363856 
361 177 18 22 0.93309873 
319 153 18 22 0.93218344 
853 131 26 38 0.89716744 
612 163 21 25 0.8945783 
125 98 15 18 0.8439091 
270 193 19 29 0.64661753 
401 118 11 13 0.5553943 
240 116 16 19 0.5398062 
257 146 24 33 0.51656973 
717 154 24 30 0.48915285 
382 163 15 19 0.35940713 
488 56 19 36 0.25006503 
309 40 8 10 0.24498814 
535 124 10 13 0.20054877 
429 150 13 15 0.1496569 
629 157 22 26 0.123957045 
511 114 10 15 0.11228873 
555 125 10 11 0.10556293 
974 110 7 9 0.09081083 
396 66 10 13 0.08755194 
278 169 12 15 0.08613557 
556 69 19 27 0.066366695 
314 14 10 13 0.0662443 
997 115 13 15 0.06402193 
1005 195 18 31 0.06182209 
606 130 15 19 0.06166796 
622 129 15 21 0.059866924 
494 113 13 18 0.059683885 
366 114 10 13 0.051436897 
616 97 9 11 0.045271784 
727 137 15 17 0.043856043 
397 103 9 12 0.042562198 
334 39 9 12 0.042534348 
500 114 13 17 0.041011557 
694 162 21 29 0.039402917 
601 137 15 19 0.036539327 
703 159 23 31 0.032330308 
491 55 14 19 0.031199848 
371 169 18 25 0.030249922 
598 92 9 11 0.029539283 
330 7 10 12 0.029506452 
113 94 21 25 0.02660813 
714 131 11 15 0.026405696 
175 164 22 30 0.02447811 
419 168 16 20 0.023193564 
970 64 12 15 0.021709984 
