2_Demonstration_Demonstration_Or_Protest_2_402
29
476 124 46 54 0.9988512 
671 139 60 69 0.99793494 
796 124 59 71 0.9927914 
313 153 59 68 0.99165475 
185 149 58 66 0.9851893 
388 115 56 59 0.9836469 
610 112 50 57 0.980718 
537 123 16 19 0.37812924 
972 117 13 15 0.14902043 
771 5 23 29 0.12292693 
833 0 40 45 0.11712057 
920 158 9 11 0.07512785 
974 104 15 20 0.06801245 
903 155 12 14 0.066953145 
703 10 12 14 0.05977244 
969 76 11 16 0.052309077 
906 148 13 16 0.048802745 
683 91 11 13 0.041765947 
981 156 11 11 0.03510094 
916 220 14 17 0.029305799 
751 155 32 49 0.028562522 
1012 215 10 14 0.027284967 
975 156 11 11 0.02508423 
901 166 10 12 0.024951063 
587 129 23 34 0.023579998 
528 119 22 28 0.022478575 
647 68 12 12 0.021764943 
563 120 24 34 0.021372825 
911 8 23 31 0.020668097 
