2_Demonstration_Demonstration_Or_Protest_2_644
76
232 63 26 35 0.99699485 
101 237 29 38 0.9969105 
766 287 26 34 0.99435705 
146 181 25 31 0.9938267 
877 309 30 38 0.99355996 
822 277 22 30 0.9908269 
835 140 18 26 0.97318065 
429 232 21 28 0.9679147 
174 173 22 28 0.96732396 
21 32 17 22 0.96081406 
404 243 20 23 0.9591965 
517 274 24 30 0.95890594 
932 276 21 27 0.95418566 
851 271 21 25 0.95117325 
657 272 23 32 0.93997914 
716 246 20 33 0.93918514 
562 276 27 33 0.9350363 
330 87 20 31 0.9323903 
655 295 25 34 0.9214235 
644 236 20 26 0.9082257 
363 246 22 27 0.8516735 
548 244 21 26 0.75722826 
444 283 23 25 0.7169848 
568 120 16 19 0.70433307 
525 150 17 21 0.6932253 
539 193 19 23 0.67494947 
511 248 19 24 0.5931399 
209 48 17 19 0.47535986 
473 160 15 20 0.3648531 
578 254 22 29 0.3542016 
570 262 25 32 0.23777373 
387 243 13 18 0.1781113 
974 275 24 26 0.16266802 
421 236 21 27 0.15556975 
644 111 12 15 0.14061621 
237 219 16 20 0.12799233 
640 113 11 14 0.11432134 
784 255 20 26 0.11230695 
496 246 20 28 0.11143776 
486 247 21 28 0.10918681 
515 254 23 27 0.10677888 
356 254 19 24 0.09668422 
294 239 15 20 0.096458115 
499 169 14 19 0.088772684 
207 53 20 28 0.07448923 
447 270 24 29 0.053868815 
260 280 24 41 0.051099885 
647 100 11 12 0.04629747 
377 241 18 24 0.04404982 
732 96 13 14 0.04264715 
493 174 16 20 0.041519444 
542 269 21 26 0.04142008 
965 288 17 21 0.040467188 
472 272 22 25 0.038071327 
380 153 15 17 0.037272677 
866 346 26 32 0.03435282 
631 116 11 14 0.033015423 
386 157 15 17 0.031496983 
869 329 28 34 0.03092876 
471 290 22 25 0.03050551 
73 205 13 16 0.029117929 
215 52 18 25 0.027637035 
605 257 14 18 0.026825402 
547 275 23 28 0.02673087 
480 256 24 28 0.026643528 
503 196 14 19 0.02643836 
562 256 24 31 0.025924051 
515 266 20 26 0.025124032 
783 249 16 22 0.02434926 
507 163 12 19 0.02410292 
490 315 18 22 0.023746002 
575 272 27 32 0.02373679 
32 201 17 23 0.023127735 
532 252 16 19 0.021360232 
674 269 22 25 0.020942364 
485 176 16 20 0.02029298 
