2_Demonstration_Demonstrators_2_425
299
350 431 51 64 0.9987269 
578 386 25 33 0.9972065 
863 301 31 39 0.99717087 
789 426 64 76 0.9967385 
786 302 40 48 0.9955531 
701 374 28 33 0.99523664 
431 562 68 107 0.9947188 
635 392 34 47 0.9942934 
562 461 41 61 0.9918875 
203 401 21 32 0.9860735 
402 369 18 24 0.9834765 
224 423 39 53 0.9831466 
617 330 18 24 0.98253524 
17 474 43 47 0.9736386 
699 313 18 24 0.97286 
658 304 17 22 0.9711533 
110 380 15 18 0.9699089 
527 330 16 22 0.9670697 
794 271 19 20 0.9651618 
92 377 13 17 0.96044433 
486 371 18 22 0.944615 
772 311 20 28 0.9396821 
727 336 23 25 0.93463135 
707 276 15 18 0.93009543 
45 430 22 29 0.9172961 
614 305 12 15 0.91184217 
643 305 12 15 0.9045869 
253 367 14 19 0.8888642 
621 389 17 22 0.88627297 
446 348 17 23 0.87912905 
170 395 15 20 0.8660169 
136 375 13 17 0.8170514 
576 333 13 16 0.80862343 
516 316 11 13 0.8069164 
345 396 28 32 0.77631885 
155 420 16 23 0.7750818 
46 400 14 18 0.7749893 
288 350 11 13 0.7488362 
401 349 11 13 0.74350667 
738 303 15 18 0.73918223 
864 272 23 28 0.6989452 
361 343 9 11 0.6862349 
845 284 14 20 0.6361405 
510 349 13 17 0.6274154 
940 261 15 19 0.6176656 
979 355 37 63 0.5961736 
277 417 23 34 0.5915974 
464 407 24 34 0.5712205 
592 309 11 13 0.51337665 
541 312 10 13 0.49860287 
167 367 10 11 0.49428403 
17 372 10 12 0.48810506 
190 356 10 11 0.45841208 
710 299 13 16 0.4099296 
231 367 13 15 0.40270212 
279 367 11 14 0.39843836 
736 268 9 11 0.39353767 
485 316 9 10 0.38164833 
156 349 9 11 0.3807975 
382 326 8 10 0.35853803 
557 326 13 17 0.3431685 
133 349 9 11 0.33857182 
200 387 14 19 0.31503692 
173 366 9 12 0.27751297 
393 336 10 12 0.2672192 
963 363 41 46 0.2635222 
129 348 9 11 0.25962934 
672 286 8 11 0.25837556 
124 429 24 31 0.2525849 
214 348 8 9 0.23857343 
271 348 9 11 0.22795297 
454 321 8 12 0.21868213 
342 357 12 16 0.21837528 
343 388 23 29 0.20911177 
144 364 10 12 0.20596263 
361 325 8 10 0.20355505 
623 389 25 36 0.2007136 
429 363 14 19 0.19018736 
313 355 11 13 0.17137387 
431 327 9 11 0.16744551 
502 287 8 9 0.1643921 
565 415 20 26 0.16303025 
84 455 19 30 0.15792356 
772 264 10 13 0.15331134 
993 293 30 41 0.14961381 
592 331 12 15 0.14763685 
423 339 9 13 0.13928138 
551 302 8 10 0.13879816 
45 378 9 13 0.13370474 
267 333 8 9 0.13340195 
165 380 12 15 0.13185397 
415 313 7 10 0.12836254 
467 344 12 16 0.12590422 
287 328 7 9 0.12463587 
142 360 9 11 0.12262463 
395 340 12 15 0.120873 
101 379 13 16 0.120133646 
659 294 12 14 0.11835374 
834 261 9 13 0.11665414 
198 389 21 29 0.116386816 
582 295 8 10 0.11298217 
333 328 8 11 0.11008611 
5 379 9 15 0.10587407 
329 327 9 11 0.10374628 
0 379 9 17 0.100040406 
592 305 9 11 0.09798899 
283 370 12 15 0.0969229 
264 348 9 11 0.09530419 
941 472 52 74 0.09520873 
66 365 8 10 0.0946363 
942 276 14 21 0.09459225 
461 346 13 17 0.0938689 
821 259 9 13 0.09153072 
197 366 9 12 0.09012099 
576 294 8 10 0.08652163 
88 374 11 16 0.08645881 
551 310 9 11 0.08372709 
371 388 12 18 0.083174646 
166 388 14 21 0.08161806 
537 315 12 16 0.08110087 
21 397 15 18 0.07911003 
856 278 22 28 0.07857862 
169 343 8 10 0.07762537 
535 300 8 10 0.07623983 
560 288 7 8 0.07517882 
639 293 9 11 0.07471208 
173 349 8 10 0.074047066 
630 299 9 12 0.07380569 
162 365 9 12 0.072784536 
654 289 10 11 0.07249961 
909 277 10 14 0.07227148 
825 242 10 12 0.07115518 
335 358 13 16 0.07113142 
608 286 7 9 0.07022119 
133 424 24 29 0.068550415 
703 269 10 13 0.06749727 
193 365 10 12 0.06739638 
453 408 25 37 0.06512594 
694 287 10 13 0.064391 
733 278 10 12 0.06300837 
558 318 9 12 0.06268933 
489 339 12 16 0.06264528 
85 357 7 10 0.0619051 
609 307 12 14 0.059372462 
410 313 8 10 0.05858746 
885 301 27 32 0.05830462 
423 325 10 12 0.05784277 
449 319 9 12 0.05708844 
909 304 25 29 0.056434765 
246 318 8 10 0.056051932 
649 288 8 10 0.05580206 
136 357 10 12 0.055667307 
926 302 21 28 0.055626355 
556 311 8 11 0.055544674 
508 331 12 17 0.054591436 
277 349 10 12 0.05445646 
134 364 10 13 0.05412148 
935 304 23 29 0.053843398 
3 450 17 20 0.05378069 
575 312 9 11 0.052898873 
211 345 7 9 0.05131458 
933 274 13 19 0.050638363 
948 304 26 36 0.05031247 
161 338 7 8 0.050218638 
584 310 9 12 0.050168898 
159 342 9 11 0.049883552 
182 335 7 9 0.04929162 
85 397 14 19 0.048438452 
294 391 21 28 0.046557233 
232 343 8 10 0.04648845 
832 256 10 13 0.045486808 
521 302 8 10 0.045162674 
278 399 22 29 0.045145378 
232 351 8 10 0.043450482 
803 239 9 11 0.04336216 
58 389 12 14 0.04316462 
254 344 9 11 0.043036073 
103 411 15 16 0.04177741 
416 340 11 14 0.041621182 
510 326 11 14 0.04152451 
185 358 9 10 0.0413861 
563 328 12 17 0.04097004 
227 333 7 10 0.040867448 
654 278 7 10 0.040736068 
711 263 9 11 0.04055328 
773 246 9 12 0.040494107 
487 295 8 9 0.04036564 
294 384 16 21 0.040187784 
398 320 8 10 0.039899427 
819 274 12 16 0.03961583 
695 278 9 13 0.039581303 
816 270 12 14 0.039229825 
898 304 25 30 0.038963426 
439 302 7 9 0.03865561 
375 341 9 12 0.038183052 
640 288 8 10 0.037865274 
817 261 9 12 0.03751829 
257 348 8 10 0.036623877 
223 365 11 14 0.03652015 
925 297 17 20 0.03630392 
199 333 7 10 0.035882324 
231 358 10 13 0.0358402 
367 312 7 9 0.035563443 
583 300 8 11 0.035022825 
404 344 12 15 0.03500578 
559 294 7 8 0.03458315 
549 314 11 13 0.034566246 
248 332 7 10 0.034281094 
422 312 7 9 0.03395737 
157 357 10 12 0.03393715 
545 303 8 9 0.033808146 
416 326 9 11 0.033438228 
832 268 9 12 0.033038005 
415 334 10 13 0.032939084 
649 279 8 9 0.03276339 
79 374 10 12 0.032516837 
54 372 10 12 0.032417275 
494 312 8 11 0.031707704 
181 365 9 11 0.03161639 
344 319 7 9 0.031126138 
995 337 29 54 0.030932141 
646 270 8 9 0.030545197 
346 361 14 15 0.03049231 
528 303 8 9 0.030338975 
423 319 8 10 0.030336443 
237 393 15 18 0.030042512 
283 327 7 10 0.0299192 
774 251 10 12 0.029895384 
94 366 10 10 0.0297156 
246 328 8 9 0.029701289 
663 287 9 11 0.02961518 
487 289 7 9 0.02959407 
492 344 12 16 0.029510891 
226 328 8 10 0.028974941 
614 286 8 10 0.028928878 
312 334 8 10 0.028588803 
745 257 8 10 0.028460149 
198 372 10 13 0.028405827 
269 370 13 16 0.028347772 
300 385 22 26 0.027626602 
392 325 9 11 0.027587136 
381 331 10 13 0.027342938 
513 312 10 12 0.027259339 
584 287 7 9 0.027206248 
553 297 8 9 0.027168877 
483 313 8 11 0.026725749 
292 377 15 20 0.02653583 
129 365 9 11 0.026522817 
615 295 10 11 0.026418438 
277 411 16 26 0.026288671 
727 261 9 11 0.026256835 
183 340 8 10 0.026226977 
274 367 11 13 0.026079861 
670 290 11 14 0.025694313 
527 310 8 10 0.025365405 
90 441 25 29 0.025237355 
311 342 10 11 0.025088096 
566 319 9 12 0.025035957 
372 379 15 20 0.024869433 
172 417 15 20 0.024799187 
176 398 17 20 0.02465619 
234 376 16 19 0.02460154 
152 359 9 12 0.024523124 
743 262 9 11 0.024434794 
41 386 189 224 0.024402501 
144 422 23 29 0.024312379 
376 320 8 10 0.023965279 
167 361 9 11 0.02395919 
788 246 10 12 0.023857623 
191 390 13 16 0.023689747 
175 361 9 11 0.023497578 
447 313 7 10 0.023486145 
382 339 11 14 0.023425594 
365 345 11 15 0.02342159 
182 426 15 18 0.023419317 
361 321 7 9 0.022759156 
179 419 14 18 0.022632712 
341 381 16 24 0.022420079 
394 320 9 11 0.02222303 
153 345 9 11 0.021865632 
247 365 13 17 0.021836825 
574 317 10 11 0.021754635 
311 328 7 10 0.021646038 
376 366 10 13 0.021630041 
100 436 24 27 0.021610446 
242 327 7 9 0.02151667 
110 350 7 10 0.021456467 
396 325 9 10 0.02133826 
600 206 13 14 0.021288881 
569 294 7 9 0.021228477 
597 304 9 12 0.021191724 
115 376 13 17 0.021147368 
670 269 7 9 0.020919481 
619 302 11 14 0.020849135 
592 286 7 9 0.020740366 
284 422 29 32 0.020679172 
127 372 11 15 0.020634064 
103 358 8 10 0.02042561 
687 265 8 10 0.020011285 
