2_Demonstration_Political_Rally_2_491
27
653 503 28 46 0.9924821 
631 374 26 42 0.97344613 
544 497 31 56 0.9656587 
566 389 22 33 0.96358865 
863 523 23 27 0.9604785 
746 538 18 24 0.95612025 
969 535 15 22 0.9489084 
790 525 17 25 0.92405295 
387 460 19 27 0.915731 
905 540 19 22 0.9008845 
584 490 50 88 0.88510776 
286 637 23 41 0.2178352 
568 490 42 75 0.15755625 
460 632 37 61 0.13000895 
917 647 31 49 0.07716875 
218 580 24 29 0.071144916 
182 625 36 50 0.057911217 
252 627 13 18 0.05649088 
455 624 32 47 0.05503348 
879 649 39 48 0.035500582 
186 603 33 48 0.031902257 
327 588 30 56 0.029568741 
896 646 39 50 0.027913095 
271 614 14 17 0.027385505 
156 342 46 53 0.023346327 
687 635 46 66 0.020455156 
286 634 15 27 0.020157851 
