2_Demonstration_Protesters_2_213
45
958 589 52 73 0.998092 
593 549 63 79 0.9979759 
364 302 72 100 0.99407697 
754 543 36 48 0.98909307 
525 469 21 29 0.98744607 
232 290 63 76 0.9691496 
843 695 62 75 0.92412287 
116 457 26 30 0.8203991 
19 403 12 14 0.7534743 
493 475 15 22 0.7504325 
48 399 12 15 0.6873116 
67 421 15 18 0.67784077 
68 392 10 12 0.49014902 
0 420 10 18 0.44189724 
97 398 11 14 0.4136157 
666 68 17 22 0.3110506 
22 419 12 15 0.22255844 
639 48 22 28 0.17156687 
949 377 9 11 0.16321953 
5 467 21 33 0.14630587 
0 428 11 25 0.13998246 
99 402 12 15 0.13556568 
650 55 23 28 0.115700476 
0 397 7 13 0.10144192 
680 376 7 9 0.07056294 
710 377 8 9 0.06637211 
21 412 13 16 0.05813141 
636 46 16 21 0.053308 
996 379 9 11 0.052369397 
888 376 8 10 0.03659591 
14 418 13 17 0.035103243 
27 414 13 15 0.03463588 
727 498 22 28 0.031556748 
816 391 8 10 0.031411372 
568 120 11 14 0.030742778 
919 381 9 10 0.030726409 
101 407 14 17 0.026447002 
68 432 15 16 0.024813168 
13 412 12 16 0.022817027 
46 393 12 14 0.021287689 
22 388 11 13 0.02088291 
845 376 8 11 0.020871026 
4 415 13 17 0.020732217 
975 376 10 11 0.02037336 
28 406 12 13 0.020094357 
