2_Demonstration_Political_Rally_2_135
40
940 635 68 92 0.99864453 
150 547 70 97 0.9976392 
517 437 85 100 0.97998476 
46 679 53 70 0.96368 
217 621 30 38 0.21075845 
42 694 35 49 0.15586019 
373 685 18 27 0.100741714 
339 683 11 16 0.09501309 
0 655 27 45 0.08988307 
243 665 15 19 0.07810647 
909 908 17 19 0.07118409 
157 379 30 37 0.06726973 
0 1013 34 72 0.061091263 
831 787 9 13 0.054484747 
863 791 13 18 0.047885776 
266 729 23 29 0.04234234 
61 322 36 34 0.041126795 
445 699 12 14 0.0332131 
103 292 24 29 0.030995265 
874 790 23 25 0.029157713 
210 601 46 66 0.028440788 
287 529 11 15 0.028233822 
892 792 15 21 0.027658856 
147 285 27 33 0.027612794 
141 309 27 32 0.02736488 
335 684 18 28 0.026801787 
392 664 12 15 0.026423788 
221 280 17 21 0.025689043 
348 528 16 18 0.025621377 
43 666 33 55 0.024666032 
311 699 17 32 0.024425084 
5 638 25 34 0.023610707 
25 710 37 39 0.021565085 
367 688 15 21 0.021419192 
10 640 17 19 0.021024808 
341 523 16 20 0.020888038 
375 661 12 15 0.020831492 
143 270 29 35 0.020577563 
142 877 23 30 0.020376448 
218 655 16 20 0.020049065 
