2_Demonstration_Protesters_2_92
54
260 435 54 68 0.9953258 
243 301 33 38 0.9941738 
689 340 33 44 0.98328984 
197 325 26 36 0.98132026 
827 330 33 49 0.97990614 
345 331 21 29 0.9797189 
746 362 50 53 0.9763411 
650 298 24 34 0.94191974 
428 301 15 20 0.9360139 
79 517 74 131 0.93208855 
926 361 30 50 0.92078364 
965 307 30 43 0.8979565 
590 320 20 32 0.84306586 
115 309 24 25 0.83521223 
381 319 21 27 0.7784663 
91 295 12 16 0.73817915 
320 311 23 42 0.71219677 
46 347 32 36 0.53824776 
74 420 61 70 0.49834406 
940 321 26 34 0.36908352 
34 283 14 17 0.31169516 
494 296 22 33 0.29129562 
468 300 19 28 0.21700807 
496 320 22 31 0.2070048 
734 309 25 28 0.20447609 
1 307 20 36 0.19086197 
188 292 14 16 0.13128394 
483 299 18 30 0.09251946 
950 313 32 52 0.09047604 
162 317 15 18 0.08959308 
62 347 32 35 0.080493666 
375 319 16 25 0.071106516 
375 313 13 20 0.064824834 
545 314 20 30 0.06294738 
3 374 44 64 0.054096792 
164 309 14 16 0.053770605 
147 306 12 16 0.048882067 
554 318 17 27 0.047476396 
329 324 16 28 0.04717973 
365 302 10 13 0.037189815 
594 329 26 36 0.03614393 
658 295 33 38 0.03510627 
935 311 25 34 0.032722313 
463 299 15 23 0.032472696 
8 306 29 35 0.03219868 
932 334 35 58 0.028669845 
144 373 22 37 0.027991207 
131 353 25 34 0.026463268 
13 393 50 67 0.025694521 
193 297 13 16 0.024620514 
44 350 20 25 0.023836326 
954 320 17 28 0.023300344 
1 315 29 45 0.021113876 
23 374 50 58 0.02093956 
