2_Demonstration_Protesters_2_57
34
223 227 38 43 0.99854004 
71 222 39 47 0.9980148 
710 191 32 41 0.9979772 
28 238 33 42 0.9977379 
385 234 36 48 0.9976801 
516 259 31 38 0.9975466 
360 263 27 32 0.9855318 
931 262 23 33 0.9828469 
655 243 26 30 0.94948834 
477 269 22 30 0.9124456 
901 230 20 33 0.83848095 
340 184 23 29 0.46281648 
453 275 12 17 0.4556442 
582 301 24 39 0.35486782 
546 282 18 21 0.30322757 
801 260 30 37 0.24276383 
148 277 33 51 0.16303317 
433 279 21 21 0.15706995 
490 267 26 33 0.13297875 
445 277 17 19 0.080408156 
531 270 26 32 0.068352975 
374 244 33 43 0.054648545 
458 273 12 18 0.044674776 
584 223 7 9 0.044662576 
878 226 20 31 0.03448745 
451 222 8 11 0.033144165 
502 257 27 34 0.032052696 
500 258 15 21 0.032048166 
593 312 16 29 0.028701814 
1006 300 12 17 0.026586708 
569 223 8 9 0.025452228 
973 282 16 19 0.022883441 
472 272 15 21 0.021701023 
896 233 16 24 0.020543588 
