2_Demonstration_Demonstrators_2_231
26
494 413 114 175 0.99976796 
39 462 57 66 0.99956125 
228 456 47 65 0.99916494 
924 424 46 56 0.9983505 
263 474 39 55 0.9909106 
980 419 15 18 0.9644509 
137 464 18 25 0.9604938 
94 465 14 19 0.8654501 
358 462 11 13 0.36123687 
357 465 23 32 0.11409576 
1013 429 11 18 0.11002518 
665 437 8 10 0.10606085 
782 237 18 25 0.08228311 
904 437 11 13 0.06721193 
345 417 14 19 0.058361113 
337 565 8 10 0.05283367 
357 410 106 201 0.041049264 
84 460 24 32 0.035341345 
116 466 11 18 0.033288483 
908 426 24 37 0.032357514 
357 465 15 19 0.031855587 
893 451 10 15 0.030630546 
407 401 132 223 0.02437555 
247 473 39 50 0.022552855 
127 466 13 19 0.020243734 
908 442 12 16 0.020162446 
