2_Demonstration_Protesters_2_12
31
919 328 53 64 0.99955016 
174 299 56 62 0.9990897 
486 311 51 62 0.99899167 
290 281 54 61 0.9987943 
826 328 49 64 0.9982084 
50 304 54 64 0.99771535 
375 320 46 63 0.99769515 
20 347 53 69 0.9975401 
413 334 47 57 0.9969009 
396 263 38 44 0.996068 
641 314 49 60 0.99541265 
593 308 47 54 0.99474674 
684 279 42 54 0.9947265 
768 288 41 44 0.99057335 
634 348 50 66 0.98925483 
718 310 23 36 0.67576534 
667 581 31 62 0.65691173 
770 338 39 45 0.41440484 
332 317 31 48 0.3569421 
402 487 37 39 0.34350732 
914 310 46 58 0.33200607 
821 288 28 36 0.25455436 
211 291 29 33 0.09951024 
698 295 35 45 0.071620435 
633 534 12 14 0.059781432 
550 263 13 18 0.05425061 
371 294 31 31 0.05308575 
761 312 45 57 0.035701986 
476 267 16 21 0.028523777 
457 295 30 37 0.025116095 
118 335 26 34 0.020354357 
