2_Demonstration_Political_Rally_2_83
228
880 556 111 126 0.9998529 
598 497 100 132 0.9997427 
283 565 112 118 0.99961203 
403 303 89 122 0.9995109 
116 526 110 111 0.99949014 
227 266 69 92 0.99899167 
887 158 50 56 0.99887866 
74 217 53 64 0.99887174 
177 156 50 57 0.99881977 
564 292 68 73 0.9987142 
505 212 54 68 0.99855846 
325 166 51 59 0.9979096 
95 291 67 86 0.997171 
168 0 31 36 0.99687886 
46 184 47 57 0.99663854 
626 390 90 98 0.99635375 
559 82 32 38 0.9963517 
465 182 50 65 0.9961098 
209 226 53 71 0.99588627 
1 395 88 98 0.9957769 
168 388 81 99 0.99569607 
879 330 83 93 0.99557805 
447 118 38 46 0.99339724 
0 72 32 42 0.9932817 
394 199 61 63 0.9923004 
399 109 35 41 0.99222153 
627 67 29 33 0.99120694 
427 33 29 34 0.9905489 
218 58 39 49 0.9897395 
231 121 42 56 0.98637575 
587 103 55 65 0.9862722 
290 33 30 39 0.9862613 
475 84 37 41 0.984183 
114 76 41 51 0.98354465 
811 134 40 50 0.98151714 
263 19 23 30 0.97956014 
10 127 48 56 0.9744639 
203 110 33 40 0.97217757 
790 120 35 44 0.9604837 
474 17 24 27 0.9603325 
824 62 27 39 0.9530854 
377 94 32 37 0.9471547 
749 20 23 27 0.94030833 
738 152 50 60 0.93317616 
869 27 25 32 0.9270384 
927 200 47 56 0.92433465 
385 64 30 34 0.90883106 
948 164 49 50 0.9000919 
132 176 40 45 0.8977172 
382 153 36 48 0.89681745 
497 45 23 30 0.89283055 
814 40 25 27 0.8750628 
308 71 29 38 0.874394 
626 246 50 51 0.87311685 
918 0 22 24 0.87060344 
669 50 24 27 0.8618757 
555 187 28 38 0.85836494 
669 610 104 72 0.85832214 
105 582 106 90 0.8414675 
79 37 30 33 0.8328582 
996 126 23 37 0.8296159 
604 60 24 26 0.8145204 
974 82 35 48 0.80668586 
118 43 30 38 0.80075115 
474 48 20 24 0.7755182 
780 43 22 27 0.77126855 
818 335 46 52 0.7606209 
947 11 24 29 0.7501161 
234 12 26 34 0.7482683 
345 34 23 31 0.7335956 
723 358 78 119 0.718214 
940 79 41 49 0.70959467 
586 20 18 21 0.688046 
253 67 25 36 0.6862939 
212 113 39 51 0.6743588 
42 284 36 57 0.6694632 
758 91 29 36 0.6522766 
566 43 17 22 0.63067174 
974 231 46 70 0.61139977 
300 2 17 19 0.53798556 
609 25 17 19 0.5348838 
446 64 25 32 0.53408253 
269 3 19 19 0.5231667 
33 62 31 40 0.5105649 
533 389 46 71 0.49909192 
882 77 36 40 0.4485276 
981 28 27 33 0.42286357 
508 1 27 23 0.41635695 
746 167 58 72 0.40321663 
93 620 94 64 0.3883472 
532 52 27 33 0.3287836 
413 0 22 19 0.32847157 
266 9 23 28 0.3050435 
245 16 27 34 0.27903935 
589 56 17 20 0.25013033 
63 143 38 42 0.23417535 
377 218 64 72 0.23133166 
797 23 17 19 0.22929755 
214 252 58 78 0.22372809 
0 153 22 58 0.22135976 
406 79 26 32 0.21304913 
524 70 29 34 0.2125624 
340 23 24 33 0.20520572 
101 19 22 27 0.1975461 
804 255 46 61 0.19311705 
832 17 18 20 0.18660244 
996 94 28 38 0.1714245 
693 9 17 19 0.16178243 
601 222 39 44 0.15903087 
93 27 25 31 0.15118548 
670 21 23 25 0.1502504 
899 6 24 27 0.14580376 
245 185 42 47 0.14088286 
987 18 23 31 0.12923764 
614 237 44 47 0.120778345 
2 139 38 67 0.10916669 
945 200 52 66 0.10833862 
21 0 32 32 0.10295187 
981 449 37 88 0.097737335 
611 3 13 15 0.09609962 
750 54 22 27 0.09565697 
747 78 31 39 0.09265231 
625 40 17 19 0.09226093 
538 43 25 29 0.092157386 
7 28 24 34 0.09002758 
342 131 38 43 0.08431168 
378 56 27 33 0.0831824 
699 100 33 43 0.0820914 
-1 262 32 64 0.0819423 
384 75 40 47 0.07838278 
313 79 35 42 0.07601119 
279 78 33 41 0.07552235 
344 18 19 22 0.07067025 
864 119 37 43 0.068959355 
389 13 22 26 0.06869555 
1004 26 16 21 0.06673834 
768 182 62 76 0.066160575 
367 1 20 20 0.06550351 
667 91 31 33 0.063242614 
704 31 23 29 0.062674254 
199 56 22 33 0.06252018 
697 84 28 35 0.060799234 
361 0 18 14 0.060547184 
207 58 31 40 0.05701684 
970 7 38 49 0.05614244 
267 73 31 39 0.053407405 
714 30 18 24 0.0523566 
72 14 18 21 0.051067136 
747 0 16 11 0.049136266 
117 314 60 82 0.04913159 
412 108 40 53 0.04696237 
568 84 41 54 0.046836056 
573 44 19 26 0.046777584 
75 51 30 36 0.04640766 
511 101 25 34 0.043850843 
762 102 32 37 0.043716926 
618 47 18 21 0.04230911 
510 51 36 43 0.041800436 
433 17 23 27 0.040826093 
388 3 26 23 0.040686287 
353 301 27 46 0.040064022 
949 245 50 69 0.03901307 
606 1 13 11 0.037956174 
834 63 35 43 0.03791129 
916 277 49 55 0.03756875 
71 19 25 28 0.03747664 
-1 117 28 43 0.037036445 
941 104 35 45 0.03680553 
875 17 24 30 0.03657643 
109 30 26 33 0.03651456 
817 0 21 17 0.036244642 
230 15 18 26 0.036230806 
906 2 20 21 0.03600504 
259 1 18 18 0.03579688 
659 8 16 19 0.03556277 
327 87 30 37 0.035521373 
377 0 18 18 0.03518002 
333 447 46 63 0.034965523 
318 0 14 11 0.03466462 
602 196 53 58 0.034284092 
871 63 34 39 0.033501133 
619 538 114 108 0.032595053 
-1 87 41 50 0.03230761 
792 47 17 21 0.032286994 
789 330 66 67 0.031924665 
405 3 19 17 0.031708684 
895 52 24 26 0.031524383 
350 4 24 26 0.03148472 
446 77 27 33 0.03105238 
43 55 39 51 0.030989716 
868 46 32 41 0.03063903 
24 275 42 67 0.030550748 
531 190 47 60 0.03010198 
760 51 16 20 0.029865017 
146 408 67 80 0.029859481 
754 139 49 61 0.029777223 
486 18 19 22 0.028368037 
255 0 14 12 0.027807651 
693 32 23 29 0.027348759 
758 340 70 88 0.027006155 
237 4 19 22 0.026502362 
762 83 21 25 0.026423445 
694 0 16 14 0.026231892 
682 90 30 37 0.025740677 
579 189 43 51 0.025675852 
7 17 29 32 0.025585724 
533 20 17 19 0.025248233 
16 67 39 47 0.025215887 
292 51 34 39 0.024758644 
790 210 57 78 0.024661956 
553 0 21 18 0.024578298 
378 245 41 59 0.024033245 
361 148 41 54 0.023391725 
750 32 24 30 0.023294581 
655 29 13 16 0.023103977 
1 47 31 45 0.02305863 
675 0 16 12 0.022842461 
2 37 20 39 0.022818515 
68 0 15 12 0.022727836 
394 54 42 50 0.022469806 
952 35 26 31 0.022403572 
944 11 17 21 0.022348434 
724 1 18 19 0.022007387 
983 0 25 28 0.0219263 
126 429 56 67 0.021697909 
639 196 38 44 0.021094162 
589 212 41 45 0.020613242 
97 0 29 26 0.020510767 
