2_Demonstration_Demonstrators_2_547
23
683 138 53 80 0.9994832 
218 139 52 65 0.999148 
820 137 46 59 0.9983322 
879 178 38 43 0.9967012 
0 211 25 43 0.99482226 
484 164 42 47 0.9898435 
641 162 41 52 0.9846161 
458 200 29 40 0.9813362 
934 204 25 35 0.977303 
414 191 32 39 0.9693579 
762 214 26 33 0.94285846 
989 206 27 54 0.93591624 
172 162 42 48 0.84800804 
732 203 24 33 0.2643707 
360 192 32 38 0.2035009 
395 223 27 38 0.07987238 
469 204 36 43 0.057007063 
657 149 46 65 0.04670022 
587 225 39 44 0.0343787 
67 93 31 47 0.03295402 
799 206 14 16 0.024592148 
168 214 31 36 0.023968816 
163 167 30 35 0.021095438 
