2_Demonstration_Protesters_2_221
135
515 202 59 82 0.999516 
575 149 47 59 0.9980996 
284 331 46 73 0.9976065 
4 201 47 79 0.9970265 
710 370 50 84 0.99644816 
220 124 49 69 0.9950665 
312 12 29 39 0.9939585 
743 177 44 73 0.9936737 
388 54 38 49 0.9935822 
400 207 48 75 0.99307764 
14 16 28 40 0.9916938 
922 180 37 62 0.9912145 
890 291 65 80 0.9908183 
691 94 36 53 0.9890209 
465 87 35 47 0.9881511 
119 13 29 42 0.987071 
716 1 27 34 0.9862662 
831 124 32 51 0.98598415 
857 170 43 52 0.9857172 
907 107 40 50 0.9816838 
542 72 31 45 0.979285 
416 266 49 72 0.9777875 
237 78 33 47 0.9751545 
136 55 38 46 0.97228277 
722 55 33 37 0.96983373 
674 56 30 40 0.96728724 
404 135 38 54 0.96507496 
411 292 43 78 0.9540743 
113 98 42 52 0.95364106 
743 144 36 53 0.9461208 
981 151 34 67 0.9279365 
294 130 38 52 0.91644883 
177 12 19 27 0.8833978 
653 90 28 40 0.86988795 
203 122 45 64 0.8668758 
594 0 19 20 0.85194945 
79 176 33 63 0.8463426 
225 517 87 57 0.842094 
82 337 31 61 0.83011734 
740 56 26 35 0.7694769 
0 108 24 58 0.7424291 
142 238 35 63 0.714787 
450 64 25 35 0.68378687 
715 204 30 51 0.54943335 
424 29 25 38 0.50345695 
157 134 31 42 0.48993325 
960 72 26 32 0.43939635 
341 108 32 44 0.4243482 
449 0 30 24 0.3926795 
724 192 39 62 0.38258138 
893 49 24 34 0.37416556 
768 326 70 89 0.31968462 
738 113 26 38 0.3086973 
47 2 26 31 0.2809015 
526 0 21 21 0.26170233 
995 0 24 25 0.22633761 
433 65 27 40 0.21440451 
193 126 34 54 0.21131201 
506 43 27 33 0.20075928 
672 4 22 25 0.18088904 
629 0 19 13 0.17523217 
4 19 22 36 0.16209659 
707 2 25 26 0.14933908 
319 74 24 33 0.12513548 
6 7 25 35 0.12365617 
243 1 25 27 0.120446004 
312 253 35 53 0.11508849 
57 0 18 23 0.10739341 
232 9 24 27 0.0985581 
640 135 30 47 0.09584907 
956 141 32 41 0.08144224 
917 0 27 25 0.07919832 
695 0 22 19 0.0764086 
29 0 29 31 0.07385209 
39 8 30 39 0.07258615 
126 79 44 53 0.07115817 
454 70 36 50 0.070842765 
598 2 26 24 0.0707527 
349 0 17 13 0.06824327 
736 0 23 27 0.06733667 
0 85 23 52 0.065923914 
747 0 18 21 0.06436911 
257 25 22 27 0.06393477 
154 58 32 43 0.06152793 
431 24 29 35 0.06115464 
814 89 24 27 0.056196403 
0 4 19 26 0.054048352 
526 427 51 67 0.050627656 
862 69 26 30 0.050224073 
783 -1 21 19 0.04857146 
315 3 18 20 0.048021704 
224 1 18 20 0.04670366 
247 14 26 29 0.04516146 
748 6 22 28 0.04132513 
16 -2 27 27 0.03936123 
439 6 32 34 0.039173987 
40 31 26 34 0.038821965 
216 90 47 61 0.037158683 
785 51 24 29 0.03500712 
-1 12 18 38 0.034632307 
224 69 27 40 0.03433445 
663 80 32 40 0.033372905 
478 0 16 13 0.033319365 
317 120 39 52 0.03305453 
643 471 51 76 0.03271083 
509 83 26 31 0.03209666 
213 211 33 46 0.03196711 
751 17 22 28 0.031450145 
618 33 23 32 0.031331714 
0 276 25 40 0.03103889 
257 214 44 59 0.030016825 
186 7 24 29 0.029509721 
512 53 28 36 0.028271262 
846 70 26 30 0.028089767 
963 143 40 56 0.026791023 
371 0 17 12 0.025963424 
431 38 28 40 0.025598345 
193 2 19 22 0.024929691 
342 148 31 39 0.024746688 
775 18 17 21 0.024616655 
256 1 18 19 0.024369739 
557 0 16 13 0.024196235 
987 36 16 19 0.023216132 
56 133 37 44 0.023130331 
444 0 21 15 0.022628652 
849 0 20 19 0.022513565 
723 116 34 46 0.022398498 
952 76 23 31 0.022176575 
846 46 26 34 0.021745844 
543 55 29 42 0.021723038 
300 245 35 52 0.021070765 
236 3 17 20 0.020915644 
277 1 15 18 0.020669347 
380 8 27 28 0.020570856 
513 34 25 31 0.020283021 
