2_Demonstration_Protesters_2_163
131
51 176 18 22 0.98685324 
366 153 16 19 0.97784895 
219 118 34 45 0.9643439 
590 124 10 12 0.9605327 
82 208 20 22 0.9582748 
102 196 14 17 0.9329929 
865 71 11 12 0.9312246 
428 133 11 13 0.92631465 
306 162 14 18 0.9058556 
499 124 11 13 0.9015949 
615 109 12 14 0.89959294 
961 14 21 23 0.8962548 
573 116 11 14 0.8876857 
539 124 11 15 0.88371855 
509 265 22 25 0.88278526 
524 119 12 14 0.87636584 
546 329 37 50 0.8739282 
689 150 11 13 0.8708 
158 184 17 23 0.83482116 
125 197 14 16 0.80778307 
599 107 10 13 0.75805527 
674 330 34 43 0.7245193 
680 164 9 12 0.7023643 
902 128 10 12 0.64501315 
454 132 14 17 0.6342568 
15 207 10 12 0.5570702 
281 159 16 18 0.5164297 
748 157 11 12 0.4972648 
807 117 11 12 0.46484423 
772 93 9 11 0.44843495 
354 138 14 17 0.4265712 
998 25 16 21 0.3995617 
558 123 10 12 0.3182472 
414 141 13 14 0.29410517 
642 114 10 13 0.28754032 
528 186 14 16 0.24130401 
574 121 11 15 0.23375785 
756 112 10 12 0.23067199 
786 94 9 11 0.22468951 
540 528 50 40 0.19994326 
518 108 10 12 0.1945931 
399 135 9 11 0.15618622 
313 163 16 19 0.14421082 
272 164 14 17 0.1404204 
849 75 8 11 0.12903202 
443 124 12 17 0.12895359 
445 130 13 17 0.12252567 
399 141 10 14 0.121558376 
414 137 10 12 0.12056513 
786 149 12 13 0.11906177 
998 39 12 16 0.117615536 
801 94 9 10 0.11697795 
343 135 9 12 0.11385882 
738 168 9 11 0.11296472 
765 125 9 10 0.11061607 
769 120 8 11 0.09718871 
537 120 10 13 0.09471053 
1003 31 14 20 0.09198096 
897 77 10 12 0.08800318 
439 132 10 15 0.08552128 
387 135 9 12 0.08540259 
511 146 10 13 0.08410169 
324 158 11 14 0.08093633 
696 458 60 76 0.07208766 
256 168 17 21 0.071382664 
586 139 8 10 0.071312845 
615 123 10 11 0.06842697 
407 142 10 13 0.06412258 
524 110 11 14 0.06144756 
736 189 8 10 0.056841582 
755 147 12 14 0.05516882 
527 319 42 54 0.053577516 
630 328 36 42 0.052711055 
543 111 9 11 0.048240505 
852 132 9 11 0.04624338 
418 146 13 15 0.046152484 
815 70 8 9 0.04598597 
758 142 10 12 0.045856155 
736 97 8 10 0.045288477 
134 191 11 14 0.044590183 
423 118 8 9 0.04416387 
308 149 13 15 0.043457087 
0 203 9 15 0.04257328 
752 161 10 13 0.042057574 
784 153 12 15 0.041843347 
516 142 11 14 0.041762717 
34 182 13 17 0.040159587 
615 487 47 50 0.03902576 
703 396 60 55 0.037958384 
601 114 10 14 0.037531786 
389 125 10 12 0.036016602 
560 111 8 10 0.035700854 
1012 27 12 19 0.03530247 
462 109 8 10 0.034708187 
700 485 31 52 0.03336245 
553 125 9 12 0.032715388 
1014 21 10 16 0.031834535 
415 170 12 14 0.03060247 
575 198 10 12 0.02993653 
708 150 8 12 0.029710704 
800 148 11 11 0.029506672 
643 324 53 39 0.02928523 
458 126 13 17 0.028387956 
718 188 9 11 0.027880529 
720 105 8 9 0.027773907 
755 158 11 13 0.027669044 
596 124 10 13 0.026918719 
502 310 35 52 0.026430119 
849 149 9 11 0.026087202 
79 205 16 19 0.02605572 
374 127 8 10 0.02604282 
569 111 10 11 0.02601895 
93 227 13 16 0.025844485 
695 417 70 76 0.025060473 
919 60 9 10 0.024879258 
407 134 9 12 0.024810044 
708 165 9 14 0.023933556 
343 162 14 15 0.023658205 
752 143 11 13 0.023648359 
758 135 12 14 0.022867037 
996 115 16 24 0.022602154 
797 132 9 11 0.021950064 
290 158 13 15 0.021786982 
929 53 8 11 0.021077093 
825 462 39 42 0.021018727 
607 123 10 11 0.021017548 
749 127 9 11 0.020860676 
527 104 9 10 0.020759072 
121 192 12 14 0.020666154 
594 109 9 12 0.02047698 
632 109 9 11 0.020107994 
