2_Demonstration_Demonstration_Or_Protest_2_159
34
819 347 102 105 0.9994697 
584 343 54 72 0.99946946 
268 374 55 62 0.9992539 
427 181 44 58 0.99856406 
669 381 33 44 0.9966035 
173 159 46 57 0.9903599 
528 412 33 40 0.99032474 
564 391 27 34 0.9839738 
289 197 22 28 0.9784217 
216 417 17 24 0.9627225 
956 318 56 86 0.9256339 
463 377 20 30 0.8057961 
242 397 24 36 0.79974055 
320 391 28 44 0.7506718 
784 321 46 57 0.65649015 
122 395 23 47 0.58198255 
940 349 31 51 0.14956959 
177 393 17 24 0.14417666 
172 185 33 42 0.051161353 
38 383 28 44 0.048451204 
259 232 31 41 0.041989524 
330 410 17 27 0.036662966 
516 372 16 29 0.034221385 
168 395 21 31 0.033851694 
650 398 15 22 0.03321731 
202 401 14 20 0.030645631 
110 398 27 51 0.030293928 
576 377 34 44 0.026952773 
373 398 15 22 0.024726426 
215 396 11 14 0.0231497 
220 394 12 14 0.023078283 
456 393 24 36 0.022377154 
323 387 18 26 0.021802453 
795 333 61 73 0.020863485 
