2_Demonstration_Political_Rally_2_329
170
139 344 61 72 0.9997229 
745 393 92 125 0.99959916 
934 284 60 72 0.9993963 
308 311 67 81 0.9991002 
123 231 50 61 0.99905914 
924 211 32 40 0.9988463 
868 332 59 73 0.99851876 
464 241 37 42 0.998145 
268 197 40 47 0.9972459 
849 223 27 38 0.9971584 
195 191 39 49 0.997012 
614 209 27 37 0.9969414 
879 162 28 36 0.9969344 
770 176 25 31 0.9960193 
648 234 38 49 0.9958138 
801 206 40 50 0.9951964 
130 177 29 35 0.9946043 
693 325 45 51 0.9943467 
833 183 27 31 0.9932909 
326 175 33 39 0.9932841 
482 315 81 99 0.99290633 
666 190 25 28 0.9845984 
565 143 17 23 0.9813735 
302 184 24 32 0.9779203 
498 143 21 21 0.97750866 
0 189 34 50 0.96981347 
477 135 18 21 0.96915555 
59 202 23 44 0.9597237 
953 192 23 27 0.95753247 
781 117 11 14 0.95706654 
417 195 26 34 0.9548906 
844 129 14 17 0.9381889 
978 223 26 33 0.9369729 
24 147 17 18 0.9342013 
948 142 13 17 0.92624885 
70 133 10 12 0.9203671 
768 128 11 14 0.91336745 
903 144 12 14 0.9098233 
966 146 13 16 0.90220594 
998 139 11 14 0.8975802 
540 150 20 21 0.897161 
741 132 11 14 0.8886848 
60 169 18 24 0.8695199 
556 126 11 13 0.79153985 
579 228 32 33 0.76517797 
918 147 12 15 0.733664 
52 135 11 13 0.72399145 
69 151 14 18 0.699044 
815 123 11 15 0.69194895 
804 134 10 13 0.68214697 
863 138 12 14 0.66299194 
603 119 14 18 0.6386359 
513 117 9 12 0.6291738 
936 136 10 12 0.60982573 
608 115 16 19 0.57041466 
1000 172 13 17 0.5063143 
974 133 10 11 0.46828347 
782 140 13 15 0.45996022 
531 125 12 14 0.45329458 
6 118 9 13 0.4361618 
611 153 17 20 0.40542588 
988 127 10 12 0.40490985 
465 148 14 17 0.40217772 
15 135 9 10 0.33568203 
748 122 11 14 0.32614297 
111 155 10 13 0.32254294 
583 115 9 12 0.3180326 
868 140 11 15 0.29413116 
1004 240 20 39 0.23871362 
588 126 11 14 0.22834714 
543 127 10 11 0.2189279 
744 125 11 15 0.2110188 
906 124 10 13 0.20524408 
24 120 8 10 0.19955033 
1012 150 11 15 0.17655104 
41 111 10 12 0.16492775 
462 135 11 14 0.15956755 
112 132 9 11 0.15901038 
734 154 12 17 0.15607612 
31 113 7 10 0.13684389 
7 113 8 10 0.1336258 
532 118 10 13 0.116026334 
94 119 8 10 0.098957196 
741 157 11 16 0.08878283 
48 129 8 10 0.08338279 
560 118 9 11 0.08138212 
989 131 11 14 0.080973536 
995 235 23 36 0.080714874 
92 147 13 16 0.07621487 
915 190 22 25 0.072300285 
86 148 13 18 0.07206329 
933 162 16 18 0.07082307 
565 118 9 11 0.06680626 
893 79 12 15 0.06480169 
550 128 14 16 0.06374077 
40 116 9 11 0.061969467 
912 77 10 13 0.06164481 
907 146 12 15 0.06014823 
499 124 13 15 0.059941545 
982 132 11 13 0.059175495 
632 351 25 31 0.054306675 
549 110 9 11 0.05367727 
135 111 9 10 0.05345202 
27 112 7 9 0.052171122 
573 124 9 11 0.050709963 
991 222 18 25 0.048793226 
63 120 8 9 0.047317162 
55 129 8 10 0.047085825 
576 120 8 11 0.046663973 
680 194 18 21 0.04629853 
65 159 19 26 0.045583162 
800 150 12 15 0.042386025 
749 158 9 12 0.041965898 
875 141 10 13 0.04191992 
962 163 13 17 0.04135853 
64 153 14 19 0.040714607 
1009 105 9 10 0.04048095 
785 145 14 17 0.03978225 
587 117 11 14 0.038981963 
39 127 7 9 0.038813934 
1007 117 10 12 0.03827589 
518 148 12 15 0.038195558 
595 218 31 37 0.03770564 
521 245 24 28 0.037632216 
971 140 12 15 0.03597138 
1003 141 11 13 0.034780476 
486 118 10 13 0.034245227 
1008 125 10 14 0.033344734 
894 114 12 15 0.03327006 
425 188 20 24 0.03271596 
839 230 26 32 0.032577615 
654 193 13 16 0.032038275 
534 113 9 10 0.031115338 
661 189 18 22 0.030573782 
921 253 17 20 0.030535989 
561 113 8 10 0.030518724 
694 133 9 11 0.02963789 
16 127 9 10 0.029221112 
554 148 19 24 0.029045908 
499 131 15 17 0.028722398 
1013 116 9 13 0.028229788 
345 177 26 31 0.028070912 
692 195 12 17 0.027936513 
31 103 7 9 0.027796956 
517 121 12 15 0.027605334 
471 140 14 17 0.027282968 
361 179 16 20 0.027145775 
568 125 9 11 0.026912777 
522 164 13 16 0.026645122 
325 182 20 26 0.0261347 
902 119 12 14 0.026083652 
813 129 11 14 0.02556045 
32 125 8 10 0.025220577 
898 108 12 15 0.024848128 
1007 133 11 13 0.024666581 
940 179 14 17 0.02435515 
788 164 14 16 0.023806244 
64 126 8 10 0.023680719 
728 162 11 15 0.023659756 
739 149 11 16 0.022480492 
998 184 14 22 0.022331147 
402 183 16 21 0.02214545 
710 196 12 14 0.021726092 
547 142 16 18 0.021668851 
959 146 13 16 0.020989336 
45 115 8 11 0.02095785 
60 139 12 14 0.020766605 
779 153 15 16 0.020665519 
360 293 28 39 0.020643454 
95 124 9 11 0.020191181 
