2_Demonstration_Demonstration_Or_Protest_2_816
63
141 284 50 62 0.9996439 
220 257 47 64 0.9989594 
679 203 44 52 0.998626 
358 396 47 61 0.99775827 
350 268 45 63 0.9974759 
815 79 38 49 0.9973489 
14 171 40 50 0.99720156 
460 219 46 61 0.99665135 
93 66 40 46 0.9961211 
179 194 47 60 0.9956721 
720 0 40 53 0.9951692 
495 157 40 50 0.9949774 
305 -1 42 44 0.99487936 
574 122 42 51 0.9941724 
319 212 40 45 0.99389786 
862 171 41 54 0.9923924 
794 227 38 48 0.9892217 
302 149 41 49 0.9889169 
449 62 34 52 0.9841069 
778 281 50 65 0.98352665 
683 68 33 44 0.9791423 
628 169 35 54 0.97372776 
876 -2 37 42 0.9662837 
637 12 38 49 0.9613482 
435 198 34 54 0.96023136 
157 1 34 29 0.94341505 
189 160 35 45 0.8689088 
643 146 37 36 0.7853944 
487 3 30 26 0.76840615 
109 0 36 24 0.7681516 
971 149 40 42 0.75493973 
0 34 21 53 0.6931351 
1001 85 23 43 0.42872024 
391 -1 27 29 0.42185876 
316 490 70 83 0.33076057 
351 0 33 36 0.25939468 
224 541 56 61 0.25270322 
6 2 30 29 0.20188743 
976 89 32 47 0.18953481 
176 106 35 47 0.16727899 
-2 -1 24 25 0.1550526 
756 -4 31 31 0.14482583 
603 231 46 59 0.1439664 
862 343 53 59 0.1265522 
171 175 43 56 0.11986467 
51 -1 36 30 0.08140116 
283 185 17 20 0.07136619 
151 177 33 47 0.058652565 
3 26 28 43 0.049665958 
411 0 28 26 0.0446018 
709 12 12 18 0.041690893 
838 -2 48 43 0.03723092 
181 548 55 64 0.034295622 
609 199 50 65 0.03427049 
369 0 29 33 0.031507704 
164 105 32 43 0.030693542 
889 2 22 26 0.030244026 
425 1 25 24 0.029605692 
159 188 36 46 0.025617948 
278 167 23 33 0.024729809 
741 -3 33 39 0.021785606 
12 11 27 37 0.021600379 
216 578 83 89 0.020152302 
