2_Demonstration_Demonstrators_2_290
35
730 503 52 69 0.9991906 
504 563 98 108 0.9990056 
859 466 53 64 0.9986639 
695 165 69 92 0.9982293 
173 366 83 88 0.99777967 
412 149 78 102 0.9947286 
459 502 24 34 0.99377465 
379 506 18 22 0.98645055 
18 494 23 29 0.9863036 
637 475 44 49 0.980978 
936 449 20 22 0.9003597 
413 505 13 17 0.8814937 
481 493 18 21 0.84528434 
54 527 19 27 0.66554785 
360 506 12 15 0.52447474 
516 503 9 12 0.15199402 
21 443 10 11 0.10232788 
293 415 11 14 0.09332694 
423 490 10 12 0.0782881 
319 502 29 37 0.07343446 
54 496 15 23 0.05676459 
566 508 15 17 0.05442363 
250 471 25 29 0.054356452 
567 505 24 27 0.04956532 
999 472 22 55 0.044224426 
703 488 11 13 0.03751882 
408 501 13 19 0.03546516 
542 507 13 16 0.03239627 
33 636 10 14 0.028774409 
351 507 11 14 0.025820775 
362 494 9 13 0.024400206 
912 514 23 32 0.023202786 
35 629 11 14 0.022760926 
469 493 22 29 0.020794889 
399 491 11 16 0.02070913 
