2_Demonstration_Protesters_2_54
57
21 212 22 27 0.99256814 
148 206 26 30 0.9923908 
333 65 16 19 0.9861909 
417 98 19 25 0.98206466 
521 67 15 21 0.9808623 
16 160 22 26 0.9782774 
315 143 19 21 0.9727834 
412 266 22 29 0.9678762 
524 136 21 23 0.96654874 
393 75 14 19 0.9648303 
598 138 21 25 0.9580892 
172 160 19 26 0.9461906 
439 134 20 24 0.9341763 
812 105 17 22 0.9311329 
679 127 18 21 0.9155711 
295 85 14 18 0.9149692 
227 163 20 23 0.912163 
363 77 14 17 0.87740046 
548 60 14 17 0.83272576 
660 109 18 23 0.67526907 
88 58 9 10 0.5672162 
72 97 13 16 0.50886965 
872 139 17 19 0.46244156 
685 163 18 23 0.44399434 
174 49 7 9 0.311738 
0 77 9 13 0.26750743 
949 55 10 13 0.23803383 
49 72 8 11 0.23529892 
589 105 15 16 0.21233037 
667 115 20 25 0.21081176 
855 100 15 18 0.2032573 
96 79 11 13 0.15994534 
278 53 10 12 0.14473012 
647 137 20 27 0.13072225 
873 122 19 21 0.11763305 
147 54 8 10 0.11218692 
604 114 19 20 0.09898895 
157 68 9 10 0.090856194 
144 63 8 10 0.078850746 
350 229 23 23 0.07798112 
171 52 8 10 0.065489784 
102 83 10 14 0.06539545 
597 110 20 22 0.035513643 
15 96 9 10 0.035122044 
144 68 7 9 0.035100676 
543 63 15 19 0.03433709 
142 168 19 21 0.028240671 
53 75 8 12 0.028066197 
14 76 11 13 0.02610971 
277 75 13 17 0.025435243 
47 55 7 9 0.024549423 
29 77 10 11 0.024299907 
330 109 15 17 0.023569768 
132 120 13 17 0.023021627 
150 63 10 11 0.020977376 
64 98 14 16 0.020516286 
372 151 11 16 0.020436002 
