2_Demonstration_Demonstration_Or_Protest_2_795
66
450 442 136 147 0.99966955 
407 143 11 14 0.6536156 
134 141 9 11 0.65094787 
621 149 11 13 0.49008203 
464 131 11 14 0.42836228 
445 141 10 11 0.27088875 
152 140 11 14 0.21842489 
676 148 10 12 0.17399305 
574 134 10 12 0.15283859 
73 142 8 10 0.15054479 
90 144 9 10 0.147526 
751 144 10 11 0.12170718 
656 127 8 10 0.104575336 
189 141 9 11 0.09819067 
105 144 8 10 0.09036207 
589 140 9 12 0.09015067 
720 142 8 11 0.08421162 
617 141 11 14 0.08330325 
223 134 9 11 0.07799911 
263 135 8 11 0.071841665 
165 151 10 13 0.070394844 
553 136 9 11 0.06515093 
332 140 10 12 0.060986534 
661 142 9 11 0.053172886 
532 136 9 11 0.051688056 
694 140 9 11 0.051592033 
333 134 9 11 0.050149836 
93 148 9 10 0.044129845 
638 124 8 10 0.04371718 
543 127 9 10 0.0436287 
368 142 8 11 0.04346005 
601 141 8 11 0.041580554 
190 149 9 12 0.040261023 
159 150 11 14 0.03994876 
757 140 10 13 0.039484527 
486 149 11 13 0.037730627 
87 167 11 14 0.03709841 
345 135 9 11 0.036491513 
581 135 10 11 0.035730496 
190 136 10 12 0.03449997 
759 135 9 11 0.034444284 
575 129 8 11 0.0327836 
727 140 9 11 0.030344844 
237 137 8 10 0.029419972 
692 152 10 11 0.028947564 
234 141 9 10 0.028316021 
629 137 9 12 0.028302787 
445 145 11 13 0.027605625 
674 144 10 13 0.027559493 
647 139 9 12 0.026049176 
728 136 8 10 0.026013318 
334 129 9 10 0.025810797 
114 157 10 12 0.025185198 
305 127 8 10 0.024318 
746 142 8 11 0.023967529 
518 135 10 11 0.023938613 
141 156 11 13 0.023634123 
570 135 9 11 0.023055684 
623 137 11 13 0.022881906 
568 140 9 12 0.022436263 
143 141 10 11 0.022360867 
690 141 9 11 0.022211848 
344 140 9 11 0.021872576 
383 141 10 11 0.02185213 
606 141 9 11 0.021257725 
711 133 9 11 0.02059974 
