2_Demonstration_Demonstration_Or_Protest_2_799
107
197 223 12 15 0.9777039 
468 269 14 16 0.97260195 
164 225 14 18 0.97003335 
872 234 11 14 0.9574635 
165 278 15 16 0.9243025 
363 303 16 20 0.92413175 
620 236 10 14 0.9232751 
120 269 14 16 0.9118733 
432 228 11 15 0.8567458 
277 302 15 18 0.8366346 
556 197 8 11 0.7356091 
461 240 10 13 0.70707226 
876 308 13 16 0.7021362 
57 260 10 15 0.66515136 
266 283 10 15 0.60706395 
690 334 10 12 0.55382 
912 237 7 10 0.5139262 
212 311 13 15 0.42114216 
594 204 9 10 0.36894864 
667 324 10 11 0.36104935 
801 236 10 12 0.35815787 
155 259 12 15 0.35205096 
449 221 9 12 0.34544045 
473 236 10 12 0.31333584 
61 253 11 15 0.2845574 
397 122 11 14 0.26931036 
721 328 9 11 0.24637622 
808 309 10 12 0.22427842 
701 126 12 15 0.22364298 
29 211 9 13 0.22292829 
368 199 8 10 0.2209359 
478 221 9 11 0.18097197 
230 244 11 13 0.16899772 
858 244 10 12 0.15718791 
790 232 9 10 0.14604683 
60 264 12 15 0.14208789 
855 271 9 12 0.122720815 
949 224 9 12 0.11181852 
795 301 10 13 0.11136598 
808 292 11 13 0.09050233 
134 203 10 12 0.08863856 
495 228 8 10 0.08117167 
326 263 11 13 0.080731675 
406 232 10 12 0.079863615 
783 262 9 11 0.07760542 
640 225 8 9 0.0761623 
614 191 8 9 0.07003074 
807 285 11 15 0.06916204 
418 268 11 13 0.06766263 
776 259 10 12 0.06250097 
611 281 8 10 0.06066266 
846 306 13 16 0.059397016 
645 287 9 12 0.056494586 
489 229 9 11 0.056088097 
312 286 10 12 0.047914527 
864 291 10 12 0.047678895 
477 231 10 13 0.04685509 
57 300 9 11 0.046651017 
690 285 9 10 0.045108974 
650 231 8 10 0.044133343 
845 235 9 13 0.043325964 
353 292 11 15 0.042560726 
710 302 7 9 0.041736465 
482 196 9 12 0.041394234 
450 186 10 13 0.038434017 
447 215 9 11 0.038404867 
883 350 11 12 0.037722137 
486 237 10 12 0.037425295 
788 264 9 10 0.03674242 
831 256 8 10 0.036555417 
959 247 8 10 0.033770677 
688 355 9 14 0.033022493 
903 349 9 11 0.032921776 
782 296 8 10 0.031993542 
645 310 8 10 0.031574734 
557 239 10 13 0.03151035 
690 300 7 10 0.030731315 
558 221 9 12 0.03029919 
688 339 10 12 0.029035872 
749 288 12 15 0.028776448 
382 297 13 17 0.027986005 
412 314 14 17 0.027738139 
348 270 11 14 0.027701423 
486 245 11 15 0.0271319 
293 262 9 11 0.025939327 
798 295 11 14 0.025646871 
920 264 11 12 0.025581328 
32 329 7 10 0.02507759 
151 263 13 16 0.02480619 
640 213 8 10 0.024420135 
151 300 11 14 0.024099197 
487 224 9 11 0.023521872 
485 192 9 10 0.023376472 
988 255 10 13 0.023345636 
502 230 7 10 0.022617914 
160 221 13 17 0.0221801 
648 357 9 10 0.021961417 
113 215 10 13 0.021859443 
566 208 8 10 0.021671724 
759 221 8 11 0.021369526 
368 299 15 18 0.021315781 
249 228 8 11 0.021171812 
855 288 9 12 0.021073665 
885 341 12 13 0.020867266 
63 59 33 46 0.020555299 
726 301 8 10 0.02045676 
613 283 9 11 0.020170873 
