2_Demonstration_Demonstration_Or_Protest_2_58
127
27 509 108 113 0.9997553 
785 445 65 77 0.9996276 
768 269 43 58 0.999613 
450 315 54 72 0.99961025 
44 240 58 67 0.9996063 
654 314 50 78 0.99947923 
285 383 60 87 0.9994399 
303 301 51 67 0.999203 
965 283 48 55 0.99912316 
248 243 46 57 0.9989819 
518 231 44 60 0.9989656 
148 158 31 36 0.99892265 
588 174 35 41 0.99863905 
163 303 53 75 0.998528 
161 233 45 51 0.9978599 
314 125 26 32 0.9976285 
335 180 33 41 0.99760216 
88 149 37 40 0.9975988 
837 172 35 41 0.99717605 
942 194 35 46 0.9967064 
983 148 27 29 0.9953679 
314 222 43 50 0.99489474 
0 169 28 47 0.9938153 
700 245 40 52 0.9935574 
580 561 53 89 0.9934453 
866 241 41 51 0.9934016 
154 110 28 35 0.9922322 
774 193 33 36 0.99177074 
184 88 21 27 0.99131995 
863 116 24 30 0.99049044 
624 266 40 57 0.9894622 
384 291 45 57 0.9892412 
690 48 16 20 0.9870723 
161 51 16 18 0.980459 
826 142 22 32 0.98019457 
211 68 18 26 0.9739242 
106 53 17 20 0.97214365 
516 173 26 33 0.9675098 
77 82 17 24 0.9654609 
46 42 18 21 0.96522516 
252 74 16 20 0.95136523 
743 12 11 14 0.9494416 
13 82 16 20 0.9401043 
127 50 15 19 0.9396441 
111 83 20 25 0.9366777 
351 62 13 17 0.9228288 
769 33 14 17 0.92271286 
719 14 9 12 0.91469914 
173 439 51 56 0.8952734 
694 77 18 22 0.89432085 
510 79 14 20 0.87770385 
632 103 19 29 0.86918783 
325 1 12 13 0.83749545 
543 95 15 21 0.8300421 
0 52 12 19 0.81764394 
471 171 25 34 0.80329823 
455 56 14 20 0.6984913 
368 156 20 32 0.66308266 
241 4 9 11 0.59571326 
908 323 34 54 0.58131784 
353 37 9 13 0.56322473 
779 144 19 29 0.5266687 
389 132 20 25 0.50786614 
988 219 23 36 0.47180218 
692 3 11 12 0.3491669 
357 3 13 15 0.34124622 
296 2 10 10 0.33686575 
426 231 24 42 0.3008583 
1000 221 24 36 0.2820078 
284 3 10 12 0.2085014 
470 124 22 28 0.20222488 
817 4 12 12 0.18997495 
582 254 39 44 0.17382516 
257 77 17 23 0.15722057 
140 438 71 77 0.14761654 
113 51 18 23 0.13952567 
691 169 28 31 0.12985066 
924 114 10 12 0.12479878 
878 160 22 29 0.11898824 
690 128 15 23 0.11424892 
784 1 10 10 0.11004136 
704 1 10 11 0.10553168 
294 61 12 16 0.094001524 
853 92 9 13 0.09388614 
69 120 22 33 0.0806389 
269 131 27 31 0.07872344 
944 119 21 31 0.0771658 
261 83 20 26 0.07711271 
764 197 26 28 0.07403882 
258 128 26 31 0.07112049 
744 52 11 16 0.06908059 
941 113 14 20 0.069001146 
323 64 13 18 0.066720665 
353 0 12 11 0.06504941 
148 82 17 20 0.06350451 
934 113 12 16 0.061873823 
495 121 24 26 0.06171616 
25 36 9 14 0.056579158 
456 49 23 30 0.053116046 
207 1 10 11 0.052481774 
12 62 11 14 0.050990015 
431 178 28 36 0.048756547 
3 57 14 19 0.04862182 
644 80 13 18 0.04477716 
268 87 20 27 0.044649877 
709 0 10 11 0.040907465 
332 61 13 18 0.040061694 
775 240 36 40 0.039999623 
972 85 12 18 0.039349746 
355 40 14 19 0.036695853 
459 2 12 12 0.034902733 
378 139 20 29 0.032835867 
548 73 14 18 0.032069065 
269 5 10 12 0.028238686 
299 58 12 18 0.027704993 
670 3 9 11 0.027271697 
495 171 28 34 0.026418645 
577 133 14 18 0.026405027 
851 86 10 14 0.02591393 
704 169 19 22 0.025857307 
255 38 12 17 0.0255727 
248 71 15 17 0.025201943 
4 85 18 22 0.024765154 
969 78 10 16 0.023723982 
400 136 15 22 0.023278179 
469 118 16 22 0.022936162 
7 65 14 17 0.022260785 
