2_Demonstration_Protesters_2_476
57
409 377 44 56 0.99814904 
187 411 29 39 0.9945786 
275 383 40 55 0.9930824 
685 383 23 30 0.98898566 
769 359 23 29 0.9888849 
921 375 22 27 0.98118126 
101 317 35 38 0.9807372 
15 339 28 44 0.98012495 
198 359 27 35 0.9790596 
110 385 46 54 0.9786598 
329 376 28 32 0.75441253 
879 378 20 25 0.6665392 
444 379 29 43 0.54645205 
257 371 25 33 0.3333654 
167 335 8 9 0.3055562 
255 356 25 33 0.15601493 
175 365 20 27 0.1334818 
178 343 8 10 0.12922567 
616 394 19 29 0.12424113 
205 337 9 10 0.11597597 
325 390 31 40 0.087812185 
788 473 19 23 0.08703091 
141 335 12 13 0.08497409 
677 370 17 21 0.08077161 
194 335 7 8 0.08026251 
155 397 25 35 0.079238184 
954 439 41 62 0.073984936 
859 396 16 19 0.06951182 
64 325 11 15 0.066309154 
190 342 10 13 0.0658562 
222 343 11 13 0.06287675 
135 396 33 43 0.06162003 
625 398 15 23 0.061042227 
201 335 8 10 0.060001165 
65 320 8 11 0.058863625 
888 386 17 20 0.057878245 
188 347 13 16 0.053178925 
308 390 24 38 0.052813422 
232 363 21 26 0.052139036 
166 340 9 11 0.043654192 
393 423 15 20 0.042200062 
199 340 10 12 0.040740762 
877 367 15 18 0.039138585 
586 403 21 30 0.034587942 
68 331 10 12 0.034359317 
333 406 24 32 0.033246588 
239 341 9 11 0.032538895 
869 383 20 27 0.029500054 
343 383 18 22 0.02903917 
147 334 11 13 0.026037166 
953 367 20 27 0.025983168 
184 346 11 14 0.025266852 
188 366 16 23 0.02315107 
147 340 13 15 0.022958966 
190 353 13 18 0.022190664 
786 460 18 21 0.02133254 
657 380 16 21 0.020701403 
