2_Demonstration_Demonstrators_2_499
28
259 356 24 29 0.9952455 
758 341 27 30 0.99522036 
976 319 39 56 0.9940561 
813 347 21 29 0.98927605 
601 363 22 26 0.9848481 
634 363 20 25 0.9766716 
454 362 21 26 0.97573084 
360 363 21 26 0.9718831 
426 360 17 24 0.9617683 
485 383 15 18 0.9597137 
515 388 18 22 0.9487256 
696 379 16 22 0.9403745 
551 357 18 24 0.8931936 
831 324 22 31 0.8636754 
961 343 20 29 0.84973484 
908 353 24 40 0.5538035 
654 371 14 19 0.47559166 
714 380 13 18 0.38276884 
524 367 14 16 0.13190721 
863 304 15 19 0.085206546 
706 378 17 23 0.07959223 
842 327 24 31 0.07819959 
969 331 30 41 0.07248576 
418 372 16 21 0.04348801 
519 371 15 18 0.03973459 
907 369 16 26 0.028522572 
623 329 8 10 0.024182273 
588 370 14 19 0.02144014 
