2_Demonstration_Demonstration_Or_Protest_2_385
447
286 536 29 42 0.9982153 
753 471 27 35 0.9973137 
680 557 36 44 0.9955596 
616 495 25 28 0.9949234 
359 454 26 32 0.9943711 
19 546 28 42 0.9934614 
687 463 21 29 0.993216 
212 469 26 29 0.99302155 
582 454 22 29 0.9924429 
98 518 25 29 0.9914096 
507 540 29 35 0.99095905 
395 532 31 35 0.9905876 
189 519 33 39 0.9889536 
130 500 22 30 0.9860378 
778 459 23 27 0.98520964 
323 427 19 23 0.97987866 
736 421 20 24 0.97667956 
569 416 16 19 0.9702047 
85 453 21 25 0.9628026 
634 415 15 23 0.961634 
873 391 16 18 0.9609255 
164 403 14 20 0.95732594 
93 393 18 19 0.9513772 
971 427 20 23 0.9487091 
887 475 23 32 0.94301397 
456 411 13 20 0.94286364 
818 391 14 18 0.94034785 
335 469 20 29 0.9304365 
698 379 13 16 0.92600775 
939 460 17 25 0.9072616 
593 387 13 17 0.9002326 
806 431 17 20 0.87852514 
917 416 15 20 0.8773427 
142 434 13 19 0.86343795 
785 387 12 15 0.8570745 
986 367 9 12 0.8501667 
73 346 12 15 0.8496166 
739 366 10 13 0.815672 
864 419 18 22 0.81468874 
295 367 7 10 0.80656487 
353 403 13 16 0.79944193 
208 356 8 10 0.798284 
620 408 13 16 0.79258347 
546 387 11 14 0.7899087 
670 380 11 15 0.78588104 
475 375 9 12 0.78211004 
724 477 22 27 0.7532905 
864 459 19 28 0.74943346 
538 414 14 17 0.7476017 
805 369 10 11 0.6831679 
295 403 10 13 0.6720591 
175 381 13 17 0.6720064 
687 407 14 18 0.6689469 
827 593 33 45 0.6665659 
591 367 10 12 0.6337372 
556 442 14 24 0.5746196 
0 423 10 20 0.5456325 
766 399 12 15 0.5322184 
401 357 9 11 0.44872078 
983 342 7 9 0.42933664 
23 474 14 22 0.42085212 
382 361 8 11 0.41214737 
25 360 9 11 0.4086499 
714 378 13 16 0.40002346 
733 353 9 10 0.37535456 
976 354 8 10 0.36314207 
465 357 8 9 0.33485952 
372 350 8 10 0.32339618 
222 360 9 10 0.3225861 
878 353 7 9 0.31902638 
429 372 9 11 0.3163558 
220 386 10 13 0.30289978 
158 368 8 10 0.29567808 
530 352 7 9 0.2918421 
528 335 7 9 0.2902802 
206 395 12 15 0.2790234 
301 403 12 14 0.27269498 
515 362 7 9 0.27112898 
254 348 8 11 0.2653574 
519 381 8 11 0.26237062 
959 336 7 9 0.24964704 
817 341 7 9 0.24677843 
21 400 14 17 0.23751022 
150 356 9 10 0.2321594 
958 356 7 9 0.21766137 
447 342 7 9 0.21573322 
954 344 7 9 0.2107082 
184 356 7 10 0.20005503 
709 350 8 10 0.19043155 
309 403 12 14 0.18604906 
265 373 9 11 0.17982018 
216 388 10 14 0.17768174 
455 373 8 10 0.17565966 
425 373 9 11 0.1737094 
442 366 8 9 0.17083599 
633 357 8 11 0.16237056 
396 486 19 23 0.15948777 
675 379 12 15 0.15522145 
24 380 11 12 0.15322725 
848 360 7 9 0.14867157 
889 343 8 10 0.14524816 
1014 371 9 15 0.1416863 
606 416 10 13 0.1322325 
399 353 8 9 0.13076918 
809 345 7 9 0.13048711 
656 367 9 10 0.12828273 
228 359 9 11 0.124963306 
277 360 8 9 0.12451366 
341 372 9 10 0.11861407 
786 349 7 8 0.117249236 
554 345 6 8 0.11461045 
504 367 8 10 0.11390073 
347 540 14 21 0.11218282 
592 341 8 10 0.1113907 
264 390 9 13 0.11095448 
405 383 9 11 0.11094808 
663 354 6 9 0.11089069 
325 348 7 9 0.10858251 
997 327 7 9 0.10846263 
476 394 12 14 0.108246475 
740 397 10 15 0.10554036 
884 489 20 27 0.102325216 
1 347 8 10 0.09895972 
633 351 9 11 0.09856679 
530 330 7 9 0.097544275 
422 361 7 9 0.09599102 
438 352 6 8 0.09558388 
161 325 7 9 0.09534068 
998 344 7 8 0.094682485 
838 333 6 9 0.09437754 
455 396 11 12 0.09238801 
394 351 7 9 0.090755 
718 333 7 9 0.090354055 
463 391 8 11 0.08992911 
1014 314 7 10 0.08804561 
895 343 8 10 0.08778139 
422 366 9 10 0.087291874 
339 396 14 17 0.08691514 
413 404 11 14 0.08493276 
418 364 9 10 0.084489435 
503 342 6 9 0.08416253 
359 358 7 8 0.08413404 
415 344 7 9 0.084091246 
610 392 12 14 0.08189298 
621 343 8 9 0.08130761 
736 335 7 9 0.08048389 
127 372 8 10 0.078754276 
645 365 8 9 0.07814337 
991 352 8 9 0.07756132 
441 360 7 9 0.07747293 
391 368 7 10 0.07707028 
865 359 8 10 0.07386898 
527 383 9 11 0.07386539 
354 353 7 9 0.0737431 
114 333 7 9 0.073676676 
190 351 7 10 0.07301225 
288 349 7 9 0.07254669 
399 389 10 12 0.07233889 
50 337 7 8 0.07217248 
270 368 8 10 0.071020946 
870 342 7 9 0.06976196 
378 364 7 10 0.06957421 
80 388 10 13 0.06930368 
392 392 9 11 0.06877489 
703 313 6 8 0.0684707 
902 346 6 9 0.06837095 
500 387 9 11 0.06826157 
256 345 7 9 0.06755922 
708 357 9 11 0.067465276 
306 367 7 9 0.06638694 
333 395 15 17 0.06594822 
923 358 8 10 0.065602966 
1016 335 6 8 0.065516755 
416 380 8 11 0.06515167 
919 336 7 9 0.06514686 
111 351 8 9 0.06508359 
272 337 6 8 0.06496385 
325 367 8 11 0.06479353 
874 353 8 10 0.06422299 
377 359 8 11 0.06339824 
760 342 7 8 0.06337763 
648 381 11 15 0.063268945 
318 399 10 13 0.062297378 
30 377 9 12 0.062279887 
392 343 7 8 0.06197604 
77 452 20 26 0.061886918 
733 401 14 15 0.061608948 
110 367 9 11 0.06153663 
265 382 9 12 0.061158173 
368 382 9 13 0.060402784 
684 380 10 13 0.059467174 
887 348 7 10 0.058682185 
120 352 8 9 0.05864601 
248 361 8 10 0.05856094 
358 352 6 9 0.058477443 
1009 329 7 9 0.05750743 
38 376 8 11 0.057497125 
159 320 8 10 0.057307236 
925 353 7 10 0.057243567 
441 343 7 9 0.057023305 
849 345 6 8 0.056189988 
126 404 13 15 0.05538095 
412 398 11 13 0.054373395 
1010 314 7 9 0.05392895 
295 350 6 8 0.053623397 
75 403 12 18 0.05320331 
391 336 7 8 0.053187307 
903 382 10 13 0.052785166 
821 340 7 9 0.052722543 
679 351 7 9 0.05271859 
494 350 7 9 0.052710637 
790 346 7 8 0.052204706 
965 320 7 8 0.052067634 
911 321 7 8 0.05116864 
760 337 7 8 0.050887477 
283 345 6 8 0.050865673 
214 359 8 10 0.050660577 
928 329 7 8 0.05013673 
872 357 7 10 0.04972599 
147 351 7 10 0.04910947 
450 373 8 11 0.049101282 
957 340 8 10 0.04902413 
920 341 7 9 0.048993394 
638 359 8 11 0.04828272 
456 357 7 8 0.048277535 
16 397 14 16 0.048050735 
281 349 7 9 0.047668 
447 360 7 9 0.047410037 
583 353 8 9 0.047374155 
731 327 6 9 0.04681746 
954 350 7 10 0.046488173 
642 365 7 10 0.04634734 
874 467 25 32 0.04587255 
276 401 9 11 0.045760237 
979 342 7 9 0.045664303 
168 358 8 10 0.045411497 
282 375 8 10 0.044641174 
176 357 8 9 0.04457946 
544 335 6 7 0.044426616 
1011 333 6 8 0.04398646 
424 344 7 8 0.043859724 
586 367 9 12 0.043450523 
29 363 8 10 0.043320883 
1008 458 14 16 0.04312239 
576 365 8 11 0.043066014 
310 367 6 9 0.04293422 
410 342 6 9 0.042782284 
560 376 9 12 0.04275013 
994 343 7 9 0.04249376 
278 365 8 10 0.04142511 
69 452 15 21 0.041245796 
657 336 6 8 0.0408144 
678 358 9 10 0.040374786 
943 336 7 8 0.039868496 
328 361 7 10 0.03978664 
143 320 7 8 0.039669365 
1016 343 6 9 0.03948037 
954 327 6 8 0.039449636 
469 359 7 9 0.03930834 
120 355 9 12 0.03930623 
268 388 10 14 0.038875423 
170 337 7 8 0.03827153 
659 359 8 10 0.038141876 
243 327 6 9 0.038099293 
118 671 28 32 0.03758054 
765 326 7 9 0.03739885 
326 395 13 15 0.03723437 
496 368 7 9 0.036817282 
188 468 17 22 0.036802344 
246 327 7 8 0.036749743 
286 375 8 10 0.03664638 
234 344 7 8 0.036193267 
144 337 7 9 0.03617451 
369 368 7 9 0.03582971 
303 345 7 8 0.03532043 
391 358 8 10 0.035264056 
367 374 8 10 0.03479194 
26 475 21 26 0.034788936 
287 345 6 9 0.03441062 
709 346 7 9 0.034402717 
428 337 6 8 0.034336437 
849 349 6 9 0.03429607 
649 334 6 8 0.034288395 
982 351 9 11 0.033865325 
983 320 6 8 0.033789434 
112 370 11 13 0.03348438 
409 395 10 14 0.0334839 
105 344 8 9 0.03344502 
712 385 12 17 0.033354517 
553 348 7 10 0.033352345 
119 371 8 11 0.03329691 
649 350 7 9 0.033108454 
386 351 7 9 0.033040144 
768 353 7 8 0.032983646 
-1 504 19 25 0.032978553 
504 336 6 8 0.032940477 
388 413 15 16 0.03291555 
159 360 8 10 0.03256477 
404 388 11 14 0.03246103 
614 322 6 7 0.032157335 
621 415 13 18 0.032129534 
296 345 6 9 0.031520996 
702 334 7 8 0.031357564 
105 357 9 12 0.03124634 
927 334 8 9 0.031157807 
1009 349 7 9 0.031046197 
697 334 7 8 0.030970061 
526 340 8 9 0.03088597 
449 397 9 13 0.030698687 
385 343 7 9 0.0303898 
460 395 11 14 0.03033673 
291 367 8 10 0.030307485 
254 360 9 11 0.030269936 
664 374 10 13 0.03024324 
703 330 6 8 0.030161718 
416 349 7 8 0.0300834 
65 350 11 13 0.029986963 
512 333 7 9 0.029919129 
569 320 6 7 0.029720344 
209 375 9 11 0.029720211 
657 327 6 8 0.029615091 
41 345 7 8 0.029565115 
625 365 8 10 0.029445922 
158 350 8 9 0.029392017 
41 350 7 9 0.02925989 
835 329 6 8 0.02913497 
480 343 6 8 0.028993204 
657 351 7 9 0.028811174 
360 335 7 8 0.028750172 
104 351 8 10 0.028739588 
263 352 8 11 0.028709287 
337 372 9 11 0.028705588 
259 336 6 8 0.028665345 
218 460 24 26 0.028484263 
671 337 7 8 0.028223475 
622 336 7 8 0.028000303 
983 339 7 8 0.027809853 
896 337 7 8 0.02764177 
263 340 6 9 0.027540192 
177 327 7 8 0.027506817 
984 327 6 8 0.027366754 
489 334 6 8 0.027325163 
770 366 9 11 0.027284272 
429 327 7 9 0.027200006 
898 348 7 9 0.027135603 
954 335 8 9 0.027112126 
608 334 6 8 0.026966313 
576 341 7 9 0.026940351 
462 367 9 10 0.026875108 
169 352 7 9 0.02684892 
631 344 8 8 0.02683123 
698 329 6 8 0.02681694 
682 328 6 8 0.02679267 
21 388 13 16 0.026652334 
870 366 7 9 0.026545342 
494 374 8 10 0.026413755 
1015 328 7 10 0.026309885 
448 338 7 9 0.025793957 
504 352 7 9 0.02567401 
450 351 7 9 0.025642289 
998 336 7 8 0.025571125 
486 390 10 12 0.025526209 
800 337 7 8 0.025422215 
662 411 13 18 0.025350379 
722 351 7 9 0.025165256 
742 391 10 14 0.025128294 
264 337 6 8 0.024966149 
154 371 8 11 0.024791604 
807 336 7 8 0.024786448 
108 358 11 12 0.024578473 
523 336 7 9 0.024575043 
914 336 7 9 0.024428846 
144 325 7 9 0.024396926 
856 349 6 8 0.024336219 
288 335 6 7 0.02429483 
726 398 15 15 0.024292706 
960 327 7 8 0.024117086 
656 320 7 8 0.02402281 
683 335 6 7 0.023971025 
384 327 7 8 0.023857515 
517 326 7 9 0.023812694 
192 344 7 8 0.023726571 
242 360 7 10 0.023684125 
184 328 6 8 0.023673275 
921 363 9 11 0.02358708 
609 343 7 9 0.023456236 
455 352 7 8 0.023452405 
272 341 7 8 0.023202857 
291 405 9 12 0.023124868 
998 320 7 9 0.02311101 
729 355 10 12 0.023056032 
507 475 25 30 0.02282607 
144 342 7 9 0.02281674 
981 357 10 11 0.022757966 
497 271 7 8 0.022730887 
633 335 7 9 0.022653917 
855 420 18 18 0.022570943 
672 327 6 8 0.02250208 
474 335 6 8 0.022421204 
898 327 7 8 0.022246087 
512 376 9 11 0.02223619 
824 327 6 7 0.022201002 
106 335 6 8 0.02218672 
503 358 8 9 0.02216509 
231 350 8 9 0.022145597 
396 393 11 15 0.021975499 
184 335 6 8 0.021959938 
241 365 7 10 0.02195417 
800 341 7 10 0.021934101 
422 349 7 8 0.021699453 
408 353 7 9 0.021686116 
863 334 6 8 0.021576472 
647 376 10 12 0.021513313 
137 336 7 9 0.021500198 
498 344 6 9 0.021410394 
560 359 7 9 0.021309584 
1010 367 9 11 0.021288613 
296 362 8 9 0.021276137 
720 359 9 10 0.021234494 
77 396 13 17 0.021142937 
513 328 7 8 0.021114761 
881 343 7 9 0.021109669 
905 367 10 11 0.020903971 
359 344 6 8 0.020902034 
177 353 7 9 0.020865144 
361 375 8 11 0.020819794 
886 317 7 9 0.02080721 
864 319 7 8 0.020761069 
535 333 7 9 0.020746741 
399 327 7 9 0.02072746 
737 343 7 8 0.020706711 
841 595 35 43 0.020682426 
935 358 9 10 0.020631367 
902 334 7 8 0.020529015 
496 384 8 11 0.020526689 
577 359 7 10 0.020493062 
214 400 12 18 0.020492362 
762 351 7 9 0.020320335 
652 387 12 15 0.020317247 
671 321 6 8 0.02029294 
534 357 8 9 0.020285012 
368 327 7 8 0.020253876 
222 451 17 18 0.020222737 
802 289 7 9 0.020211142 
175 368 9 11 0.020209536 
303 321 7 8 0.020121126 
202 358 7 10 0.020080099 
