2_Demonstration_Demonstrators_2_196
311
86 716 12 13 0.959223 
182 723 11 14 0.9300235 
414 614 7 8 0.88451535 
210 694 10 13 0.84521115 
636 670 9 13 0.83499235 
721 503 8 10 0.77240044 
279 581 8 11 0.77239794 
374 713 9 12 0.7157972 
36 734 11 14 0.7032285 
151 719 11 14 0.6967852 
477 644 10 11 0.6790453 
630 612 9 11 0.6639994 
833 679 8 10 0.62597644 
349 726 9 12 0.61459 
738 621 10 12 0.5870405 
528 449 8 11 0.5652669 
362 647 9 11 0.5410893 
750 636 8 10 0.48095497 
641 630 8 10 0.46167466 
686 711 10 11 0.46144587 
192 465 7 9 0.45745876 
130 733 10 13 0.4218641 
752 525 8 10 0.39554772 
632 567 8 10 0.39296904 
104 714 10 13 0.39233184 
879 537 8 10 0.35105374 
445 612 7 10 0.34707138 
24 662 8 11 0.34078985 
437 533 7 8 0.3314837 
342 508 8 10 0.30251324 
711 634 10 13 0.27651542 
832 510 8 10 0.27202806 
218 473 7 9 0.26587328 
63 481 9 10 0.25967985 
584 390 7 9 0.23086219 
676 445 8 10 0.23024805 
928 630 9 11 0.22544603 
597 633 8 11 0.21535052 
250 716 9 12 0.21143483 
926 568 8 10 0.2091472 
245 648 9 11 0.20772013 
463 606 8 9 0.20587768 
57 665 8 10 0.20329219 
584 553 9 11 0.1948233 
72 444 8 12 0.19139032 
760 734 12 13 0.19066726 
644 488 8 11 0.17972647 
149 637 8 9 0.17962997 
64 360 7 9 0.17515457 
89 376 7 10 0.1717323 
598 323 11 14 0.16931278 
166 461 7 8 0.16255327 
135 646 7 11 0.15513937 
161 444 6 9 0.15440252 
486 572 7 9 0.15432486 
301 300 9 11 0.14982846 
358 537 7 10 0.13777152 
361 608 7 10 0.1346236 
586 588 11 14 0.12387695 
0 705 6 12 0.11925024 
81 545 9 11 0.118509054 
233 686 11 15 0.11463404 
438 481 6 9 0.11290721 
157 744 12 15 0.112483986 
621 440 7 10 0.1112777 
125 711 8 12 0.10891753 
175 469 7 9 0.10858889 
510 577 7 10 0.10706171 
411 556 7 9 0.10538726 
64 373 8 9 0.10517424 
704 535 7 8 0.10513801 
304 478 7 8 0.10329622 
619 652 9 11 0.09771267 
466 470 8 9 0.09677951 
301 640 8 11 0.09576037 
258 477 8 10 0.093200445 
561 645 8 10 0.08960464 
111 670 11 13 0.08516799 
370 442 7 9 0.08496497 
181 350 7 10 0.08462907 
146 638 7 9 0.08429384 
478 584 7 10 0.083964236 
638 549 7 10 0.08222566 
63 367 8 10 0.07803289 
447 585 7 9 0.077149145 
271 645 8 10 0.07626617 
31 367 7 10 0.074615546 
296 463 7 10 0.07223936 
443 309 14 20 0.0719048 
946 649 8 11 0.070714 
733 532 8 11 0.06841488 
24 473 7 8 0.068236955 
238 444 7 10 0.067068204 
373 280 10 13 0.06702062 
392 679 11 12 0.06685422 
200 671 9 11 0.066137515 
370 716 9 12 0.06348646 
303 351 7 10 0.06307553 
407 623 7 10 0.06276794 
408 310 8 11 0.06080284 
585 414 9 10 0.060207266 
721 663 9 12 0.060028292 
61 664 8 11 0.05940977 
127 651 9 12 0.059162777 
110 330 8 9 0.058335938 
349 669 8 11 0.058194526 
231 472 7 9 0.057039633 
27 487 8 10 0.057006616 
2 519 7 10 0.055748444 
241 495 8 10 0.05556762 
830 696 9 11 0.055058453 
92 445 7 10 0.054855134 
479 606 8 9 0.054386385 
1 504 7 11 0.0537379 
504 688 10 13 0.05306483 
417 630 8 11 0.05293791 
69 480 10 12 0.05271041 
373 366 8 9 0.051706344 
114 215 7 8 0.051486105 
621 649 9 11 0.051446367 
319 711 7 10 0.050809965 
66 532 8 11 0.05065232 
142 361 8 9 0.050313562 
430 578 8 9 0.05002671 
127 328 7 7 0.049902648 
809 656 10 12 0.049288865 
750 724 9 11 0.049029466 
429 607 7 10 0.048410702 
145 220 8 10 0.048292626 
583 407 9 12 0.04800951 
0 470 6 10 0.047279987 
682 709 10 14 0.047073252 
142 446 6 9 0.04646994 
589 415 9 10 0.04599344 
105 574 8 9 0.04579347 
111 353 7 9 0.045789648 
494 581 7 10 0.04571427 
438 265 7 10 0.045690544 
762 712 11 13 0.045056485 
406 263 8 11 0.04441455 
346 606 8 10 0.04394966 
254 703 8 10 0.04394088 
393 564 8 11 0.04312719 
581 652 16 21 0.042980894 
295 285 7 10 0.042899024 
904 672 10 12 0.042789917 
157 328 7 9 0.042604674 
579 639 11 12 0.042557858 
680 717 10 12 0.042318806 
86 748 11 14 0.041968927 
765 729 10 12 0.041908998 
33 573 7 10 0.04148055 
674 542 7 10 0.0413206 
186 325 6 8 0.041184794 
178 481 7 9 0.041050203 
288 385 8 9 0.040474057 
302 598 8 10 0.040316794 
230 431 6 9 0.039575987 
71 231 9 10 0.039553594 
441 583 8 10 0.03944918 
327 703 9 11 0.039195117 
606 664 8 12 0.038340747 
576 576 9 12 0.03799993 
270 686 9 11 0.037819427 
638 381 8 10 0.03724939 
182 360 7 10 0.036195863 
106 330 8 10 0.035905614 
814 633 8 10 0.035833918 
392 628 9 12 0.035401057 
700 605 9 12 0.034746986 
122 654 8 11 0.034177985 
191 695 9 13 0.034148015 
296 344 8 10 0.034007084 
182 644 9 11 0.033806805 
227 487 7 10 0.03377349 
198 496 8 8 0.033485234 
15 709 10 12 0.033478487 
323 343 8 11 0.03324516 
678 693 10 13 0.03281407 
233 445 8 9 0.03261987 
47 704 9 12 0.032448713 
386 537 8 10 0.03206674 
136 512 7 9 0.031836152 
309 681 11 15 0.03180193 
483 570 8 10 0.031758826 
734 752 12 13 0.031729538 
752 742 9 12 0.031650446 
696 732 9 14 0.031629022 
580 645 12 14 0.031457793 
662 680 9 11 0.031198436 
902 636 8 11 0.031132972 
105 558 9 11 0.031103743 
230 550 9 10 0.030789848 
236 512 8 10 0.030423723 
826 653 8 11 0.030311618 
223 349 6 9 0.029920321 
736 627 9 12 0.029774884 
71 375 8 10 0.029746003 
142 481 11 13 0.029691245 
725 725 9 12 0.029376727 
633 517 9 11 0.029241519 
623 402 7 9 0.029102651 
488 589 8 10 0.029098393 
447 591 7 9 0.029065771 
58 480 8 10 0.028820105 
447 598 7 9 0.028600294 
159 646 8 10 0.028282119 
304 679 11 13 0.028254185 
111 375 8 11 0.028121393 
897 552 8 11 0.027965557 
518 590 7 10 0.027949695 
335 607 9 11 0.027937263 
178 366 7 9 0.027844977 
18 662 9 11 0.027831158 
81 750 11 14 0.027751097 
710 615 8 11 0.027604718 
281 470 7 9 0.027415471 
158 332 7 10 0.027333925 
480 587 8 11 0.026892103 
767 640 8 10 0.026733203 
703 621 8 11 0.026304021 
352 635 9 13 0.02621013 
592 407 9 12 0.026191948 
638 524 9 13 0.02612536 
350 382 7 10 0.026103286 
262 477 7 9 0.02605782 
313 517 7 10 0.026045045 
312 270 7 9 0.025761431 
94 361 7 8 0.025488056 
658 637 8 10 0.025438642 
127 358 7 9 0.025405044 
583 581 10 14 0.025231164 
177 643 9 11 0.025221907 
251 342 8 12 0.025151987 
304 410 7 9 0.025011597 
424 655 9 11 0.025008991 
761 630 8 11 0.024776606 
631 662 8 11 0.024726523 
719 631 8 11 0.024701832 
456 607 7 9 0.024658956 
703 614 8 11 0.024577029 
670 717 13 16 0.02439611 
28 660 9 13 0.02439172 
272 652 9 11 0.024355048 
104 464 7 9 0.024134267 
893 541 8 10 0.023912523 
258 295 8 10 0.023908043 
396 559 8 9 0.02365343 
320 304 7 8 0.02361953 
262 473 7 9 0.023490148 
315 512 8 10 0.023471162 
432 593 7 9 0.0234236 
133 671 12 14 0.023248058 
282 300 7 10 0.02316309 
232 679 9 13 0.023147058 
241 650 10 12 0.023104256 
88 497 10 12 0.023011489 
408 316 10 14 0.022905443 
161 493 8 9 0.022850178 
436 269 9 12 0.022800121 
785 736 9 11 0.022786044 
711 749 14 14 0.022751676 
348 222 12 14 0.022724882 
182 345 6 9 0.022602007 
734 740 9 11 0.022368614 
205 678 10 12 0.022340741 
17 544 8 10 0.022274718 
93 335 8 10 0.02223214 
717 744 11 13 0.022101188 
728 631 8 11 0.022025883 
605 325 11 13 0.021975955 
333 288 8 10 0.021938814 
489 582 9 11 0.021931618 
478 614 9 11 0.02190938 
229 753 16 14 0.021839086 
114 234 7 10 0.021807821 
387 490 7 9 0.021807358 
441 598 7 9 0.021732183 
781 679 9 11 0.021722505 
662 539 8 10 0.021701703 
48 551 7 10 0.021617588 
589 420 8 11 0.021616384 
527 344 8 12 0.02158041 
808 524 8 11 0.02157622 
122 223 7 9 0.021549048 
637 519 9 12 0.02152934 
632 513 8 10 0.021409087 
638 482 8 10 0.021275453 
166 493 7 9 0.021152858 
757 692 12 14 0.021110484 
582 574 9 12 0.021006787 
150 344 8 9 0.021000443 
442 591 7 10 0.020966375 
63 502 7 10 0.020821398 
303 517 7 10 0.020817695 
151 479 10 12 0.020695332 
431 598 8 11 0.020561883 
96 341 7 10 0.02051679 
449 307 13 17 0.020486113 
729 740 8 11 0.020431835 
199 674 10 15 0.020408686 
24 374 8 10 0.020407476 
703 528 8 11 0.020405773 
902 565 8 12 0.020379009 
249 381 10 11 0.020357642 
207 687 11 14 0.02032712 
693 625 10 13 0.020317564 
813 753 14 13 0.02022842 
697 518 9 13 0.020192709 
776 751 10 12 0.020136787 
96 725 10 13 0.020124476 
