2_Demonstration_Demonstrators_2_162
20
654 356 46 56 0.9966569 
243 345 77 76 0.9956833 
584 347 39 51 0.9927892 
501 385 35 68 0.9747936 
620 357 29 39 0.9566913 
561 446 38 51 0.586859 
472 358 11 13 0.32413417 
553 300 11 14 0.26407874 
365 363 17 22 0.087202646 
546 278 12 15 0.08666859 
523 321 17 19 0.08648224 
418 442 39 54 0.059239216 
380 316 9 12 0.038824998 
471 342 10 12 0.03702154 
462 343 11 13 0.036374677 
550 294 12 16 0.03241088 
393 318 11 15 0.03151092 
577 446 40 51 0.028491527 
952 350 8 10 0.02370957 
470 351 13 15 0.02105417 
