2_Demonstration_Protesters_2_912
86
835 325 29 37 0.9975095 
880 332 25 33 0.9967026 
718 276 33 44 0.9963258 
145 431 25 33 0.99450123 
477 309 27 36 0.9940612 
998 349 24 30 0.9815392 
169 362 17 21 0.9796005 
548 308 24 28 0.9793282 
597 312 23 34 0.9710043 
508 337 21 30 0.96355206 
525 315 16 21 0.95996773 
41 349 15 18 0.9444547 
350 346 20 27 0.9182667 
610 316 20 28 0.8701472 
790 332 21 25 0.8597357 
255 338 12 15 0.8430991 
131 370 11 19 0.83167934 
64 350 11 15 0.72419196 
654 326 13 15 0.6424277 
190 335 12 15 0.59262514 
919 339 10 14 0.5233479 
440 314 10 14 0.45327634 
301 350 10 14 0.431554 
635 322 11 15 0.41979393 
240 331 10 13 0.40732887 
261 384 15 29 0.39457834 
645 343 15 19 0.39165926 
508 304 15 21 0.37730366 
714 368 16 17 0.3628915 
422 308 8 11 0.36145687 
317 370 14 17 0.23338175 
953 309 11 14 0.2327655 
796 339 22 27 0.2218685 
336 329 9 11 0.20987178 
270 319 7 10 0.1984959 
552 282 12 14 0.1926434 
118 372 14 19 0.17694311 
293 326 8 9 0.17118488 
269 339 10 13 0.15926124 
368 329 13 17 0.15019812 
648 329 19 25 0.10392895 
669 316 10 13 0.08795629 
340 330 9 12 0.08210871 
683 311 13 14 0.081511706 
619 322 15 22 0.07745997 
327 335 8 11 0.07294824 
938 337 15 18 0.06573237 
624 317 17 24 0.061596405 
353 310 7 8 0.060572166 
656 334 18 28 0.054726698 
448 300 10 15 0.050083257 
397 309 7 10 0.044845786 
668 341 13 18 0.04135966 
260 336 11 14 0.039853875 
785 331 15 21 0.036396984 
515 306 15 19 0.036088057 
390 303 8 9 0.035580542 
490 305 25 31 0.033203073 
287 335 8 11 0.032524355 
416 308 9 12 0.0324419 
112 375 14 18 0.03198433 
404 484 15 21 0.03187136 
664 317 10 14 0.029717125 
233 376 16 22 0.0296384 
336 312 7 8 0.02900819 
543 312 17 20 0.027925711 
493 277 10 12 0.0262311 
907 347 12 17 0.025989251 
676 358 13 15 0.02591375 
397 317 8 10 0.025711874 
913 338 11 17 0.025593797 
302 335 9 11 0.023714466 
289 320 8 10 0.023635756 
449 295 10 13 0.023425192 
671 356 13 15 0.02280615 
328 349 11 15 0.022779113 
374 320 9 11 0.022286475 
312 310 7 8 0.022206414 
910 333 12 17 0.021960825 
410 312 8 10 0.021777749 
266 379 14 27 0.02147282 
418 305 8 9 0.021320159 
544 283 12 13 0.021230621 
293 321 8 10 0.020766363 
398 305 8 9 0.020401563 
671 321 11 13 0.02001619 
