2_Demonstration_Demonstration_Or_Protest_2_813
18
834 371 21 28 0.9542359 
539 356 21 27 0.88436735 
257 327 21 40 0.76830363 
348 361 16 27 0.7424618 
702 390 12 16 0.735968 
470 365 15 22 0.46469137 
693 459 13 18 0.41106054 
657 448 15 20 0.28177753 
887 374 17 30 0.22801696 
718 472 12 15 0.1909886 
335 353 20 29 0.16827047 
700 459 11 17 0.11015208 
662 390 11 15 0.108247235 
532 361 20 27 0.037372254 
29 0 12 11 0.029200144 
685 460 17 20 0.025666568 
476 359 11 18 0.02464767 
667 448 13 18 0.023537152 
