2_Demonstration_Political_Rally_2_641
29
429 180 49 67 0.99967074 
571 158 55 74 0.9993781 
10 147 41 56 0.99902403 
117 128 50 67 0.9988226 
515 159 48 64 0.998546 
646 153 42 68 0.9966814 
723 158 39 74 0.99519604 
200 136 44 49 0.9901384 
294 140 44 65 0.9835946 
821 158 34 49 0.9722474 
936 174 36 51 0.9316211 
990 214 30 58 0.92269087 
905 147 31 49 0.89735883 
597 140 43 58 0.8348213 
164 144 30 43 0.7404222 
850 134 22 48 0.48292032 
477 204 26 38 0.44243827 
836 147 28 47 0.27931908 
340 228 35 49 0.23047864 
532 89 40 53 0.14897187 
543 161 53 67 0.12837404 
452 163 36 52 0.09647295 
150 145 33 51 0.067312315 
631 144 40 65 0.051277243 
1 182 19 58 0.039995246 
398 169 32 47 0.028997786 
411 173 46 61 0.02612868 
857 137 35 55 0.025950678 
920 157 35 50 0.023726737 
