2_Demonstration_Demonstration_Or_Protest_2_430
32
286 206 50 72 0.99918157 
490 132 59 90 0.99889874 
108 235 52 71 0.9988952 
856 218 52 63 0.99738437 
351 180 45 64 0.9969656 
670 108 60 92 0.9962548 
608 121 46 73 0.99604034 
767 146 43 61 0.9942052 
858 166 47 54 0.9714499 
657 102 47 73 0.93773323 
235 217 34 41 0.9367959 
17 354 55 85 0.89163905 
814 119 39 51 0.5275816 
354 511 51 64 0.094699286 
770 121 29 43 0.08329784 
18 306 57 74 0.07273322 
497 98 38 42 0.0717979 
61 217 16 18 0.05691196 
967 524 39 51 0.05236674 
265 214 46 62 0.046781376 
823 466 38 44 0.043101378 
1 143 21 63 0.038803317 
532 28 24 32 0.037865665 
403 178 50 68 0.037583638 
725 75 9 11 0.035903584 
181 189 25 35 0.035542335 
113 215 19 18 0.032773413 
26 297 42 52 0.030491903 
442 244 35 45 0.02324376 
110 221 34 40 0.022068486 
779 131 40 61 0.020388555 
805 126 29 40 0.020149056 
