2_Demonstration_Protesters_2_901
86
788 345 59 63 0.9933428 
277 351 49 66 0.98662275 
580 170 37 46 0.9797054 
682 335 47 53 0.96650195 
525 648 65 97 0.9283621 
442 342 57 65 0.8719804 
599 359 44 52 0.8697522 
540 190 31 43 0.8658685 
404 352 41 61 0.8463956 
835 88 52 69 0.78822726 
39 334 42 59 0.6894487 
932 504 27 37 0.6889935 
892 683 76 106 0.59809625 
233 574 59 103 0.5091347 
72 623 59 69 0.48978302 
141 336 44 55 0.47807184 
489 341 36 46 0.360296 
954 632 39 55 0.29345822 
887 -1 38 30 0.25838795 
833 662 45 68 0.2192281 
745 126 42 52 0.18279238 
-1 555 34 73 0.17894195 
533 451 37 52 0.14504685 
815 754 103 96 0.12910807 
121 346 40 52 0.12204057 
863 706 91 112 0.12068552 
32 198 23 28 0.10949204 
819 109 33 42 0.09415096 
98 605 55 69 0.08559922 
764 122 49 60 0.08391195 
546 492 62 57 0.08171115 
470 346 52 66 0.079074346 
1 339 35 63 0.07478955 
383 349 47 59 0.072878346 
156 323 58 73 0.07121816 
720 203 47 49 0.07051762 
540 468 46 54 0.06595169 
641 383 31 38 0.062854975 
84 706 117 123 0.059667163 
797 214 39 36 0.058802802 
119 584 52 72 0.057832714 
453 673 46 65 0.057467535 
945 504 26 40 0.051977027 
5 190 25 29 0.049191333 
370 339 45 56 0.048348837 
54 637 85 102 0.047126506 
675 205 32 34 0.04316595 
752 347 35 47 0.043039553 
505 329 41 53 0.040334105 
361 329 35 42 0.039823584 
586 365 38 41 0.037340187 
217 518 39 58 0.037041914 
921 661 56 84 0.035399266 
56 321 46 63 0.03528068 
438 679 38 54 0.03521206 
862 622 44 58 0.034642033 
745 371 34 42 0.033669073 
283 801 33 35 0.03338547 
630 426 48 55 0.032276955 
30 720 103 121 0.030856382 
267 665 59 72 0.030129027 
115 340 31 43 0.030044554 
428 351 43 50 0.029989108 
20 341 45 66 0.029542092 
220 526 53 89 0.028684456 
110 363 46 60 0.028453706 
13 748 62 89 0.028218547 
940 644 51 71 0.02768878 
345 762 20 28 0.027520277 
120 309 81 100 0.027390435 
281 604 33 40 0.02725124 
962 709 48 63 0.026726928 
119 414 27 36 0.026439631 
56 669 102 122 0.026344258 
537 329 33 44 0.025023742 
72 316 38 42 0.02443916 
160 287 89 120 0.024430443 
56 355 31 47 0.023874681 
608 562 49 58 0.023230776 
593 571 47 59 0.022849647 
237 590 91 123 0.022172771 
888 185 123 178 0.022061585 
1000 608 23 34 0.020733677 
21 312 75 98 0.020339353 
879 81 50 79 0.020260008 
353 666 39 69 0.020043073 
