2_Demonstration_Demonstration_Or_Protest_2_395
22
874 339 52 76 0.9952304 
800 469 121 145 0.986402 
739 334 54 78 0.8826007 
957 246 31 46 0.4011534 
828 324 29 38 0.2534563 
911 178 28 38 0.22505601 
892 234 33 49 0.19350673 
1006 254 13 19 0.08636395 
983 285 36 83 0.07929331 
760 254 35 45 0.078923926 
835 315 37 52 0.07439422 
358 594 85 97 0.06338064 
831 276 25 35 0.05859439 
602 104 51 75 0.04561571 
698 328 90 107 0.04233097 
832 365 42 61 0.039206393 
903 231 39 58 0.027693931 
963 263 41 69 0.025851065 
942 247 13 16 0.023459204 
964 249 18 25 0.021776471 
852 282 25 30 0.021152997 
919 306 29 37 0.020588867 
