2_Demonstration_Demonstration_Or_Protest_2_367
39
387 247 71 88 0.9985329 
122 260 26 32 0.99804026 
782 348 49 57 0.9978642 
505 242 48 57 0.99687153 
39 274 27 37 0.9957547 
259 277 27 39 0.9955012 
306 303 23 30 0.99226075 
179 307 34 40 0.99076945 
90 260 16 21 0.9766357 
201 271 17 22 0.9641578 
50 250 19 25 0.9355323 
328 625 67 70 0.81073654 
333 305 16 22 0.7221624 
291 284 17 20 0.6203247 
237 275 16 22 0.38899568 
328 284 12 16 0.20866655 
344 285 12 14 0.17869492 
670 257 29 38 0.15698579 
673 274 31 40 0.0759732 
558 44 11 13 0.07207845 
323 304 20 28 0.06407435 
346 290 14 17 0.062043514 
62 4 26 34 0.044148132 
25 250 16 19 0.039330516 
243 269 16 21 0.03816685 
297 275 16 19 0.03715205 
879 290 50 58 0.035342827 
629 309 16 20 0.030876273 
247 271 24 33 0.030068805 
681 264 45 57 0.029732836 
35 250 13 17 0.027775634 
583 38 11 13 0.027679848 
102 243 13 16 0.026736045 
357 297 15 20 0.0228512 
847 362 24 32 0.022225844 
350 296 13 17 0.021013053 
100 250 15 19 0.020780522 
513 47 8 9 0.020521078 
444 656 17 18 0.020502396 
