2_Demonstration_Political_Rally_2_690
31
814 403 65 80 0.9976782 
531 373 94 157 0.995389 
645 393 23 40 0.99115515 
753 370 9 12 0.77837485 
949 368 10 17 0.64273167 
78 357 8 9 0.52729774 
63 361 9 10 0.21059836 
697 366 9 11 0.17618504 
181 352 7 9 0.15565655 
1008 392 9 12 0.1533539 
109 394 7 9 0.137612 
1002 416 10 10 0.12884791 
94 411 8 10 0.08900798 
66 350 8 10 0.079611614 
74 358 7 9 0.07781435 
688 365 7 10 0.073843084 
56 358 8 11 0.0643599 
0 365 7 12 0.056169607 
115 353 7 9 0.05303867 
54 351 8 10 0.043206535 
41 364 8 9 0.036641665 
58 365 8 12 0.0327081 
223 357 7 10 0.030498346 
790 412 61 72 0.029709427 
87 358 8 9 0.02953549 
197 358 7 9 0.02720925 
117 357 8 10 0.027128564 
11 442 10 14 0.027027743 
3 390 7 10 0.025745831 
734 426 9 12 0.02429005 
118 366 7 9 0.024251668 
