2_Demonstration_Political_Rally_2_57
53
492 165 33 43 0.9986291 
212 144 34 47 0.99820507 
782 146 31 42 0.9978927 
757 143 28 37 0.9976186 
278 143 29 40 0.99703443 
896 254 32 44 0.9969938 
359 143 32 40 0.99675566 
385 122 29 38 0.99669445 
944 168 29 38 0.9966108 
78 138 33 47 0.9960769 
526 153 32 40 0.99477506 
827 121 31 44 0.9944166 
590 131 32 49 0.9937782 
147 133 31 38 0.99313956 
663 182 29 40 0.99286896 
275 201 32 42 0.9893293 
920 170 24 35 0.98848534 
929 215 25 31 0.9837014 
258 130 22 29 0.9745277 
483 308 50 64 0.9626151 
465 153 22 34 0.9535783 
9 127 20 35 0.94482726 
103 118 26 34 0.9409639 
444 79 20 23 0.94013256 
486 136 22 28 0.92935705 
642 148 24 34 0.8723882 
931 153 23 33 0.8703395 
1 124 17 42 0.50370324 
106 152 23 34 0.45436907 
270 136 24 33 0.2825093 
285 118 21 28 0.22253619 
476 142 25 33 0.18437488 
641 125 25 35 0.15394242 
579 129 13 18 0.10007719 
349 149 26 32 0.0965851 
406 150 23 29 0.084726974 
710 183 23 33 0.075292975 
492 144 26 38 0.074904315 
814 123 28 41 0.05770799 
477 158 28 41 0.042443056 
275 131 15 20 0.039279107 
418 144 21 28 0.03746209 
19 132 20 31 0.036283404 
564 140 24 29 0.03562049 
548 174 24 29 0.035453085 
577 133 24 36 0.028613048 
393 143 27 34 0.026799737 
699 179 26 35 0.02614322 
567 102 9 13 0.025099404 
377 136 30 36 0.023470415 
27 142 16 26 0.021942968 
89 125 31 40 0.021869585 
295 70 8 10 0.02023675 
