2_Demonstration_Protesters_2_369
26
533 369 119 137 0.9998287 
274 448 114 114 0.999655 
636 349 51 67 0.99665266 
604 268 27 29 0.98858345 
186 86 46 56 0.9869241 
609 302 33 42 0.98195124 
659 311 36 43 0.9799249 
35 503 112 119 0.9747785 
965 197 51 105 0.5656668 
421 55 12 16 0.5060832 
699 281 25 31 0.41833538 
457 51 11 14 0.38464737 
186 202 35 46 0.30319056 
630 259 17 22 0.27316904 
439 109 9 11 0.21065366 
313 391 40 56 0.18656446 
696 214 26 33 0.1122028 
700 228 18 22 0.047357246 
640 264 15 19 0.039763547 
403 1 32 41 0.027163668 
694 284 18 25 0.026491955 
618 265 24 28 0.025841346 
658 298 28 31 0.022168169 
699 267 44 48 0.020713003 
597 343 82 107 0.020413525 
737 464 39 56 0.020203693 
