2_Demonstration_Protesters_2_531
1322
171 511 16 21 0.9927724 
501 313 14 18 0.99266195 
678 141 10 13 0.99254614 
156 473 17 22 0.99214023 
603 455 17 22 0.99190325 
740 331 15 19 0.99048257 
365 581 21 27 0.989912 
654 315 15 19 0.9895948 
357 301 14 17 0.9895349 
774 260 12 16 0.9892565 
121 473 17 21 0.98867667 
618 433 19 25 0.988588 
282 500 18 22 0.9885188 
606 328 15 21 0.9884803 
973 220 14 16 0.98843914 
848 197 12 16 0.98834 
628 389 15 20 0.988228 
571 306 13 17 0.9882258 
644 480 17 20 0.98794854 
797 268 13 16 0.9872896 
958 238 14 17 0.98721796 
933 260 14 17 0.98718786 
467 481 16 21 0.98705184 
829 403 16 20 0.9869565 
835 312 15 18 0.98663074 
668 234 13 16 0.98616296 
233 489 17 21 0.9859222 
314 490 17 25 0.985819 
748 487 17 23 0.98572516 
20 435 17 20 0.9849783 
207 189 11 14 0.984746 
863 180 12 15 0.9843667 
108 582 17 25 0.9839482 
421 337 13 17 0.9839364 
400 251 13 17 0.9838508 
525 302 14 17 0.9835543 
367 243 12 14 0.9834976 
12 415 16 20 0.98346436 
927 540 22 26 0.9833256 
348 413 16 21 0.9832538 
743 110 11 12 0.9831503 
679 196 13 18 0.98309094 
499 284 13 17 0.9826812 
468 371 15 19 0.9820457 
541 217 12 16 0.9819803 
82 460 18 22 0.98159355 
606 244 13 16 0.9815894 
978 434 19 25 0.98119754 
453 237 13 15 0.9811017 
454 205 12 15 0.98091596 
989 264 14 18 0.9795929 
822 230 12 15 0.97957134 
975 299 14 17 0.97930896 
423 131 9 12 0.9792148 
795 391 14 20 0.9790644 
991 165 12 14 0.9784671 
453 320 15 17 0.97803295 
294 651 21 26 0.97787684 
565 278 13 16 0.97775775 
866 461 20 23 0.9777559 
749 172 12 14 0.9775752 
683 473 18 22 0.9768539 
844 412 17 22 0.97670764 
135 249 12 16 0.97645843 
894 110 10 12 0.9763141 
227 649 20 27 0.9759582 
60 491 19 23 0.97451097 
830 188 11 13 0.9743732 
503 227 11 15 0.97413355 
587 492 17 23 0.97411084 
750 421 16 21 0.9734032 
731 197 12 15 0.972674 
868 249 14 16 0.9723374 
22 362 16 21 0.97227997 
997 318 14 17 0.97203964 
637 236 13 16 0.9718925 
22 243 13 16 0.97160083 
71 315 14 17 0.97101295 
399 507 18 22 0.9707017 
348 450 16 18 0.9703546 
117 321 13 16 0.9700992 
124 538 19 25 0.96929574 
751 361 16 20 0.96907914 
14 566 20 25 0.9683519 
776 285 13 16 0.9683387 
582 286 13 17 0.96797913 
718 269 13 17 0.9673866 
1001 577 20 27 0.9671337 
265 276 14 17 0.9666725 
455 510 19 23 0.96637326 
308 211 13 15 0.9662788 
479 427 16 20 0.9660779 
842 263 15 18 0.966074 
700 413 17 19 0.9659938 
723 249 13 17 0.9659572 
494 445 17 21 0.96586645 
155 284 13 17 0.9658311 
54 317 13 17 0.965785 
519 94 9 11 0.9655439 
695 322 15 18 0.96413404 
91 279 14 17 0.9638458 
713 118 10 13 0.9632544 
116 509 20 23 0.962933 
241 227 13 16 0.96200603 
785 436 17 23 0.9618171 
471 279 13 17 0.96151346 
963 423 15 20 0.9611423 
615 301 15 20 0.96078414 
662 355 14 16 0.9606469 
340 215 12 14 0.96052426 
990 389 17 22 0.9601708 
161 642 21 25 0.9600965 
844 329 14 17 0.95951545 
126 218 13 15 0.9594266 
815 107 10 12 0.9592041 
273 464 16 22 0.9587115 
497 194 11 15 0.95863813 
900 264 13 16 0.9582128 
23 518 19 21 0.9579503 
411 230 13 16 0.9578676 
279 326 15 19 0.9575736 
684 173 11 13 0.9574593 
773 123 10 12 0.9562431 
93 239 13 17 0.9553636 
49 371 16 20 0.954543 
39 285 13 18 0.95386094 
245 473 17 22 0.95365685 
788 567 16 23 0.95355076 
517 463 18 20 0.9529177 
767 539 20 26 0.951671 
431 413 16 18 0.9499893 
173 239 12 15 0.9496264 
247 373 14 18 0.9495132 
960 312 14 19 0.9488882 
592 261 13 17 0.9487624 
343 397 13 16 0.9483249 
475 310 14 20 0.94769377 
571 548 19 25 0.9471491 
37 355 15 18 0.9471345 
903 364 16 20 0.9460744 
823 133 9 11 0.9458117 
708 167 11 13 0.9430593 
140 622 19 22 0.9415902 
70 205 12 15 0.94128823 
96 425 16 19 0.9391643 
411 159 11 12 0.93808454 
908 183 13 16 0.93803006 
418 279 14 18 0.9370885 
238 287 12 15 0.93538946 
413 522 20 24 0.9347054 
755 406 16 20 0.9341211 
199 254 12 15 0.93286735 
873 142 11 13 0.9313842 
787 325 14 17 0.9310403 
713 188 13 16 0.9307201 
151 323 12 16 0.9306758 
717 91 11 12 0.92962587 
584 94 9 11 0.92961276 
192 432 14 21 0.9294697 
144 407 16 21 0.9294492 
794 119 9 13 0.9271566 
22 473 17 21 0.9240734 
895 406 17 22 0.9240147 
784 486 18 25 0.9231616 
881 234 15 19 0.923125 
268 155 11 13 0.92036855 
677 120 11 13 0.91894513 
321 175 11 14 0.91809785 
879 538 20 24 0.9178077 
355 479 16 18 0.9165999 
299 386 14 18 0.9159452 
1007 226 12 16 0.9148906 
354 157 13 14 0.9143283 
918 481 20 24 0.9132712 
318 253 13 16 0.9128542 
415 445 18 20 0.9118404 
807 358 15 18 0.9111213 
657 264 14 19 0.91065264 
33 163 10 14 0.9081953 
662 119 10 12 0.9071163 
686 448 13 18 0.9063121 
135 302 14 17 0.90498734 
680 387 16 21 0.9037035 
184 211 12 14 0.90353006 
664 541 18 28 0.9008517 
767 228 12 15 0.89770925 
0 324 10 17 0.8959859 
46 229 11 13 0.8953974 
379 259 13 18 0.8929714 
423 300 13 16 0.8926585 
809 255 14 19 0.88895607 
211 271 14 16 0.88683224 
407 476 17 22 0.88507545 
227 244 12 15 0.8833027 
11 205 12 15 0.8828664 
745 247 11 15 0.8825794 
759 91 9 12 0.88152486 
39 316 12 16 0.88125175 
294 144 8 11 0.8801392 
742 71 11 13 0.8791788 
267 574 17 22 0.8779189 
956 179 12 15 0.8776906 
459 139 11 14 0.8772101 
689 29 9 11 0.8766794 
800 289 14 17 0.8753993 
682 246 13 17 0.87424725 
388 119 9 11 0.87365717 
944 94 9 11 0.8687286 
889 382 16 22 0.86312056 
552 178 11 13 0.8582205 
517 505 18 20 0.85751766 
279 435 15 21 0.8569105 
345 287 12 14 0.8565389 
518 565 21 25 0.85569346 
632 408 16 20 0.85482925 
924 332 14 17 0.85360634 
888 192 14 16 0.8523215 
345 340 12 17 0.85225224 
898 311 14 18 0.85159564 
990 182 11 14 0.84670955 
246 119 8 10 0.8458039 
371 381 14 17 0.8436 
355 224 12 14 0.8435854 
943 225 13 15 0.8426219 
782 76 8 10 0.8406172 
734 24 9 12 0.83719444 
731 232 13 16 0.83505 
300 167 10 13 0.8338623 
967 279 13 14 0.83233815 
584 208 10 14 0.83203775 
512 37 9 10 0.83065575 
376 426 15 16 0.82775915 
433 119 8 11 0.82616144 
785 204 11 13 0.82599837 
293 117 9 11 0.8235445 
815 88 10 11 0.82087123 
582 243 11 14 0.81940275 
364 174 11 12 0.8192862 
48 194 12 15 0.8187888 
473 406 14 14 0.8095128 
514 119 8 11 0.8072167 
73 223 11 14 0.80718607 
874 444 19 19 0.80513793 
565 7 8 11 0.8049471 
584 327 13 17 0.7995955 
712 300 12 16 0.7995694 
759 316 12 15 0.79592663 
568 55 9 10 0.79343414 
393 87 8 10 0.7931148 
125 196 10 12 0.79275435 
982 117 9 12 0.79081047 
636 95 10 12 0.79063946 
997 644 16 26 0.788972 
668 22 10 12 0.7873473 
542 118 11 13 0.7827002 
425 207 12 16 0.7794664 
574 104 8 10 0.7790918 
635 215 11 15 0.7779866 
274 183 11 14 0.76216465 
64 261 13 16 0.7609781 
700 142 9 13 0.76078147 
872 224 13 16 0.7591052 
610 117 9 12 0.7579153 
760 150 10 12 0.7555363 
941 160 12 14 0.7552203 
482 148 9 11 0.7546972 
498 371 13 16 0.752281 
535 319 14 17 0.74996215 
209 93 9 11 0.74981064 
322 226 12 14 0.7479291 
329 31 8 9 0.7370757 
296 186 10 13 0.7308227 
642 182 10 13 0.7308084 
184 165 10 12 0.72805136 
551 91 9 11 0.72526014 
899 172 11 13 0.7168862 
128 382 14 18 0.716245 
609 53 8 10 0.7083461 
204 314 11 15 0.70500356 
279 226 11 13 0.7041201 
615 68 8 10 0.69541955 
286 163 11 12 0.69435096 
458 222 10 13 0.69370145 
280 104 10 12 0.68222314 
896 78 8 10 0.677858 
988 336 14 15 0.6775156 
649 80 9 11 0.67562807 
756 119 10 13 0.67410386 
103 265 13 16 0.673647 
538 102 9 11 0.67345285 
497 352 16 19 0.6729451 
426 85 8 10 0.670704 
471 100 8 10 0.66930884 
655 110 9 12 0.66636354 
56 298 14 16 0.6653154 
408 199 13 14 0.6570121 
455 354 15 18 0.64886063 
692 120 9 11 0.6483336 
380 207 10 12 0.6436133 
370 291 13 15 0.6435889 
849 245 13 14 0.64306927 
227 126 10 12 0.6429496 
389 194 11 14 0.63790804 
334 512 19 21 0.6314836 
235 183 11 13 0.6271159 
911 103 9 11 0.62326443 
816 73 9 10 0.6218194 
679 15 9 11 0.6166207 
393 135 11 13 0.61163837 
358 136 9 12 0.60452914 
849 363 14 18 0.5996796 
279 141 9 11 0.59610975 
669 88 10 11 0.59310806 
643 31 8 10 0.59241843 
586 56 8 10 0.5908412 
0 604 11 26 0.58703285 
623 111 10 12 0.5840688 
756 331 13 15 0.5820453 
618 358 15 18 0.5789827 
518 320 12 16 0.5777907 
218 158 9 12 0.56906855 
622 85 9 10 0.5635372 
200 295 13 16 0.56164324 
318 112 9 11 0.55460805 
423 111 8 10 0.5481679 
895 294 15 18 0.5441943 
44 51 9 11 0.53994864 
7 61 9 10 0.5376772 
163 194 11 13 0.5333588 
63 183 9 12 0.5280091 
975 85 8 10 0.5243114 
470 350 13 16 0.5219971 
602 95 9 11 0.5213068 
785 93 10 12 0.5133002 
892 164 10 13 0.51316756 
867 121 9 10 0.5066107 
89 62 9 11 0.50577265 
800 188 9 13 0.49417374 
328 242 12 14 0.4924707 
634 341 12 15 0.4813234 
620 188 10 12 0.47046766 
181 128 8 11 0.47032636 
244 155 10 12 0.4702865 
856 166 10 12 0.4624676 
338 79 8 9 0.46042216 
402 78 7 9 0.45788154 
597 177 9 11 0.4575594 
442 86 8 9 0.4558292 
134 454 15 18 0.45518228 
98 216 11 14 0.45158777 
747 192 11 13 0.45130825 
252 323 11 16 0.44654655 
989 211 13 15 0.44206285 
964 100 9 10 0.4399126 
964 143 10 12 0.43577567 
469 73 9 10 0.42764017 
676 281 14 15 0.41718024 
499 103 8 10 0.41562384 
2 76 9 10 0.41435918 
871 107 8 11 0.40514925 
333 125 9 10 0.40401876 
285 203 10 12 0.403554 
100 190 10 12 0.40124556 
996 68 9 11 0.39604363 
367 93 8 10 0.39379993 
196 127 9 10 0.39142346 
18 401 15 18 0.39108786 
229 219 10 13 0.39063033 
0 285 9 18 0.38466364 
389 68 8 11 0.38146603 
883 100 9 11 0.38129607 
390 103 8 10 0.380332 
488 71 7 9 0.37926325 
728 287 11 13 0.37491325 
549 5 7 9 0.37416065 
668 370 13 16 0.3702095 
591 112 9 11 0.36967435 
303 134 9 10 0.36787695 
775 449 16 22 0.36681473 
547 63 7 9 0.362587 
517 21 8 11 0.35888067 
374 126 10 11 0.35845932 
263 79 9 10 0.35462618 
836 407 18 24 0.3510619 
598 112 9 11 0.3501713 
209 120 9 10 0.34910628 
363 48 7 10 0.34046665 
668 438 16 18 0.34012818 
703 9 8 10 0.33959484 
261 190 10 12 0.33704257 
962 5 10 11 0.3340354 
706 24 8 10 0.33337715 
667 384 12 16 0.33027428 
902 79 8 11 0.32762602 
518 136 8 10 0.324092 
729 4 9 10 0.32208005 
697 96 9 11 0.32001323 
78 157 8 11 0.31726485 
160 181 9 11 0.313347 
356 196 11 12 0.31273308 
448 101 8 10 0.31236988 
305 48 8 10 0.30811372 
529 63 7 9 0.30429113 
406 124 8 11 0.3007391 
482 111 8 9 0.2984734 
383 253 13 18 0.2981256 
270 63 9 10 0.2978854 
160 143 10 11 0.29627314 
140 147 10 12 0.29592794 
641 123 9 11 0.2955276 
582 12 7 10 0.2938454 
1013 422 11 16 0.29334775 
892 1 9 10 0.29193142 
330 89 7 9 0.2902761 
594 229 13 15 0.2870604 
573 117 8 10 0.2851083 
478 87 8 10 0.27960926 
977 12 9 10 0.27910164 
335 136 9 10 0.27749497 
850 88 8 9 0.27476546 
759 299 14 16 0.27056018 
1007 108 8 11 0.2671598 
624 47 8 10 0.26091108 
171 220 12 14 0.25925156 
1004 159 11 12 0.25489318 
780 15 10 12 0.25386012 
221 324 10 15 0.25276375 
1001 48 9 10 0.25260141 
529 13 8 10 0.2524583 
402 564 20 30 0.24848038 
229 101 9 10 0.24833527 
175 5 8 9 0.24833523 
669 421 17 20 0.24460556 
489 80 9 11 0.24430098 
768 95 10 11 0.2417591 
606 24 8 10 0.23873347 
0 93 6 10 0.2384243 
489 126 8 10 0.23739073 
725 304 12 15 0.236946 
1002 136 8 11 0.23546511 
849 103 8 10 0.23525925 
354 116 9 10 0.23519002 
233 143 9 10 0.2349861 
592 73 8 10 0.23401156 
591 27 7 10 0.23158251 
406 332 11 15 0.23127359 
631 48 8 9 0.2306586 
326 142 9 11 0.22946207 
426 68 8 9 0.22917886 
628 112 10 12 0.22731905 
63 44 8 10 0.22345823 
301 101 9 10 0.22338498 
165 237 11 14 0.22289237 
412 571 16 25 0.21894035 
261 324 13 16 0.21811898 
996 4 8 10 0.21702936 
1 190 9 14 0.21534793 
633 302 12 15 0.2144961 
130 25 8 9 0.21401675 
1009 32 8 10 0.20967858 
719 439 20 21 0.20628987 
437 28 8 10 0.2057416 
361 94 8 11 0.20274426 
621 19 9 11 0.20249194 
221 165 10 14 0.20224759 
198 159 10 13 0.20149453 
1011 255 11 15 0.19803828 
58 29 7 9 0.19781803 
437 117 9 12 0.19582169 
592 179 9 12 0.19580942 
356 347 14 15 0.19578397 
580 230 11 14 0.1948886 
799 32 9 10 0.19439559 
573 109 10 11 0.19262415 
567 39 8 9 0.19157118 
652 250 13 16 0.19081981 
1006 103 8 11 0.18979335 
77 49 9 11 0.18892469 
1007 60 10 12 0.18888964 
632 39 8 9 0.1883781 
684 14 9 10 0.18597846 
858 73 9 11 0.18394226 
353 136 10 11 0.18347111 
521 73 9 10 0.17860036 
334 120 8 10 0.17707333 
869 450 21 25 0.17682773 
833 112 9 10 0.17679916 
498 363 15 17 0.17571668 
525 77 9 11 0.17339416 
658 117 10 13 0.17019442 
113 167 10 12 0.17002589 
514 4 9 10 0.16941547 
600 38 9 10 0.16862658 
248 310 13 16 0.16717888 
937 162 11 14 0.16710044 
112 173 11 11 0.16652896 
212 259 12 15 0.16607234 
549 119 9 11 0.16559276 
609 380 13 16 0.16387564 
617 38 8 10 0.16283025 
319 160 10 11 0.16165796 
493 84 8 9 0.16106181 
387 251 12 15 0.15936205 
320 55 8 10 0.15761405 
960 160 10 12 0.15522642 
761 15 8 9 0.15476462 
735 95 9 10 0.15465602 
794 190 9 11 0.1545998 
639 63 8 10 0.1521074 
513 135 9 11 0.15158583 
599 80 8 10 0.15103574 
304 96 8 9 0.149887 
1016 196 8 13 0.14863804 
584 182 8 10 0.14855859 
592 78 8 9 0.14853549 
712 45 9 10 0.14793351 
278 387 13 16 0.14715363 
662 55 9 10 0.14664453 
833 141 10 11 0.14610635 
600 65 8 9 0.1429679 
284 387 12 16 0.14168602 
461 88 8 9 0.13998039 
173 228 12 15 0.13828343 
499 412 11 14 0.13814045 
384 197 12 14 0.13743052 
965 160 10 11 0.13742627 
541 300 11 14 0.1356629 
986 566 15 21 0.13519414 
512 109 9 11 0.1339044 
357 113 9 11 0.13344368 
367 79 8 9 0.13172542 
510 57 7 9 0.13111734 
532 523 18 23 0.13028468 
297 37 8 9 0.12975061 
542 78 8 9 0.12921035 
776 164 9 11 0.1285835 
212 497 12 15 0.12782659 
566 92 8 10 0.12544502 
651 386 15 20 0.12394814 
173 41 9 9 0.12324475 
794 153 8 11 0.122217104 
957 21 9 11 0.12196466 
273 87 8 10 0.12051206 
359 23 7 10 0.12015649 
546 31 7 10 0.119706064 
1006 96 8 9 0.11964209 
914 16 8 9 0.119209334 
367 38 7 8 0.11852382 
709 22 9 10 0.11822574 
262 119 8 11 0.11755462 
348 33 9 11 0.11701586 
470 121 8 10 0.11684758 
902 181 13 14 0.11586069 
704 111 8 10 0.115574 
464 41 9 10 0.11502848 
536 37 8 10 0.114655435 
937 0 10 10 0.1130862 
368 72 8 10 0.112865284 
174 68 8 10 0.11252541 
574 71 9 9 0.112201005 
250 316 13 17 0.11183935 
345 70 9 11 0.11178564 
385 103 8 10 0.110367365 
566 483 15 20 0.10957889 
567 31 7 9 0.109289475 
390 48 7 9 0.10800784 
289 142 9 12 0.10741713 
297 322 11 16 0.106822595 
448 116 8 11 0.10668532 
385 32 7 9 0.10544096 
326 71 8 9 0.105224766 
184 62 10 12 0.10406136 
282 429 14 18 0.102345765 
633 21 8 10 0.10220836 
537 79 8 9 0.1018038 
612 497 14 18 0.10084767 
254 89 8 10 0.10007048 
448 81 8 10 0.099227615 
466 24 7 10 0.09857984 
157 5 8 9 0.09845986 
657 55 9 10 0.098368645 
205 257 12 15 0.09834152 
783 87 10 12 0.09833991 
385 247 10 13 0.098229416 
453 30 8 9 0.098178856 
716 302 14 17 0.0980804 
318 78 8 9 0.098053806 
334 503 15 17 0.097773224 
116 137 9 10 0.09731305 
570 489 15 20 0.09729718 
315 113 7 10 0.09648259 
556 214 10 12 0.09462767 
710 207 12 14 0.09457341 
630 133 10 12 0.09427731 
74 52 8 10 0.094152346 
997 84 9 11 0.09348074 
527 94 8 10 0.093396686 
825 358 12 15 0.093238816 
151 41 8 10 0.092471376 
373 148 11 13 0.092170335 
6 149 9 11 0.09174172 
669 304 16 19 0.09158954 
336 652 17 23 0.09128076 
94 79 8 11 0.0911406 
1010 221 12 17 0.09066222 
0 214 7 12 0.08972492 
710 16 9 11 0.08967308 
529 112 8 9 0.089666076 
1 499 15 17 0.08962278 
254 255 13 15 0.08953577 
312 117 8 10 0.08919277 
301 252 12 15 0.08870331 
836 137 9 11 0.08858925 
88 175 11 12 0.08840113 
309 92 8 10 0.087416455 
84 37 9 10 0.087395936 
345 36 9 10 0.08732378 
741 127 9 12 0.08703732 
662 135 10 12 0.087023325 
817 11 9 10 0.086935565 
488 14 8 10 0.08687608 
618 21 8 10 0.08612819 
961 112 8 10 0.08593009 
150 26 8 9 0.08583071 
543 37 8 10 0.0856418 
377 102 8 10 0.08544015 
831 135 10 12 0.08543852 
416 96 8 10 0.085152 
110 108 8 10 0.08484021 
630 72 8 10 0.08415433 
967 110 9 11 0.083725005 
438 80 8 10 0.08326543 
504 88 7 9 0.08310773 
247 93 9 11 0.08310123 
368 32 8 9 0.082987145 
965 269 13 15 0.0826313 
765 215 12 14 0.0822091 
258 259 13 16 0.08148934 
925 116 10 11 0.08094087 
647 54 8 10 0.08088343 
27 323 12 15 0.08027225 
465 76 9 10 0.08014559 
673 16 9 11 0.07978625 
110 47 7 10 0.07962933 
638 55 8 10 0.07956072 
222 214 10 13 0.07945771 
334 140 9 11 0.078997836 
343 112 9 11 0.07892624 
313 62 8 9 0.07889239 
693 87 9 10 0.07820178 
992 1 8 10 0.07778149 
376 56 8 9 0.07762633 
855 110 8 10 0.07747798 
182 29 8 9 0.077213 
503 64 7 9 0.07697781 
703 28 9 10 0.07697678 
70 113 8 9 0.076470904 
829 150 9 11 0.07568244 
525 191 10 11 0.0748947 
585 117 9 11 0.07481653 
601 31 7 9 0.07427257 
688 124 10 12 0.073738106 
674 124 10 13 0.073684916 
901 168 11 13 0.07361753 
914 655 19 20 0.07352663 
586 112 8 10 0.07344106 
361 52 8 11 0.07318987 
672 72 8 10 0.07270445 
855 104 8 10 0.072401576 
447 97 8 10 0.0722345 
552 214 9 14 0.07172519 
391 94 9 9 0.071649775 
1000 29 9 10 0.071337804 
518 414 12 16 0.07060873 
56 43 9 11 0.0701544 
334 338 11 17 0.06976556 
97 29 8 10 0.069110274 
572 54 9 10 0.06899192 
475 14 7 9 0.068782486 
209 125 9 10 0.06873074 
94 172 11 12 0.06826087 
409 88 7 9 0.06820121 
353 191 10 11 0.068192 
659 111 11 12 0.067720786 
288 23 8 10 0.06740657 
17 293 12 15 0.06725957 
988 119 8 10 0.067251645 
663 46 8 10 0.06722287 
534 95 9 11 0.066649795 
143 2 7 9 0.06641199 
334 9 8 10 0.06623153 
170 112 8 10 0.066050574 
333 86 9 11 0.06604107 
503 30 8 9 0.06581725 
639 48 8 10 0.06580278 
177 132 9 11 0.065720975 
726 388 15 18 0.06532016 
674 119 9 11 0.06515185 
454 230 13 16 0.0650185 
180 235 12 15 0.06495657 
286 76 8 10 0.06460434 
346 64 8 9 0.064518064 
31 316 13 17 0.06444148 
688 88 8 9 0.06416524 
967 263 12 15 0.06408667 
342 372 12 15 0.06365182 
329 92 8 11 0.06354903 
505 135 9 10 0.06354845 
985 0 9 8 0.063412264 
129 244 13 17 0.06337009 
656 96 8 9 0.06298811 
599 207 10 13 0.06287093 
471 229 10 13 0.062577315 
794 30 8 10 0.06245411 
574 132 8 11 0.061950546 
236 206 12 14 0.06194935 
919 110 9 11 0.06171966 
96 167 10 13 0.061700292 
145 60 9 10 0.06118386 
328 148 9 11 0.061032865 
22 71 7 10 0.06096459 
363 80 7 9 0.060874563 
910 83 9 11 0.060689576 
43 363 15 20 0.06055201 
375 28 8 10 0.060534816 
497 65 7 9 0.060500544 
186 229 12 15 0.060414247 
498 109 8 10 0.060336236 
442 112 8 10 0.06019661 
759 0 10 10 0.060038403 
617 185 9 12 0.059627604 
569 475 15 19 0.059591305 
703 117 10 12 0.059430808 
248 1 8 9 0.059406485 
457 111 8 10 0.059145954 
145 89 9 10 0.05894395 
777 19 10 12 0.058533885 
353 245 10 12 0.057888366 
173 24 8 10 0.057850543 
545 70 8 10 0.057662185 
278 123 9 10 0.057046317 
583 90 9 10 0.056847923 
423 104 8 10 0.05680381 
244 101 9 11 0.056701683 
80 126 8 10 0.056653075 
128 238 12 14 0.056594886 
975 110 8 11 0.056527168 
536 109 8 10 0.056297112 
63 55 8 9 0.05623012 
570 71 7 10 0.056113943 
1 351 11 15 0.05605183 
245 327 13 17 0.055916708 
687 93 8 10 0.055862885 
646 244 12 14 0.05575497 
501 108 8 10 0.055259362 
432 81 8 9 0.0551874 
480 61 7 9 0.055071667 
806 23 10 12 0.054964107 
536 214 12 15 0.054896727 
576 40 8 9 0.054866318 
592 13 8 9 0.05478781 
444 375 14 19 0.05478701 
736 126 9 11 0.054728355 
805 185 10 12 0.054720536 
502 69 8 9 0.05466898 
330 121 8 9 0.054295853 
808 86 9 11 0.053772464 
488 121 8 10 0.05371309 
106 69 9 11 0.053558197 
462 110 8 9 0.05315924 
924 23 8 10 0.0531393 
256 8 8 9 0.052931074 
286 109 9 11 0.05264021 
375 119 8 10 0.05228274 
454 117 8 10 0.052095417 
164 180 9 12 0.05205848 
632 181 9 12 0.05204212 
504 39 8 10 0.05202129 
453 156 10 12 0.051884804 
589 233 13 16 0.051626135 
457 93 8 10 0.051442157 
93 182 10 12 0.051118754 
849 93 9 11 0.051102012 
367 87 8 10 0.051008064 
17 164 9 11 0.05094681 
548 29 8 10 0.05084969 
606 80 8 10 0.050837893 
608 63 8 10 0.05075184 
418 111 9 11 0.050661284 
577 176 9 11 0.050479684 
402 126 8 11 0.050256085 
0 221 7 15 0.050251238 
327 160 9 12 0.050239924 
529 117 8 10 0.050192762 
854 169 10 14 0.049961142 
2 148 8 13 0.049866796 
854 93 8 10 0.049720835 
505 173 9 11 0.049421977 
1014 32 7 10 0.04936833 
704 87 7 10 0.049352642 
321 73 8 10 0.04928889 
282 77 8 10 0.049138073 
385 96 7 9 0.04912542 
546 218 12 16 0.0490018 
590 60 8 10 0.048963763 
718 260 13 17 0.048875008 
249 89 8 10 0.048839055 
507 56 7 9 0.048643194 
374 95 8 10 0.048561603 
697 45 8 10 0.048444428 
975 104 9 11 0.04824076 
496 252 12 13 0.048227843 
663 71 9 10 0.048167337 
136 102 7 9 0.04808286 
1 527 10 15 0.047955006 
681 88 8 10 0.04780517 
4 71 10 13 0.04775714 
562 39 7 9 0.047732946 
822 204 10 13 0.04749012 
534 88 9 9 0.0474667 
849 119 8 10 0.047415767 
785 318 13 17 0.04733015 
615 48 8 10 0.047309577 
311 11 8 11 0.04691793 
973 151 11 12 0.04662586 
742 20 9 12 0.04649072 
270 432 14 19 0.046472926 
183 300 11 14 0.04647026 
1007 54 10 12 0.046325006 
1002 109 9 11 0.046312872 
344 6 8 10 0.046107437 
352 205 10 13 0.046062913 
255 358 13 14 0.04602092 
304 141 10 12 0.046018343 
0 159 7 12 0.0459834 
384 123 10 12 0.04581897 
634 54 8 9 0.045783166 
632 76 8 10 0.045537155 
430 191 10 11 0.045497842 
849 109 8 10 0.04547065 
838 115 8 10 0.045252163 
308 196 10 12 0.045210578 
577 235 10 14 0.045133505 
110 124 8 11 0.045050368 
141 110 9 10 0.045021504 
324 54 8 10 0.044953458 
167 132 9 10 0.044953365 
246 190 9 11 0.04466688 
213 126 9 10 0.044355534 
946 14 8 10 0.044256415 
374 143 10 12 0.044251937 
454 78 8 10 0.044173595 
574 78 8 9 0.044129252 
938 92 8 11 0.043969214 
319 165 10 11 0.043843083 
781 164 9 11 0.04364573 
617 85 9 11 0.043521464 
446 111 8 11 0.04340219 
217 171 11 13 0.043273035 
111 158 11 12 0.04322385 
656 104 9 11 0.04310413 
583 40 7 9 0.04299299 
896 178 12 15 0.04287582 
965 465 12 14 0.042862616 
532 207 11 13 0.04285827 
287 134 8 10 0.042719457 
216 25 8 10 0.04269866 
734 100 9 11 0.04265209 
1006 387 12 16 0.042631287 
622 104 9 11 0.042586017 
717 184 12 15 0.04258559 
600 100 9 11 0.042566445 
243 346 12 15 0.042347286 
170 24 7 10 0.042163085 
392 159 10 12 0.042146277 
962 127 9 11 0.04204584 
386 191 10 13 0.041942436 
408 93 8 10 0.041843392 
806 196 12 15 0.04174878 
665 62 9 10 0.04172039 
229 80 8 10 0.04171026 
0 40 8 11 0.041506782 
952 112 8 10 0.04144164 
586 79 7 9 0.041404888 
263 124 9 11 0.04140402 
576 180 8 11 0.04130098 
480 79 8 10 0.04116911 
934 226 12 14 0.04108424 
623 80 10 10 0.04105548 
423 115 9 11 0.041015897 
799 310 13 16 0.040920824 
504 25 8 9 0.040717058 
342 88 9 11 0.040695783 
377 87 7 9 0.04038857 
624 71 8 10 0.04029765 
640 70 8 9 0.04016508 
164 260 12 14 0.040058576 
1015 112 8 10 0.040049322 
585 30 7 9 0.040038012 
367 142 10 11 0.039972197 
343 149 8 11 0.03993436 
334 150 9 11 0.039927486 
324 110 9 10 0.039814867 
946 365 13 16 0.039674606 
428 65 8 10 0.0395953 
399 103 9 10 0.039276678 
308 45 8 11 0.039274078 
3 433 14 19 0.03927085 
545 2 8 10 0.039195646 
383 87 8 9 0.03907507 
399 94 8 10 0.039064795 
906 102 8 11 0.0389445 
582 99 10 11 0.03877458 
337 55 8 9 0.038720433 
458 14 7 9 0.03847169 
632 98 11 12 0.038342997 
977 39 9 10 0.03831683 
229 132 10 11 0.038164165 
304 118 8 10 0.038152665 
397 197 10 13 0.038119562 
135 95 7 10 0.038029786 
769 119 9 12 0.037940748 
735 221 12 15 0.037725642 
713 87 9 12 0.037687432 
274 120 8 10 0.037547622 
648 70 8 10 0.037508212 
576 64 8 10 0.03738414 
163 276 11 15 0.037263185 
454 103 8 10 0.03721275 
198 132 9 10 0.037195876 
486 45 8 10 0.036882076 
529 22 8 10 0.036736157 
525 70 9 11 0.036709417 
338 48 7 9 0.036644813 
671 56 8 10 0.036246598 
1007 16 7 9 0.0361554 
647 64 8 9 0.036099467 
679 103 9 11 0.03605138 
406 79 7 10 0.03604591 
763 294 13 15 0.03599262 
166 230 11 14 0.035938546 
606 87 9 11 0.03589867 
374 329 11 15 0.035890512 
190 40 8 10 0.03585764 
1012 379 11 16 0.035774633 
363 348 11 14 0.035749994 
1008 215 13 15 0.035720687 
622 39 8 9 0.035716273 
397 13 8 10 0.035667423 
953 175 11 14 0.035483543 
538 117 8 11 0.035465922 
769 100 9 11 0.03543499 
672 77 8 10 0.035420813 
544 96 8 10 0.035404637 
408 135 9 11 0.03531258 
866 39 9 11 0.035237323 
688 133 10 12 0.035222672 
719 16 9 11 0.03517076 
602 24 8 10 0.03507556 
631 128 10 11 0.035068963 
751 150 10 12 0.03501162 
122 193 10 12 0.03497213 
633 16 8 10 0.034948643 
394 557 23 30 0.034901973 
432 102 7 9 0.034867246 
489 369 13 17 0.034561772 
640 36 8 11 0.03450006 
414 414 12 15 0.034462675 
346 401 14 18 0.03444386 
865 109 9 10 0.03441339 
131 214 12 16 0.034376267 
687 103 8 10 0.034081664 
647 48 8 10 0.033972505 
551 69 7 10 0.033791754 
812 438 15 17 0.033647552 
416 79 7 9 0.03364609 
310 277 13 16 0.033548396 
730 104 8 10 0.033478107 
573 283 13 16 0.033474978 
711 111 9 11 0.03339292 
148 91 9 11 0.033225887 
424 20 8 10 0.03320326 
562 30 7 10 0.03320248 
370 127 8 11 0.033146463 
400 72 8 10 0.033030167 
333 93 9 10 0.032998133 
504 47 7 9 0.032894406 
623 54 9 9 0.032883145 
481 45 8 9 0.03269362 
561 94 8 10 0.03266056 
486 103 8 10 0.032624476 
497 98 8 9 0.03261601 
462 93 8 10 0.032501414 
680 93 8 10 0.03250136 
745 156 10 12 0.03247207 
68 182 9 12 0.032315645 
904 158 10 12 0.032148223 
287 28 8 11 0.032067876 
374 79 8 9 0.032047953 
418 132 10 13 0.03204192 
715 206 13 15 0.031981036 
128 93 8 11 0.031807505 
126 88 7 9 0.031682044 
710 0 8 9 0.031603873 
383 134 9 12 0.03157708 
863 94 9 11 0.031508967 
994 331 12 16 0.031350803 
72 127 9 11 0.031344123 
599 86 9 10 0.031302407 
705 188 10 14 0.031213315 
664 0 10 8 0.03111495 
391 66 7 9 0.030975908 
268 323 13 17 0.030947074 
1008 36 9 10 0.030928707 
455 73 7 9 0.030879237 
271 57 8 10 0.03086555 
183 378 12 16 0.03082986 
504 127 8 9 0.030798601 
613 213 10 13 0.030757481 
30 358 14 18 0.030749006 
495 0 8 9 0.030708103 
206 143 8 11 0.030671477 
205 158 9 11 0.030521173 
76 244 12 14 0.030453892 
789 200 10 15 0.030413723 
328 136 9 10 0.030392755 
497 32 7 8 0.030391682 
479 93 8 10 0.030286921 
527 212 10 13 0.030270398 
356 204 13 14 0.030224446 
837 319 15 18 0.030152675 
756 174 10 13 0.03011202 
732 2 9 9 0.030090649 
784 100 9 11 0.030059032 
1013 158 9 14 0.030054945 
980 316 12 15 0.03005208 
610 69 9 11 0.029990336 
719 133 9 10 0.029979613 
340 277 13 15 0.0299774 
575 95 9 11 0.029959982 
406 1 8 8 0.029841146 
408 40 8 10 0.029783357 
257 119 8 10 0.02974145 
168 350 11 14 0.029731702 
492 127 9 10 0.029690197 
725 182 10 12 0.029687732 
687 36 9 10 0.02962923 
676 443 14 19 0.02962496 
601 14 7 9 0.029600453 
320 104 8 10 0.029474229 
38 255 14 15 0.029400015 
236 244 11 14 0.0293847 
246 40 9 10 0.029297432 
462 8 7 9 0.029252494 
606 29 8 10 0.029245175 
374 132 10 11 0.029205509 
950 306 12 16 0.029130513 
465 103 8 10 0.029082675 
664 93 10 11 0.029018877 
68 253 13 17 0.028933013 
382 227 13 15 0.02891568 
1012 345 11 16 0.028775869 
502 94 8 10 0.02869369 
984 122 10 12 0.028687285 
853 118 9 10 0.028660394 
343 93 8 10 0.028633622 
184 25 8 10 0.028622415 
1016 78 7 11 0.028616728 
308 229 11 14 0.028593492 
522 64 8 8 0.02859089 
789 102 9 11 0.028547099 
916 104 9 10 0.028540563 
303 71 8 10 0.028380651 
222 39 8 10 0.02837226 
511 44 9 10 0.02835694 
511 79 8 9 0.02827439 
61 255 14 16 0.028267192 
166 101 7 10 0.02824054 
646 5 9 12 0.028202724 
785 175 9 10 0.02816868 
182 5 9 10 0.028130734 
164 409 13 18 0.027916187 
174 117 8 10 0.027911337 
943 4 9 11 0.027867641 
559 72 7 9 0.027866516 
192 159 9 13 0.02775277 
79 94 9 11 0.027699912 
368 113 8 9 0.02769845 
47 94 8 11 0.027674675 
319 60 8 10 0.027667677 
474 0 8 9 0.027642759 
766 110 9 11 0.027639799 
630 207 11 14 0.027623968 
701 101 9 10 0.027545042 
247 45 9 10 0.02754096 
398 435 12 16 0.027533399 
815 204 10 13 0.027509151 
45 30 8 10 0.027483623 
1015 95 8 10 0.027443606 
375 60 9 10 0.027432607 
493 133 9 11 0.027415417 
296 135 8 11 0.027414506 
169 215 11 14 0.027369304 
497 39 8 9 0.027367804 
488 64 7 9 0.027237574 
70 245 12 14 0.0271086 
329 8 8 10 0.02705696 
309 191 10 12 0.027038265 
13 63 8 10 0.02690201 
289 182 10 13 0.026796589 
305 111 8 10 0.026679633 
168 241 12 15 0.026672045 
447 16 7 9 0.026630312 
229 318 11 14 0.026527237 
713 149 9 11 0.026445549 
705 0 8 8 0.026419325 
776 87 9 12 0.026391614 
659 341 14 16 0.02627765 
957 298 14 18 0.026253216 
175 306 11 15 0.026175752 
302 52 9 10 0.026172651 
656 135 10 12 0.026147407 
633 62 8 10 0.026082953 
365 51 8 11 0.026046772 
282 72 8 10 0.025929559 
482 72 7 10 0.02580846 
245 276 13 15 0.025804346 
87 55 9 10 0.025787145 
389 163 11 12 0.025774855 
17 70 8 10 0.025759714 
400 64 7 9 0.025757184 
729 71 8 10 0.025742605 
737 16 8 11 0.025740026 
163 283 12 16 0.02568402 
741 94 9 10 0.025660116 
238 330 13 18 0.025519183 
192 132 10 11 0.0254049 
296 170 11 13 0.025402952 
669 0 10 9 0.025398867 
672 103 9 10 0.02539225 
960 14 10 11 0.025359988 
375 156 10 12 0.025355762 
342 47 8 10 0.025338918 
465 119 9 11 0.02533748 
131 382 20 23 0.025331857 
565 467 15 18 0.025324339 
228 257 12 15 0.025273914 
328 340 12 18 0.02526394 
376 111 8 10 0.02508584 
669 61 9 10 0.025041267 
609 124 9 11 0.02503348 
21 164 10 12 0.024973776 
408 110 8 10 0.024913516 
296 124 9 11 0.024907544 
768 221 13 15 0.024822082 
616 95 9 10 0.024810921 
656 15 8 10 0.024790067 
767 167 10 11 0.024764383 
171 347 14 16 0.024761582 
3 61 8 11 0.024724891 
718 21 9 10 0.024713445 
321 96 8 9 0.024677793 
864 105 9 10 0.02467654 
855 148 12 12 0.024605224 
224 46 7 9 0.024564138 
976 91 9 11 0.024563646 
808 78 9 10 0.024560897 
441 103 8 10 0.024535919 
273 125 8 10 0.024527323 
995 364 14 17 0.02449175 
162 268 12 15 0.024474723 
253 135 9 11 0.02444414 
352 380 11 14 0.024440957 
274 224 11 12 0.024431156 
638 78 10 11 0.024405168 
385 65 8 9 0.024392841 
616 32 7 10 0.02437836 
767 246 11 13 0.024370622 
656 22 8 11 0.024332978 
295 54 8 10 0.024161445 
300 184 11 13 0.024106555 
90 80 9 11 0.02403246 
601 9 8 9 0.023983855 
630 190 9 12 0.023975242 
631 7 8 10 0.023974963 
17 120 8 11 0.023944385 
544 24 8 10 0.023919668 
215 328 13 16 0.023828123 
424 189 11 12 0.023812616 
567 48 9 9 0.02380414 
396 315 12 17 0.02376544 
133 28 8 10 0.023744045 
717 124 10 12 0.02374355 
677 270 13 15 0.023697695 
936 15 9 10 0.023695352 
369 65 8 9 0.023660352 
408 103 8 10 0.023572259 
766 0 9 9 0.023504226 
458 8 7 9 0.023494154 
622 195 11 13 0.023470199 
719 79 8 10 0.023427142 
516 109 9 11 0.023412345 
511 413 14 16 0.023376983 
182 217 12 16 0.023317521 
298 98 8 10 0.02330374 
542 109 9 12 0.023273842 
332 410 12 16 0.023089243 
964 11 10 12 0.023080854 
763 154 11 14 0.02305871 
662 102 8 10 0.023022447 
366 207 10 13 0.023010196 
199 62 8 10 0.022997204 
754 93 10 12 0.022970378 
773 280 13 16 0.022959303 
6 165 9 10 0.022935197 
936 109 8 11 0.022879468 
614 133 8 10 0.022861222 
182 306 12 15 0.022842806 
54 77 8 10 0.02283367 
23 317 13 17 0.022819376 
254 267 12 16 0.022816308 
696 112 9 11 0.022789963 
225 131 10 11 0.022734828 
170 65 8 10 0.022647034 
238 280 12 15 0.022640625 
418 386 15 18 0.022619015 
877 14 8 10 0.022589374 
664 78 9 11 0.022546928 
373 347 11 13 0.022544328 
334 371 11 15 0.022492316 
385 111 9 11 0.022457631 
311 103 8 10 0.022425152 
478 194 10 14 0.02239096 
652 399 16 22 0.022388998 
293 416 13 17 0.022363618 
78 79 8 10 0.022358038 
361 86 8 9 0.022291677 
400 111 9 10 0.02227234 
550 298 13 17 0.022239031 
613 126 9 11 0.022229882 
478 29 7 10 0.022213995 
225 97 9 10 0.02219234 
-1 413 8 14 0.022186732 
504 140 9 11 0.022069968 
304 218 12 16 0.022066355 
358 243 11 14 0.022008639 
615 112 10 11 0.022008313 
329 13 7 9 0.021951325 
481 118 8 10 0.021918261 
231 148 10 12 0.021884749 
1016 85 8 11 0.021879438 
854 126 9 10 0.02185867 
413 333 13 16 0.021855615 
528 31 7 10 0.021836296 
478 8 8 10 0.021832343 
561 24 8 10 0.021819731 
288 14 8 10 0.021810621 
375 340 12 15 0.021761632 
28 309 12 15 0.02170496 
939 171 13 15 0.021667307 
876 239 14 18 0.021660626 
360 127 8 10 0.021660343 
367 135 9 10 0.021430442 
380 333 11 16 0.02142736 
239 340 13 17 0.021423247 
215 142 9 11 0.021401979 
88 315 11 16 0.021397375 
233 47 7 10 0.021348435 
328 104 7 9 0.02129049 
528 38 8 9 0.021274222 
928 157 10 12 0.021262687 
97 143 9 11 0.021248471 
636 133 10 12 0.021143738 
272 141 10 11 0.021138847 
249 14 8 11 0.021114565 
473 30 7 9 0.021104299 
468 38 8 11 0.021091595 
351 128 8 10 0.021079887 
153 520 15 21 0.021053985 
652 85 9 11 0.021016128 
658 48 8 10 0.020941215 
541 330 13 16 0.02093357 
304 233 10 14 0.02089476 
270 81 8 10 0.020866605 
735 78 10 11 0.02080645 
585 72 8 10 0.020779721 
626 133 9 11 0.020752681 
534 63 7 9 0.020742852 
49 156 10 12 0.020727849 
1007 342 12 15 0.020706384 
1015 117 8 11 0.020680223 
239 46 9 10 0.020677289 
606 38 8 9 0.020673968 
1 180 9 15 0.020669015 
1014 126 9 11 0.020617865 
530 88 7 10 0.020588104 
559 78 7 9 0.020552592 
559 110 8 10 0.020549197 
62 14 7 9 0.020503905 
789 89 10 12 0.02049426 
162 102 8 10 0.020482514 
521 32 7 9 0.02045438 
602 55 8 10 0.020430405 
761 306 14 17 0.02040315 
808 94 9 11 0.02039608 
287 128 9 10 0.020386064 
96 161 9 11 0.020364814 
15 94 9 11 0.020342037 
591 40 9 10 0.0202914 
106 110 8 10 0.020249855 
1001 15 7 9 0.020233298 
656 71 8 10 0.02023177 
289 55 8 10 0.020188795 
466 125 9 10 0.020127587 
192 57 8 10 0.020118477 
903 82 10 12 0.020114206 
961 2 9 10 0.02008586 
342 144 9 10 0.0200787 
605 99 9 11 0.020063013 
823 102 9 11 0.020034218 
998 220 13 16 0.020033529 
241 87 8 10 0.020018272 
