2_Demonstration_Demonstration_Or_Protest_2_512
121
403 238 25 32 0.9966786 
147 292 46 51 0.9963954 
966 373 50 88 0.9949823 
948 308 43 51 0.9848498 
225 288 31 40 0.97130233 
97 293 29 33 0.9447037 
932 278 28 34 0.94221216 
917 197 12 13 0.93695545 
991 206 11 14 0.92670524 
673 278 22 46 0.6128839 
104 347 50 63 0.58989316 
589 285 20 34 0.58161825 
655 245 21 26 0.50307214 
716 304 26 52 0.47558415 
834 201 21 27 0.45003507 
988 272 16 18 0.37037253 
294 205 16 19 0.35655198 
518 185 32 38 0.33682433 
713 218 11 14 0.30121428 
951 199 12 15 0.2903301 
594 236 14 19 0.27460656 
1013 275 10 16 0.22863932 
630 258 23 29 0.22156078 
868 298 26 36 0.19114003 
921 260 18 20 0.19025697 
537 240 15 20 0.18081069 
916 254 16 17 0.17786483 
810 215 8 10 0.14540753 
966 270 12 15 0.13615781 
817 328 37 42 0.13210021 
5 211 16 20 0.12864956 
471 229 12 15 0.12418099 
81 241 28 35 0.12189127 
841 273 17 22 0.11796084 
971 273 14 16 0.11682371 
873 335 34 42 0.116260454 
633 306 24 40 0.11509148 
348 241 16 18 0.112969436 
925 262 24 30 0.10835134 
949 215 10 12 0.10540064 
452 197 10 13 0.10414426 
957 192 11 13 0.10173901 
901 268 15 19 0.09912794 
140 252 32 40 0.09189391 
739 233 13 15 0.090877905 
800 332 44 51 0.082354 
205 230 28 38 0.081995495 
733 255 17 20 0.08179425 
970 221 12 14 0.0740131 
51 208 11 12 0.07291101 
856 222 14 17 0.0665754 
980 273 17 18 0.06593451 
268 241 21 26 0.058920465 
271 236 16 17 0.05793173 
174 215 27 32 0.055899985 
838 213 15 19 0.054146394 
1014 210 9 13 0.052597847 
352 243 21 25 0.051579066 
622 221 11 13 0.05157904 
930 261 16 18 0.05086641 
343 234 14 19 0.049492788 
737 202 10 13 0.048632078 
957 277 13 18 0.047750138 
779 234 13 14 0.047530796 
716 247 14 16 0.047197107 
806 221 8 11 0.04595622 
910 260 15 18 0.04465945 
963 195 11 14 0.043546803 
720 249 21 26 0.04298055 
751 211 10 12 0.040722966 
852 261 21 26 0.040648304 
142 262 43 59 0.038777556 
314 204 14 16 0.038216796 
496 638 118 98 0.03787706 
397 183 9 13 0.0376939 
865 284 26 37 0.03718992 
465 196 11 14 0.03665888 
849 273 17 21 0.036049694 
961 267 12 16 0.035502702 
233 202 28 31 0.035391413 
349 198 12 14 0.034976333 
976 207 10 12 0.032721996 
642 253 26 33 0.03265204 
446 215 11 13 0.03097812 
341 227 14 19 0.030617537 
802 223 8 11 0.030471638 
968 247 11 13 0.030060409 
763 266 15 18 0.029985812 
967 191 9 12 0.029382907 
196 224 24 36 0.029197713 
637 246 13 15 0.028753875 
719 198 8 10 0.028499395 
973 214 12 15 0.028075472 
544 227 14 16 0.02794546 
879 348 33 44 0.027161533 
382 204 10 11 0.026638446 
710 244 23 27 0.026043117 
736 224 10 12 0.0259124 
174 217 16 20 0.025545241 
1007 260 13 15 0.025545193 
210 236 16 21 0.025298111 
301 201 23 26 0.024932832 
756 211 10 12 0.024928434 
365 207 10 12 0.02476982 
984 205 11 13 0.024541836 
469 229 20 24 0.024070237 
525 236 24 30 0.023240235 
21 188 14 18 0.023006685 
1009 210 9 12 0.022563852 
844 241 12 17 0.022094334 
195 227 15 22 0.021684125 
148 186 23 28 0.021632148 
645 228 10 13 0.02129794 
993 210 13 15 0.021110289 
215 220 36 45 0.021058615 
866 325 29 39 0.020957066 
3 228 19 31 0.020860301 
824 222 10 14 0.020724228 
459 212 11 14 0.020495556 
834 321 41 50 0.02015305 
91 322 50 66 0.02004927 
