2_Demonstration_Demonstration_Or_Protest_2_162
27
443 143 47 55 0.9991972 
690 99 143 205 0.99766326 
525 181 30 40 0.9973369 
606 153 33 42 0.9958183 
238 108 144 207 0.9958162 
1 220 29 33 0.99456835 
94 222 25 32 0.9778596 
483 198 23 29 0.85919505 
554 183 20 30 0.8447687 
152 215 23 25 0.6891824 
961 193 18 21 0.20580252 
151 225 23 27 0.12368068 
185 265 27 33 0.11520757 
69 243 16 20 0.09965511 
919 198 11 17 0.07533697 
958 173 12 15 0.046942465 
999 153 12 15 0.046643738 
931 197 15 22 0.040265024 
866 147 12 16 0.038703308 
982 167 10 12 0.032274142 
472 0 19 15 0.031901527 
975 151 11 13 0.030992739 
922 198 15 24 0.030229177 
881 159 15 19 0.02872922 
226 214 15 18 0.024497213 
972 228 11 12 0.021453558 
927 130 13 17 0.021088356 
