2_Demonstration_Political_Rally_2_545
29
714 138 47 60 0.99955744 
192 86 54 64 0.9995208 
452 104 59 75 0.9994623 
675 186 50 62 0.9994547 
329 78 65 76 0.99941957 
108 73 74 95 0.996376 
291 138 29 34 0.9953642 
917 152 66 94 0.99329424 
536 157 39 47 0.9927771 
931 84 58 64 0.9924408 
590 144 28 35 0.9913476 
659 147 37 43 0.9578968 
777 141 44 60 0.8199723 
569 165 22 31 0.81837404 
498 144 37 54 0.6585027 
757 145 27 43 0.6289061 
827 127 36 48 0.2729091 
519 151 34 48 0.17720668 
874 211 56 76 0.116813295 
323 124 25 35 0.11044236 
805 127 49 65 0.06458213 
268 155 18 20 0.05918269 
764 151 33 50 0.044924032 
2 83 48 81 0.041872423 
579 157 26 32 0.032949056 
638 152 26 30 0.032077745 
889 151 64 84 0.030599074 
0 118 52 95 0.021974834 
911 108 81 97 0.021485522 
