2_Demonstration_Demonstration_Or_Protest_2_914
70
257 31 40 51 0.9939983 
51 336 15 19 0.9909135 
901 108 15 17 0.984527 
833 352 16 20 0.9692508 
606 302 13 17 0.96611595 
78 71 21 27 0.9591183 
778 357 15 18 0.93365926 
185 342 11 14 0.928546 
103 363 11 14 0.92457926 
911 348 16 23 0.9184311 
637 314 11 14 0.9126034 
376 319 13 16 0.8823141 
166 53 19 34 0.85550267 
164 333 12 17 0.8045127 
250 342 9 11 0.7931356 
313 340 10 13 0.77913266 
514 328 10 13 0.76714194 
388 303 10 13 0.73508066 
720 364 11 14 0.7064055 
854 122 14 19 0.68413484 
548 336 9 10 0.62308913 
135 92 14 19 0.4615139 
126 76 9 12 0.33776525 
508 314 9 11 0.31688792 
292 333 11 14 0.310205 
293 314 10 14 0.25267646 
236 340 10 12 0.22648315 
377 135 7 10 0.20750107 
465 312 8 10 0.1632458 
411 102 12 16 0.15620537 
545 318 9 10 0.14637443 
481 340 9 10 0.14168444 
321 323 10 13 0.12117871 
230 99 9 13 0.11892271 
576 315 10 11 0.10809915 
124 333 9 14 0.09203491 
237 65 23 30 0.09038496 
525 294 7 11 0.071181156 
120 86 10 13 0.07080352 
448 319 10 13 0.06697926 
167 326 11 15 0.05385891 
300 317 10 14 0.0528514 
87 55 12 15 0.049008943 
309 307 11 13 0.045445275 
422 111 13 15 0.04157069 
210 342 9 13 0.036765363 
528 309 8 11 0.036453463 
488 317 9 12 0.034502488 
162 101 17 24 0.034456052 
120 337 10 14 0.03205046 
171 333 11 16 0.031443566 
505 128 8 10 0.030627014 
316 344 11 14 0.03045616 
450 323 11 15 0.028500631 
124 82 12 16 0.027297776 
140 350 14 17 0.026248487 
303 308 12 14 0.025812002 
315 333 12 15 0.024897018 
105 84 13 16 0.024072858 
578 310 11 13 0.023963243 
127 90 12 17 0.023756031 
816 366 11 15 0.022816326 
375 129 9 11 0.022770464 
238 103 10 14 0.02236243 
807 112 11 12 0.022094438 
827 166 12 18 0.021740561 
489 312 8 12 0.021730887 
288 357 9 12 0.02169837 
140 88 13 16 0.02148567 
526 301 9 13 0.02086635 
