2_Demonstration_Demonstration_Or_Protest_2_200
105
809 492 54 55 0.99774504 
788 382 46 55 0.99698985 
179 224 32 38 0.99674404 
86 131 30 40 0.9960135 
73 266 37 49 0.99580127 
278 219 34 44 0.9954171 
14 362 43 53 0.99494946 
311 362 44 62 0.9904839 
390 223 22 34 0.9892595 
851 323 41 52 0.9882748 
883 164 27 35 0.98809505 
308 97 16 19 0.98558193 
840 130 27 32 0.98482776 
936 299 45 60 0.98270273 
222 190 30 40 0.98087376 
672 381 48 68 0.97279817 
950 174 34 38 0.9727305 
463 12 11 15 0.9640465 
353 150 24 32 0.9616441 
275 66 14 19 0.9538768 
399 48 14 20 0.9432526 
287 171 24 29 0.9333049 
358 26 12 15 0.9249812 
22 71 15 20 0.8930449 
902 0 16 18 0.87942094 
542 168 21 29 0.87525475 
894 296 35 46 0.84531903 
678 34 22 26 0.84087604 
388 151 25 35 0.8143364 
400 474 53 52 0.75235665 
397 160 24 35 0.6275224 
0 91 17 22 0.6082246 
91 30 14 19 0.6023304 
906 117 18 23 0.59232366 
501 6 12 17 0.5759284 
528 85 10 15 0.4987963 
364 114 17 20 0.48624283 
354 115 18 22 0.37756145 
500 159 23 29 0.3732387 
927 79 17 22 0.34620962 
118 264 20 31 0.30236652 
760 70 9 11 0.27357864 
871 10 24 27 0.23114976 
286 81 16 20 0.20794982 
18 127 16 21 0.20678629 
1005 78 19 38 0.19343664 
62 74 13 16 0.1860136 
399 144 24 31 0.1779388 
434 22 13 16 0.17522682 
812 0 13 11 0.16716553 
487 40 12 15 0.15832122 
2 328 17 23 0.15755643 
406 140 17 20 0.14313641 
342 201 27 36 0.123322316 
790 92 16 18 0.09767552 
352 124 19 21 0.08172597 
912 115 22 29 0.073900625 
85 89 9 10 0.07300082 
525 115 10 15 0.06843299 
915 292 44 56 0.066973254 
262 207 21 29 0.06373801 
62 54 13 17 0.06359051 
922 394 38 45 0.05534153 
315 174 17 22 0.054317795 
549 191 15 21 0.05259792 
356 1 10 10 0.04858701 
304 169 21 28 0.046907477 
902 151 22 29 0.046276323 
758 74 11 15 0.045636944 
165 184 21 26 0.04553539 
799 15 15 18 0.045151714 
235 139 18 25 0.044568185 
766 0 12 10 0.044086743 
924 71 15 18 0.042026524 
867 310 37 53 0.040438663 
79 91 11 13 0.039519016 
197 179 22 28 0.03836763 
473 31 10 14 0.035753075 
80 77 8 10 0.035336632 
956 476 30 41 0.034808528 
506 9 12 16 0.033509832 
477 30 11 13 0.033123877 
586 53 11 14 0.031285126 
785 77 10 15 0.030193245 
650 35 13 18 0.029399702 
563 1 14 11 0.028879877 
213 188 26 34 0.026289657 
575 14 14 17 0.026201494 
318 58 13 17 0.026000263 
758 82 11 15 0.025415652 
522 183 16 19 0.02518405 
302 359 37 44 0.024564488 
768 339 30 39 0.024510521 
848 191 23 30 0.02444426 
511 115 20 30 0.024349326 
795 85 13 16 0.024193905 
496 94 37 53 0.023297988 
479 88 17 19 0.022865003 
671 35 14 20 0.022795087 
661 306 40 53 0.021818368 
358 138 16 21 0.020896096 
512 162 16 19 0.020713761 
883 189 17 20 0.020705082 
518 107 19 30 0.020178981 
318 77 13 16 0.020144688 
