2_Demonstration_Demonstration_Or_Protest_2_368
83
735 218 30 36 0.99632406 
609 239 23 27 0.9900045 
881 240 21 34 0.9821998 
642 230 19 25 0.98130935 
299 233 15 21 0.9785468 
374 223 17 22 0.9620172 
427 229 12 15 0.9451814 
3 215 17 20 0.933437 
35 249 13 18 0.9328083 
956 278 14 18 0.84286535 
505 248 18 21 0.82398796 
518 221 17 20 0.77800095 
174 241 16 19 0.7720533 
561 242 16 18 0.77004737 
723 239 15 20 0.7633065 
977 259 16 23 0.7532561 
459 237 13 17 0.75165176 
71 234 12 15 0.6389628 
149 220 13 15 0.5726535 
572 220 19 22 0.56648374 
205 245 16 18 0.55748725 
828 242 11 14 0.5296862 
828 205 10 12 0.4548044 
127 208 9 12 0.4179225 
949 264 10 13 0.38100463 
53 211 10 12 0.37704527 
456 229 12 15 0.23800233 
868 252 13 18 0.21830456 
774 246 16 19 0.20534712 
158 234 15 19 0.17571293 
975 255 12 19 0.14039446 
862 259 12 14 0.12494435 
85 215 10 13 0.12237183 
50 208 10 12 0.11569773 
94 229 13 17 0.10232819 
251 250 13 15 0.098987535 
223 234 14 16 0.07935395 
150 235 12 17 0.072363935 
667 262 16 17 0.07212206 
213 227 12 14 0.06408399 
549 237 13 15 0.06346386 
74 230 12 15 0.062691964 
154 225 15 21 0.061508127 
543 235 13 15 0.053746823 
542 231 10 13 0.051525064 
1012 258 10 14 0.050802447 
858 262 9 13 0.050071236 
245 229 13 16 0.046360336 
860 267 12 15 0.044872094 
251 219 13 15 0.041738886 
187 226 15 18 0.03990758 
854 234 13 16 0.038549397 
864 277 12 15 0.036905598 
946 267 11 15 0.035538334 
903 212 11 13 0.03424876 
358 208 13 18 0.033385076 
166 238 18 21 0.032878038 
547 250 15 18 0.03277243 
867 282 12 15 0.03170082 
404 208 11 16 0.031560827 
204 251 18 24 0.030713055 
439 222 11 15 0.030051036 
211 237 16 17 0.029242523 
251 234 12 15 0.028228454 
437 245 10 15 0.028187787 
552 228 11 15 0.027318992 
464 237 15 17 0.026377743 
269 250 17 17 0.026102556 
62 213 10 12 0.025812007 
60 221 11 13 0.024925392 
5 266 15 25 0.02480966 
699 257 16 20 0.02380077 
68 197 10 12 0.023789195 
185 4 33 40 0.022994688 
723 227 16 23 0.022749709 
475 243 14 17 0.022268467 
570 230 18 21 0.02219946 
835 243 12 15 0.021708554 
108 225 15 18 0.021469183 
88 228 12 15 0.021089852 
162 229 16 19 0.02105841 
102 200 10 13 0.021010805 
416 222 9 14 0.020450491 
