2_Demonstration_Demonstration_Or_Protest_2_441
33
570 174 34 47 0.9980635 
855 172 35 43 0.9979122 
329 208 37 44 0.9978138 
288 187 31 40 0.9975879 
233 156 39 46 0.9972257 
402 164 37 46 0.99713767 
0 189 32 41 0.9964594 
933 154 35 46 0.99621767 
789 160 42 51 0.9947995 
611 174 39 49 0.99470407 
107 185 42 51 0.9939912 
721 164 26 37 0.9914215 
499 161 38 55 0.9877225 
492 591 55 38 0.9794026 
852 357 29 32 0.95935076 
139 161 30 42 0.7411784 
312 172 26 33 0.6481278 
902 610 46 33 0.6093649 
124 175 35 43 0.113184564 
677 165 24 33 0.111721046 
297 174 31 39 0.061927095 
743 46 26 29 0.051857352 
700 117 17 18 0.050028663 
744 119 28 39 0.033428498 
451 173 28 37 0.03304431 
474 610 49 34 0.03177824 
570 98 18 27 0.026625937 
145 124 27 36 0.02511734 
440 337 17 19 0.024571216 
634 311 7 11 0.02352132 
505 104 18 20 0.023371117 
151 166 27 41 0.021338874 
991 77 17 22 0.020049136 
