2_Demonstration_Demonstration_Or_Protest_2_586
118
471 146 26 34 0.9968184 
836 200 30 38 0.9962136 
690 145 29 38 0.9960742 
138 144 24 33 0.9957039 
383 185 26 37 0.9907741 
523 120 15 19 0.98827446 
637 167 24 33 0.9882395 
174 125 17 20 0.98133755 
760 118 17 22 0.9753313 
788 113 13 16 0.9561947 
576 154 21 28 0.95233613 
132 119 13 15 0.93329537 
26 131 16 17 0.92196244 
437 123 15 20 0.9154737 
994 144 20 29 0.90489954 
960 102 16 24 0.87742615 
599 115 12 17 0.87585086 
245 117 21 27 0.856074 
386 134 14 21 0.85177696 
27 103 13 16 0.8468905 
344 92 12 14 0.8308144 
570 122 14 17 0.82574564 
407 105 15 17 0.7927886 
169 102 8 11 0.7780489 
285 158 17 25 0.7281287 
109 130 13 16 0.7277284 
451 116 17 22 0.6938738 
70 137 15 19 0.68919516 
801 222 19 33 0.62534684 
128 101 10 13 0.5755094 
69 91 9 12 0.5000277 
537 90 11 14 0.46461296 
433 98 9 12 0.4446538 
0 96 9 12 0.33301234 
358 87 12 13 0.3277283 
96 89 8 11 0.32327652 
89 109 11 15 0.28437787 
281 121 14 17 0.26815513 
400 95 8 12 0.23491389 
117 149 17 22 0.23372804 
197 123 11 15 0.21185838 
184 103 9 12 0.21172793 
12 88 10 12 0.205552 
1 115 11 14 0.19755441 
668 131 11 16 0.17754345 
624 140 9 10 0.1501805 
15 65 9 10 0.14232478 
263 231 16 19 0.13518067 
185 107 10 12 0.13005444 
760 99 11 12 0.12728237 
55 94 10 12 0.12637375 
381 103 10 12 0.11503882 
722 127 10 12 0.114019945 
315 171 15 20 0.11235034 
65 109 11 13 0.108632594 
716 154 14 22 0.10650704 
1 71 7 11 0.08293543 
149 103 9 12 0.07697384 
2 132 14 16 0.06933327 
522 108 15 20 0.06809108 
432 82 10 14 0.06779582 
134 95 10 12 0.067742005 
404 92 10 13 0.065656275 
54 87 9 10 0.05891108 
397 161 14 18 0.052686173 
144 95 8 10 0.050934575 
53 110 10 12 0.050722837 
762 95 11 12 0.048301335 
564 160 27 28 0.04622929 
48 111 11 12 0.046107 
159 222 10 11 0.04469227 
0 122 13 16 0.04397138 
724 131 10 16 0.04394637 
100 91 10 12 0.043554373 
871 73 11 15 0.04349887 
103 127 13 15 0.042881466 
104 109 10 13 0.042765416 
443 93 14 16 0.042474713 
303 93 11 13 0.04194436 
9 3 11 13 0.041283254 
7 93 9 12 0.041086633 
330 109 17 20 0.040676516 
435 84 14 19 0.039998565 
145 102 9 11 0.039622016 
686 121 16 21 0.038031984 
133 86 9 10 0.035460863 
66 113 14 16 0.03454753 
66 63 13 14 0.034289148 
191 124 12 15 0.03417429 
90 93 8 10 0.033814337 
691 114 13 18 0.032132056 
303 107 13 16 0.031433366 
31 92 10 12 0.03141955 
595 139 11 15 0.031056633 
672 125 18 25 0.031026924 
61 103 11 12 0.030522736 
432 90 18 22 0.03035743 
335 239 21 26 0.029831646 
593 116 11 15 0.029805122 
454 92 13 15 0.028673425 
4 100 10 13 0.02766501 
284 108 14 18 0.025732318 
579 124 13 16 0.025483072 
559 114 12 14 0.024929147 
55 99 12 13 0.024506748 
477 230 13 16 0.024364635 
150 95 7 10 0.023896346 
517 100 17 21 0.023121057 
134 62 12 14 0.0230294 
212 111 14 17 0.022900466 
414 94 10 13 0.022796512 
116 139 15 20 0.022738207 
184 96 9 11 0.022599347 
332 104 13 15 0.022495655 
69 126 14 19 0.022434145 
941 108 13 16 0.022392796 
452 98 14 18 0.022199955 
407 89 9 11 0.020770585 
