2_Demonstration_Protesters_2_56
33
391 399 68 89 0.9993623 
882 278 64 84 0.99925274 
816 197 56 75 0.99898 
625 333 66 77 0.9989549 
490 468 75 84 0.9987791 
239 393 53 63 0.99733293 
744 433 77 91 0.99724114 
284 542 62 73 0.9895662 
683 235 18 24 0.98460674 
73 403 46 58 0.8469669 
461 313 45 68 0.83580744 
711 250 39 49 0.59042495 
657 232 17 20 0.51390123 
695 220 16 17 0.19430503 
599 249 26 37 0.18457869 
849 158 26 29 0.12216184 
523 271 47 48 0.11672333 
905 168 35 52 0.11629418 
611 249 15 22 0.113816544 
660 221 15 18 0.1038696 
975 222 36 55 0.08493547 
887 184 24 36 0.08339873 
987 282 29 51 0.07686279 
623 209 14 17 0.06864031 
203 534 38 50 0.058366645 
104 410 33 51 0.054942373 
296 102 12 14 0.052005865 
356 379 35 43 0.04306055 
168 521 35 39 0.028857546 
558 249 56 61 0.028475448 
708 246 27 35 0.027360432 
667 213 14 17 0.024153795 
584 252 35 45 0.022676194 
