2_Demonstration_Protesters_2_646
30
346 250 105 144 0.9985239 
652 216 77 96 0.996707 
227 190 51 68 0.9942472 
472 209 76 105 0.9921234 
451 164 52 71 0.99026966 
592 178 23 29 0.98935974 
334 182 22 32 0.98919135 
980 220 38 55 0.9679262 
390 179 17 22 0.92257446 
117 168 37 45 0.76473975 
556 205 50 66 0.7646401 
277 171 20 25 0.5556736 
742 194 22 28 0.5329942 
91 198 24 31 0.39304855 
6 195 28 35 0.31396353 
190 186 17 20 0.24270944 
373 181 14 19 0.18639801 
90 176 26 34 0.17425402 
462 183 58 80 0.13297804 
416 179 14 19 0.10034612 
46 87 28 40 0.08918596 
291 173 14 19 0.082935706 
26 97 26 35 0.058527943 
380 180 18 25 0.055570833 
514 198 75 100 0.035095774 
3 234 43 70 0.028681228 
35 91 27 36 0.027117481 
411 171 16 20 0.026737994 
102 168 28 38 0.025100088 
401 109 8 10 0.024345962 
