2_Demonstration_Protesters_2_156
36
251 314 42 56 0.99875677 
432 317 46 70 0.99816483 
614 341 45 53 0.9981329 
56 289 35 43 0.9973679 
137 323 37 46 0.99657416 
738 439 53 57 0.99407685 
0 317 19 31 0.8626038 
988 -6 35 58 0.81035966 
778 129 16 21 0.5269068 
559 138 12 14 0.36808833 
101 161 14 18 0.27696085 
679 124 9 11 0.12059212 
87 430 33 24 0.08102086 
703 146 12 15 0.075497285 
663 154 12 15 0.06083629 
719 131 12 16 0.060730718 
658 270 26 31 0.057125486 
561 116 22 27 0.056445666 
687 142 9 12 0.05536677 
673 140 9 11 0.05483318 
552 141 12 14 0.05296352 
629 110 21 26 0.05119938 
671 162 12 16 0.04519112 
559 128 19 24 0.03684916 
657 207 18 21 0.035288516 
686 116 9 13 0.031452958 
558 123 15 18 0.028034274 
678 141 11 13 0.02766178 
722 125 16 21 0.027651345 
655 262 39 52 0.02574911 
711 132 10 13 0.025684293 
667 157 13 17 0.024248306 
55 130 30 33 0.022280855 
623 113 15 20 0.020794068 
554 105 26 31 0.020395111 
240 166 11 13 0.020157192 
