2_Demonstration_Political_Rally_2_18
101
26 311 17 23 0.99062425 
42 448 17 24 0.9883846 
66 338 18 21 0.98435336 
166 332 21 25 0.9840947 
442 457 21 29 0.9836321 
452 295 15 20 0.98115313 
314 261 18 24 0.97928065 
24 257 16 22 0.97787195 
364 428 16 22 0.9777835 
222 273 21 27 0.97702754 
170 449 21 28 0.9768208 
87 264 20 23 0.97548395 
242 422 20 25 0.97530204 
170 258 18 24 0.97488767 
271 395 20 26 0.9721729 
134 295 18 23 0.9721214 
863 447 20 25 0.9712163 
480 402 18 21 0.97102225 
316 436 20 26 0.9701315 
147 385 20 23 0.9699775 
485 360 18 22 0.9697281 
914 434 18 22 0.9687449 
529 395 18 23 0.964881 
354 344 18 23 0.962027 
458 486 21 27 0.9560267 
157 408 18 23 0.955858 
623 454 19 24 0.95551753 
380 436 19 24 0.95546794 
11 352 20 26 0.9544604 
40 240 18 21 0.95428586 
22 459 21 26 0.9532046 
501 448 19 23 0.9526293 
81 288 19 23 0.9517733 
103 238 17 22 0.9459755 
299 331 18 26 0.94195884 
333 201 14 18 0.9391165 
41 425 19 19 0.9373262 
225 252 19 20 0.9302183 
186 305 17 21 0.9241138 
74 320 17 20 0.9177874 
234 384 17 23 0.91689026 
264 205 17 23 0.9149283 
238 310 20 24 0.9143416 
766 418 20 24 0.9121433 
187 228 16 19 0.91018724 
96 447 21 24 0.9023286 
423 427 18 21 0.9020604 
152 300 21 25 0.8927833 
435 413 17 22 0.85143167 
229 363 17 22 0.8105759 
366 302 17 22 0.7988759 
57 260 12 15 0.7479913 
127 431 16 20 0.7333817 
428 362 12 19 0.7230687 
679 433 22 26 0.71973616 
544 433 18 21 0.6779345 
370 430 18 25 0.6344335 
369 345 15 20 0.6219191 
33 453 20 26 0.5620339 
301 318 16 20 0.49954167 
105 288 12 18 0.4361165 
162 221 16 21 0.39748645 
0 258 10 17 0.3878273 
0 464 10 20 0.33224922 
188 217 17 22 0.31505042 
0 209 11 20 0.3047082 
893 553 16 22 0.2513552 
412 276 11 15 0.22468218 
279 266 16 19 0.2202895 
301 434 15 20 0.19091909 
299 441 16 23 0.19046469 
18 425 17 22 0.17645 
249 347 15 18 0.1755066 
436 365 12 18 0.15528958 
97 309 12 17 0.15109026 
26 299 15 21 0.15050346 
385 394 16 20 0.13865729 
341 273 12 15 0.124743715 
186 282 14 16 0.1162522 
440 315 16 17 0.1066546 
338 386 16 23 0.09002453 
398 585 14 21 0.0777755 
374 278 11 15 0.06869757 
397 389 14 18 0.065502495 
429 420 20 23 0.05210667 
131 422 16 21 0.041519996 
272 455 17 22 0.03517965 
125 248 11 16 0.032026038 
645 605 35 50 0.029260866 
361 583 23 29 0.029112812 
883 558 24 34 0.027973412 
350 255 13 17 0.027787784 
400 474 16 20 0.027084075 
308 434 17 22 0.026792917 
150 318 16 23 0.02615286 
355 456 16 20 0.02598277 
510 492 15 20 0.025104774 
371 375 13 17 0.024864944 
442 366 13 17 0.023573669 
443 299 19 24 0.023150181 
461 477 17 21 0.02062393 
