2_Demonstration_Protesters_2_618
26
516 168 53 66 0.99981064 
459 258 61 74 0.9997595 
366 165 51 68 0.9996934 
251 237 54 64 0.9994935 
598 12 48 58 0.99936885 
444 189 50 57 0.99935323 
849 255 52 83 0.9992495 
322 86 46 62 0.99913114 
963 47 43 54 0.99910706 
705 44 42 55 0.99858946 
936 161 49 57 0.998574 
243 48 41 54 0.99837226 
605 143 55 75 0.99829954 
822 239 49 57 0.99826366 
147 73 44 53 0.99812037 
482 17 40 53 0.99790096 
0 18 37 49 0.9963419 
809 0 42 44 0.99280214 
0 162 32 67 0.948086 
838 6 31 44 0.94590884 
377 0 29 22 0.6085815 
451 1 30 22 0.50085086 
210 294 30 55 0.24070711 
872 0 33 21 0.21376556 
224 212 29 36 0.067975104 
859 2 30 33 0.021704642 
