2_Demonstration_Demonstrators_2_712
20
888 424 38 48 0.9945661 
767 477 41 53 0.9930727 
650 533 42 56 0.99184704 
702 535 27 31 0.9845003 
994 373 29 45 0.8427115 
115 571 24 29 0.82796633 
900 64 24 26 0.6136494 
828 507 32 53 0.51496613 
683 532 23 33 0.43661183 
955 442 29 44 0.3284855 
755 546 26 46 0.093321115 
854 84 13 15 0.06678667 
174 629 26 31 0.045579232 
673 528 38 53 0.03645755 
740 28 41 46 0.035944257 
781 586 31 43 0.032034837 
761 403 40 48 0.029474702 
872 68 11 14 0.025786877 
1002 358 21 39 0.020857112 
685 525 16 19 0.020628091 
