2_Demonstration_Political_Rally_2_137
39
11 370 84 123 0.9992142 
907 275 27 37 0.99874336 
297 294 63 94 0.9986903 
233 295 70 100 0.9975387 
758 271 33 44 0.99712867 
396 278 27 34 0.99678135 
842 269 28 31 0.9921044 
653 274 34 50 0.9919809 
788 279 26 37 0.9918956 
421 314 48 68 0.9883543 
199 281 35 42 0.9826163 
933 266 22 33 0.98112845 
0 304 23 50 0.9667577 
373 276 23 29 0.9467896 
367 329 48 62 0.9463257 
716 279 14 18 0.94420147 
563 321 27 46 0.85802156 
460 273 22 31 0.75195026 
488 324 33 54 0.46217793 
737 271 16 21 0.4214889 
1008 282 13 17 0.359852 
472 279 23 30 0.29892272 
702 300 15 21 0.2650653 
613 316 23 43 0.16283226 
770 279 32 39 0.10996149 
70 309 22 27 0.09257709 
751 286 27 34 0.060622685 
742 267 20 30 0.055382825 
723 318 10 13 0.052191142 
741 330 28 37 0.03907357 
747 295 17 25 0.03866623 
610 292 28 37 0.034699216 
735 279 14 17 0.034289777 
42 321 20 31 0.03368799 
572 316 32 53 0.03122395 
348 376 52 67 0.024464523 
896 264 15 20 0.02325938 
966 299 15 20 0.021523364 
947 267 22 29 0.020336736 
