2_Demonstration_Political_Rally_2_695
232
764 557 58 76 0.99935144 
805 225 25 31 0.9970094 
497 373 35 42 0.9960672 
439 344 31 37 0.9949942 
45 239 26 31 0.99450004 
326 472 40 48 0.9939626 
314 532 43 50 0.99356127 
404 371 36 46 0.9918143 
403 296 29 35 0.99165076 
17 267 27 30 0.9908819 
2 382 34 39 0.9858123 
423 466 38 51 0.98387986 
578 363 36 49 0.9838705 
7 429 42 51 0.9837737 
189 224 25 28 0.9800276 
135 393 41 49 0.9782522 
296 421 40 43 0.97579783 
168 211 22 28 0.974309 
139 126 16 21 0.97290593 
59 131 16 20 0.97154397 
101 233 22 26 0.9658572 
393 523 42 43 0.9624154 
881 476 34 44 0.96161205 
169 433 37 52 0.9561755 
105 359 33 43 0.9531024 
23 123 14 19 0.94300866 
683 147 17 21 0.92983514 
60 58 13 17 0.9291634 
660 205 17 25 0.9274021 
524 454 39 49 0.9235712 
162 256 24 27 0.9125284 
356 418 38 47 0.90146744 
339 305 40 49 0.8920554 
66 222 18 22 0.8463005 
814 293 25 34 0.83251125 
964 647 50 37 0.82887405 
269 157 15 17 0.80116546 
687 184 18 22 0.80114174 
238 100 11 15 0.7868505 
12 226 23 27 0.7862129 
281 405 32 38 0.77161276 
66 460 38 47 0.76059467 
705 198 16 22 0.7201051 
609 580 37 48 0.7082801 
1 17 16 19 0.703062 
216 132 13 15 0.67716414 
472 93 12 15 0.67346674 
808 174 18 22 0.670738 
180 439 47 60 0.670604 
562 324 28 36 0.6666595 
220 348 38 55 0.65658903 
792 195 20 23 0.6513413 
812 269 23 30 0.6511154 
854 257 22 27 0.6485598 
175 116 9 11 0.5573405 
133 112 13 15 0.5445784 
191 142 14 17 0.53051704 
629 154 14 20 0.5144531 
642 189 15 21 0.42531586 
325 256 27 34 0.4085631 
874 357 27 36 0.403341 
639 170 13 17 0.39993966 
269 270 25 38 0.3924898 
695 126 13 16 0.32681617 
200 117 10 11 0.2981258 
121 122 14 16 0.2916932 
340 413 33 41 0.27733442 
633 504 29 37 0.27378052 
56 229 23 28 0.26932707 
858 178 15 18 0.2582553 
160 602 49 62 0.24502584 
270 250 17 20 0.24213585 
196 452 46 53 0.22607122 
653 124 10 14 0.22418508 
213 318 28 32 0.22335494 
113 86 16 21 0.22090146 
252 185 23 24 0.2177474 
609 200 15 20 0.21559227 
456 419 31 39 0.20282315 
780 134 16 19 0.19849592 
809 488 26 32 0.19757499 
876 199 16 22 0.19640015 
257 149 10 13 0.1938756 
206 267 26 31 0.19098322 
484 608 28 44 0.18812066 
833 220 19 28 0.18155122 
90 222 15 20 0.178928 
84 138 16 18 0.17469093 
766 98 12 13 0.16880982 
576 157 12 17 0.16627945 
77 103 14 18 0.16402861 
772 133 13 17 0.16396485 
589 181 15 17 0.16094802 
247 135 11 14 0.16002691 
499 467 31 36 0.15966159 
966 93 11 14 0.15670724 
759 101 10 12 0.15378419 
684 476 37 56 0.15294357 
5 591 23 33 0.13830438 
544 310 33 40 0.13675942 
464 452 32 41 0.13484313 
529 299 39 50 0.12785563 
249 92 10 13 0.1277007 
612 128 9 12 0.1168011 
695 111 13 14 0.10365555 
169 116 9 11 0.10294755 
687 133 14 16 0.10277366 
630 126 8 10 0.09824014 
699 479 27 35 0.09698861 
261 148 12 14 0.094049014 
683 279 17 26 0.09015786 
609 128 8 11 0.0888685 
494 623 22 32 0.087295845 
12 599 25 30 0.08408779 
664 178 13 17 0.08187714 
234 362 31 48 0.08186072 
326 318 34 38 0.07793296 
47 123 14 16 0.07781223 
251 210 18 21 0.07679589 
150 258 26 31 0.07569308 
484 331 28 36 0.07497094 
769 170 17 20 0.072769344 
297 260 17 20 0.07170382 
252 88 10 13 0.07142498 
253 133 10 12 0.07095486 
262 134 10 13 0.0702397 
19 607 27 30 0.06856855 
102 63 11 13 0.064825125 
0 204 10 17 0.06434936 
735 156 13 19 0.06384392 
253 199 23 26 0.063577555 
754 178 15 19 0.06320649 
43 133 14 17 0.062472172 
646 130 11 15 0.062021296 
90 336 28 32 0.060395923 
507 458 39 49 0.059138343 
140 267 28 37 0.057690978 
79 129 16 19 0.05508684 
467 284 23 29 0.05371555 
114 276 30 38 0.05251588 
313 323 31 33 0.05245385 
578 326 29 34 0.05241369 
866 181 15 18 0.05227325 
706 241 24 29 0.05133992 
263 140 12 14 0.05076862 
699 115 13 17 0.04933285 
287 196 14 16 0.048199054 
107 126 11 15 0.048165575 
334 451 49 54 0.04780411 
1009 103 11 14 0.0478038 
590 164 12 16 0.047122538 
588 171 15 18 0.046997145 
329 1 11 10 0.04610665 
679 115 10 12 0.044866413 
183 212 23 28 0.044730753 
137 657 37 33 0.04415705 
180 117 9 12 0.04413308 
127 279 34 41 0.043126304 
676 211 16 20 0.043072656 
120 31 8 10 0.04268329 
733 109 9 13 0.042620208 
272 120 9 12 0.041006994 
170 259 26 34 0.040277515 
216 118 10 11 0.038427796 
958 128 11 13 0.038356896 
700 283 23 29 0.038277898 
613 157 12 17 0.03794916 
638 105 8 10 0.037800867 
601 126 9 12 0.03748067 
228 130 11 15 0.03723579 
96 62 10 12 0.035696812 
55 224 17 21 0.035608433 
192 136 12 14 0.035214294 
110 69 9 11 0.03403402 
571 341 39 51 0.033258345 
456 434 36 47 0.03255828 
687 141 16 18 0.0324006 
305 258 22 29 0.03215495 
96 67 11 14 0.032059416 
333 3 11 12 0.031500004 
722 143 17 21 0.031074949 
301 326 28 32 0.030384867 
598 103 8 10 0.030193571 
759 106 13 17 0.03018509 
633 149 13 18 0.029694572 
198 121 11 14 0.02907571 
280 278 16 26 0.028831186 
634 482 43 55 0.028811686 
241 125 10 12 0.028419627 
764 175 16 20 0.028394967 
647 189 18 26 0.027903162 
732 114 13 16 0.027855182 
192 263 26 34 0.027410084 
123 142 15 17 0.027403468 
140 209 13 18 0.027135942 
38 214 16 21 0.026917437 
687 283 26 34 0.026686292 
87 21 10 12 0.02637175 
182 40 9 11 0.026339306 
340 6 10 10 0.025899839 
872 188 19 26 0.025865918 
157 574 46 65 0.025713785 
89 142 15 19 0.025594415 
136 116 16 17 0.025352748 
482 458 36 41 0.025287451 
484 579 42 68 0.025169129 
253 140 11 15 0.025010161 
732 307 29 33 0.024974786 
96 7 9 13 0.024962239 
712 196 16 22 0.024402566 
65 55 15 18 0.02430399 
798 456 13 17 0.024160376 
149 553 39 46 0.023938965 
771 96 10 13 0.023866324 
247 377 28 38 0.023807265 
639 127 10 13 0.023469383 
755 518 21 32 0.023037294 
0 198 8 16 0.022911958 
275 282 23 39 0.022829171 
602 85 9 12 0.022739628 
109 241 24 30 0.022600278 
715 161 14 19 0.022115683 
247 188 17 18 0.021892903 
712 482 17 23 0.021807043 
119 128 13 17 0.02127174 
117 254 22 30 0.020969003 
792 371 27 27 0.020903695 
160 117 9 12 0.020789433 
137 296 28 36 0.020780731 
190 47 9 11 0.020420818 
710 281 21 27 0.020094246 
609 494 45 54 0.020074518 
