2_Demonstration_Demonstrators_2_713
68
97 383 48 63 0.9924731 
397 309 24 29 0.9681718 
366 387 22 35 0.92515564 
557 341 24 33 0.9235697 
470 372 36 38 0.8170261 
518 330 24 37 0.6983889 
855 306 23 27 0.5544874 
298 315 14 17 0.3725759 
274 338 16 20 0.280937 
327 240 9 11 0.2301826 
372 244 8 10 0.22633897 
682 322 22 26 0.14540137 
301 309 14 17 0.13773741 
350 243 8 11 0.10782014 
577 285 7 11 0.099590145 
284 262 9 11 0.09894372 
110 233 7 10 0.09439745 
359 229 9 12 0.0851289 
265 240 9 11 0.08502434 
575 268 7 9 0.0821543 
908 318 11 13 0.07368513 
308 309 11 15 0.07307201 
526 323 24 35 0.069115095 
398 269 8 10 0.06269398 
559 273 7 9 0.057263847 
303 303 11 14 0.057049464 
863 261 8 10 0.053300906 
289 314 13 17 0.053047344 
159 236 8 10 0.05108417 
216 268 9 10 0.050652944 
501 268 8 12 0.046957225 
197 255 9 9 0.046677 
418 284 10 12 0.043650992 
421 281 9 11 0.04062638 
245 262 11 13 0.036757924 
871 261 8 10 0.03485538 
905 262 8 10 0.034840252 
934 278 10 13 0.03391194 
847 265 9 11 0.031825405 
525 257 8 10 0.03164601 
865 299 18 23 0.030911507 
484 280 9 11 0.029466162 
591 262 7 10 0.028371058 
392 269 9 10 0.02832767 
218 263 10 12 0.027653214 
189 280 8 10 0.027048714 
915 315 15 14 0.02542335 
1006 245 8 9 0.024703741 
934 264 7 10 0.024190968 
346 244 8 10 0.023959992 
430 256 8 9 0.023927333 
198 260 9 10 0.02369054 
881 262 8 10 0.023634458 
429 262 8 10 0.023527356 
84 288 10 11 0.023092134 
367 369 24 35 0.023000846 
426 263 8 10 0.022969121 
197 248 8 9 0.022834377 
391 265 8 10 0.021980468 
986 285 8 9 0.021978283 
396 369 23 32 0.021644076 
307 302 12 14 0.021485087 
213 230 9 10 0.021089697 
575 282 7 9 0.020956794 
829 262 8 11 0.020823548 
908 285 9 12 0.020662868 
322 239 9 12 0.02048869 
93 231 8 10 0.02034237 
