46_Jockey_Jockey_46_79
41
326 236 369 290 0.8098519
426 166 471 218 0.6586174
393 251 430 299 0.603887
594 44 637 96 0.5838098
171 321 213 378 0.20198458
96 456 132 502 0.17698924
185 478 222 526 0.15374175
660 2 703 52 0.15220268
554 87 590 134 0.13295804
270 327 302 365 0.1300091
226 344 262 389 0.123645104
198 397 231 436 0.11782735
252 343 287 387 0.10143593
547 19 587 65 0.07854586
174 370 215 425 0.073967144
836 61 865 99 0.067653865
305 270 339 313 0.06120287
375 223 416 278 0.060199838
450 128 483 169 0.05643224
516 74 548 118 0.044916444
408 224 447 273 0.04085914
278 247 311 286 0.039263047
369 171 411 221 0.037959706
310 403 337 440 0.033983476
157 475 191 519 0.033365987
123 401 154 442 0.032548282
119 579 163 649 0.032175362
481 203 519 254 0.031292506
879 66 904 101 0.030836893
553 46 616 120 0.027929336
301 128 328 165 0.025887884
319 300 350 338 0.025406295
478 2 512 39 0.025085822
384 404 412 438 0.024620024
998 41 1022 77 0.023941513
607 5 647 46 0.023635404
41 7 77 50 0.022926347
300 319 333 358 0.02276551
349 377 383 415 0.020890247
628 32 666 80 0.0204794
96 493 132 540 0.020151801
