46_Jockey_Jockey_46_444
139
711 143 748 189 0.9648237
864 341 900 388 0.94349325
485 336 518 379 0.93702024
668 359 701 400 0.8867745
614 133 648 176 0.6377356
219 333 250 372 0.62384444
101 350 127 384 0.60657024
347 336 377 373 0.58326244
815 133 846 173 0.5815669
219 140 246 174 0.57956856
413 172 439 203 0.4289705
524 155 551 190 0.37571537
317 149 345 184 0.33665168
635 190 666 228 0.2673523
544 481 575 519 0.25582635
511 274 542 312 0.21681032
842 194 871 232 0.21210927
539 216 568 250 0.189395
511 400 538 434 0.17356366
300 331 325 361 0.15198532
380 398 406 430 0.14576466
436 216 463 250 0.1273797
251 197 276 228 0.098568834
738 218 766 253 0.08973601
977 149 1006 187 0.08556605
864 426 891 459 0.08506471
937 428 969 470 0.08502093
305 353 329 382 0.08406119
740 423 770 461 0.07423884
302 431 327 461 0.07046466
766 216 796 253 0.061649464
618 403 646 437 0.060273625
690 219 720 256 0.05931575
456 200 486 239 0.05879106
585 458 613 493 0.058548108
409 284 436 317 0.0573459
206 178 230 208 0.057196997
589 432 617 465 0.05614475
837 147 866 184 0.055767372
180 411 206 443 0.053359237
455 376 484 412 0.0530927
662 559 690 594 0.053081818
335 201 359 230 0.050563134
313 502 343 541 0.05028295
532 299 560 337 0.04648517
160 316 186 349 0.044732705
312 258 337 290 0.044226196
205 407 230 439 0.044193514
433 280 460 315 0.04309208
661 472 689 508 0.042563118
355 452 379 482 0.04253718
308 376 335 409 0.042038262
717 214 746 251 0.041983962
618 482 644 514 0.04158079
711 406 744 446 0.041450087
864 151 891 184 0.041028883
332 403 358 435 0.040002596
283 461 308 493 0.039914098
331 227 353 254 0.03929929
581 403 610 438 0.03910593
388 226 413 258 0.03740041
206 257 232 291 0.036622584
364 385 391 419 0.035653837
889 405 918 443 0.035212554
225 251 251 283 0.03491344
486 199 514 234 0.034656096
536 256 564 289 0.034349073
356 180 386 216 0.033993572
812 427 839 461 0.033918817
790 481 816 514 0.033684194
401 481 432 520 0.03297795
585 176 613 211 0.032967612
648 381 679 419 0.03275258
667 228 694 263 0.03268587
509 201 539 238 0.03268248
210 381 237 414 0.0316046
239 436 261 462 0.031283148
181 360 206 391 0.031120084
926 323 954 358 0.030611744
557 274 588 311 0.030484509
663 178 697 218 0.029755363
459 428 486 459 0.029687544
533 433 561 465 0.029483568
484 306 512 343 0.029069688
734 481 762 515 0.028649313
564 149 589 182 0.028467612
336 436 360 466 0.028198766
253 307 278 338 0.027766207
230 313 255 344 0.027565705
561 175 591 213 0.027436245
636 509 666 548 0.027244264
816 96 847 136 0.027216546
739 248 766 282 0.027083002
693 423 720 456 0.027058484
592 273 619 308 0.026862815
225 404 250 435 0.026745401
184 182 206 210 0.026459327
848 407 876 442 0.026275473
406 224 435 259 0.026263889
510 428 537 461 0.026031168
438 357 465 392 0.025750013
691 298 718 333 0.025527433
379 332 406 366 0.02552685
526 379 559 420 0.025521243
950 154 977 188 0.025246307
405 354 434 390 0.02523358
567 383 595 417 0.025206624
308 201 333 233 0.025195327
817 276 846 314 0.024760451
857 171 890 214 0.02471366
312 226 335 255 0.024652291
489 435 514 464 0.024387134
768 177 799 215 0.024330677
439 404 466 438 0.024309926
253 225 277 256 0.024240486
479 512 505 543 0.02419278
817 166 848 208 0.024185432
287 203 311 234 0.024081443
458 480 489 516 0.024022616
911 221 940 258 0.023903126
145 378 174 411 0.023507522
480 457 509 490 0.023466261
710 461 741 496 0.022873411
800 124 859 195 0.022865348
207 226 231 256 0.022686077
708 378 736 413 0.022571456
357 224 381 254 0.022493783
356 309 381 338 0.022257194
410 195 440 233 0.022239111
687 333 714 366 0.022238052
462 299 492 336 0.022018189
231 230 255 260 0.021683251
640 476 668 512 0.021575967
588 328 619 366 0.021502728
848 69 877 106 0.02132214
642 222 669 256 0.021033213
558 124 586 160 0.020431232
335 309 359 339 0.020287791
767 461 793 494 0.020080565
