46_Jockey_Jockey_46_569
54
135 88 181 154 0.8619267
282 153 323 206 0.8616789
873 127 912 175 0.83742297
705 12 738 54 0.7622178
448 121 477 157 0.55749935
683 129 712 166 0.22099867
515 179 548 221 0.15293226
535 38 564 75 0.11780091
407 151 431 181 0.08762053
358 146 384 179 0.08488926
534 72 566 113 0.08355338
764 53 792 87 0.07233714
475 124 507 163 0.06151339
510 19 541 59 0.059401277
201 125 230 162 0.057268996
171 222 215 285 0.052696187
741 154 769 188 0.0459152
475 11 511 54 0.04557922
809 121 849 170 0.045553714
664 20 697 60 0.044247467
558 37 590 76 0.04228371
715 130 740 164 0.041389268
453 177 483 215 0.038619675
689 38 719 76 0.03705636
400 172 427 206 0.036818795
613 20 640 54 0.036310222
669 97 698 132 0.031851165
558 172 591 213 0.031263586
235 215 274 263 0.030163992
589 20 617 56 0.028673619
328 173 356 210 0.02859221
108 195 182 307 0.028555963
509 87 544 133 0.028068086
767 197 799 239 0.027426105
387 149 413 183 0.027286118
487 164 528 214 0.027221432
731 16 762 55 0.026989397
403 198 428 229 0.026764665
582 46 611 82 0.026737768
815 176 851 221 0.026670106
62 189 120 262 0.025768148
24 4 63 48 0.025634065
339 149 365 185 0.023624696
558 86 592 131 0.022811463
750 69 778 106 0.022800557
429 4 461 39 0.022616837
747 98 775 134 0.022340912
733 197 772 246 0.02226161
416 128 440 158 0.02212315
715 172 747 212 0.021562802
379 126 403 158 0.021328494
764 154 794 192 0.021069454
743 124 772 161 0.020737356
118 44 164 104 0.020352537
