46_Jockey_Jockey_46_352
88
89 147 133 203 0.9886811
607 65 644 112 0.98688394
437 248 477 300 0.9857949
305 252 345 302 0.983374
335 120 377 171 0.9760702
635 142 675 193 0.9752388
559 240 601 293 0.97480077
791 56 827 103 0.97443455
205 135 253 193 0.97263306
779 136 819 188 0.9714433
420 73 457 121 0.96249765
520 69 553 114 0.9407604
171 240 215 296 0.9264362
219 46 255 94 0.9077068
673 231 715 283 0.896592
339 44 375 91 0.8960501
817 226 863 285 0.8943183
695 66 730 110 0.8857544
901 129 942 182 0.87440336
492 175 528 221 0.7084539
612 405 638 439 0.448263
221 222 260 274 0.42109373
88 239 127 289 0.3396798
796 329 828 370 0.24386367
904 216 940 262 0.22478445
250 411 281 449 0.1951438
639 410 665 443 0.19146444
581 164 618 207 0.17850539
356 373 391 416 0.1705579
716 306 748 343 0.15766387
706 432 735 468 0.15145239
577 447 608 486 0.13525927
732 150 763 191 0.13346545
513 397 544 435 0.12145635
655 424 683 459 0.11183353
692 378 719 411 0.10872835
774 412 800 443 0.103983626
812 306 846 348 0.078340836
375 403 405 441 0.077441715
645 301 677 340 0.0659469
320 404 356 449 0.0548546
642 353 674 394 0.05230486
980 276 1015 323 0.05225052
639 8 682 58 0.05181982
691 324 721 360 0.050300803
75 393 114 444 0.049786024
397 525 425 562 0.049676366
269 400 303 441 0.048243538
330 306 369 355 0.04756386
482 241 519 287 0.046622436
735 408 762 442 0.046059966
351 243 384 286 0.0439534
436 433 470 474 0.043287475
690 408 722 447 0.04318113
169 333 218 388 0.042973828
523 296 556 335 0.042007376
430 202 470 251 0.04179463
252 345 287 393 0.04107544
606 326 634 361 0.04094848
737 195 777 245 0.0408014
872 409 898 443 0.040716115
822 428 854 466 0.040085614
605 487 635 523 0.039617844
757 238 798 287 0.03767944
552 554 589 596 0.037512697
560 330 591 369 0.036722653
537 483 566 520 0.03663697
942 1 987 49 0.036617193
733 353 765 395 0.03643877
920 365 959 413 0.035430383
492 405 520 439 0.03507726
169 522 205 568 0.034262676
527 4 570 55 0.033479623
888 3 927 47 0.033006188
403 147 436 189 0.032896172
231 419 261 457 0.030471992
662 267 697 308 0.029779196
436 208 509 294 0.029389558
942 65 977 110 0.028980913
734 457 766 495 0.027053466
769 329 805 373 0.025690949
987 418 1021 470 0.025027689
864 217 900 265 0.024470199
835 -1 876 41 0.023044497
736 13 776 61 0.022849305
891 424 922 461 0.022672944
917 426 952 470 0.021985658
11 -578 1421 977 0.020501228
