46_Jockey_Jockey_46_308
27
179 138 246 215 0.9370341
710 65 763 128 0.7196972
400 199 461 272 0.5224324
502 209 560 281 0.34527835
661 287 697 336 0.22635533
460 297 508 357 0.114763476
159 310 231 398 0.10386311
96 268 135 318 0.092669256
172 522 220 581 0.08090277
734 10 769 50 0.07322532
713 268 756 323 0.062191963
709 134 743 177 0.061707996
76 226 116 276 0.040246446
531 339 575 401 0.034808178
528 244 590 322 0.033738486
923 540 958 583 0.03220087
427 283 471 343 0.02972869
0 266 30 307 0.029462727
111 283 167 363 0.028904168
473 246 543 337 0.027267704
371 245 445 342 0.027040433
690 195 723 234 0.026997134
681 222 716 264 0.026571464
349 527 387 579 0.026067453
667 250 699 291 0.025149006
220 236 271 297 0.02045763
635 270 676 320 0.02005195
