1_Handshaking_Handshaking_1_602
50
840 235 12 15 0.9285424 
509 224 9 10 0.91993314 
926 249 29 23 0.9049884 
136 197 8 11 0.89305913 
289 286 18 19 0.88148296 
249 346 29 25 0.8793719 
753 244 9 12 0.87315047 
609 227 10 13 0.86802787 
436 232 10 11 0.83358413 
374 240 14 18 0.8210995 
189 188 9 11 0.77085716 
722 259 14 15 0.76608187 
644 223 10 12 0.7607892 
687 226 10 13 0.74684805 
639 245 11 13 0.7397097 
546 225 8 10 0.7229915 
576 220 10 12 0.69493115 
674 303 16 21 0.5092715 
719 236 10 13 0.48218548 
675 244 12 15 0.47452986 
678 230 9 12 0.44467777 
477 219 8 11 0.43121374 
914 270 12 14 0.33832636 
400 333 36 22 0.24267088 
118 302 17 17 0.152676 
614 294 11 16 0.10900327 
400 325 20 20 0.07754032 
365 237 13 18 0.06757724 
770 255 8 10 0.063752316 
614 276 9 14 0.061526235 
676 237 13 15 0.061497726 
658 304 18 20 0.058411777 
730 260 14 15 0.055989917 
774 260 9 11 0.04849201 
943 245 20 23 0.04789619 
582 247 9 11 0.047637623 
470 253 10 13 0.041397907 
646 305 24 23 0.04038088 
465 254 11 14 0.030744389 
670 247 12 15 0.03006579 
681 314 18 17 0.02968643 
685 245 9 13 0.029583499 
723 232 10 13 0.026273277 
887 261 9 12 0.026225545 
285 278 16 20 0.024783755 
646 240 11 14 0.02384425 
526 280 8 11 0.023740461 
470 259 11 14 0.02369207 
687 317 19 17 0.022758095 
618 299 14 16 0.022369372 
