38_Tennis_Tennis_38_232
71
805 329 15 20 0.9900023 
164 223 10 11 0.94196814 
732 250 11 14 0.88471264 
647 70 9 11 0.84314454 
661 41 8 10 0.78307354 
633 38 8 10 0.70731574 
900 36 8 11 0.54677784 
611 63 8 11 0.48562795 
681 62 11 12 0.48348394 
870 36 7 10 0.4826046 
1014 256 8 13 0.48030347 
749 58 11 13 0.47689086 
942 40 9 11 0.4231063 
1007 61 8 11 0.38523266 
725 68 9 11 0.35214365 
706 84 12 15 0.29261976 
637 17 8 10 0.28796405 
703 36 9 11 0.2829417 
854 64 8 11 0.24616753 
728 36 10 11 0.21682625 
694 37 9 11 0.21134527 
893 64 8 10 0.20037943 
778 17 8 11 0.17031151 
759 90 11 14 0.16433968 
766 40 9 11 0.15538575 
722 62 8 12 0.14078096 
968 77 8 11 0.13719149 
948 14 7 10 0.12712815 
961 70 9 12 0.10432672 
672 21 8 11 0.100134276 
746 14 9 11 0.08239615 
910 17 9 11 0.08031537 
739 83 9 14 0.07609519 
1015 39 8 11 0.074624605 
1006 3 9 13 0.07218323 
874 10 7 9 0.06700274 
977 40 9 11 0.057189856 
706 20 9 12 0.0570586 
656 55 10 11 0.043348514 
1001 45 9 11 0.0418082 
661 55 11 12 0.040906604 
960 62 9 11 0.03756179 
722 31 10 12 0.03708306 
760 67 9 11 0.036269087 
966 46 9 9 0.036251776 
966 64 9 11 0.03524316 
972 78 8 10 0.033709146 
990 58 10 13 0.032818623 
1001 61 8 11 0.03123677 
1001 38 9 13 0.030648088 
654 0 10 9 0.030426918 
782 58 9 11 0.029835815 
672 54 8 10 0.028879277 
677 55 11 13 0.027877927 
671 29 9 11 0.026759135 
992 4 9 12 0.026390467 
829 440 25 28 0.025254412 
865 15 7 9 0.024332983 
708 37 9 11 0.02423795 
686 57 10 12 0.024203284 
981 44 8 10 0.023782175 
1001 32 9 12 0.023563426 
982 11 9 11 0.023469826 
961 76 9 12 0.02346652 
631 43 9 11 0.023412796 
888 38 7 10 0.022580886 
689 32 9 11 0.022464076 
781 0 11 11 0.021899665 
938 43 10 12 0.021645494 
1007 19 9 12 0.021627927 
878 13 6 9 0.020998228 
