37_Soccer_soccer_ball_37_867
44
508 58 49 72 0.9994617 
518 220 50 71 0.9993605 
687 108 45 66 0.9992016 
252 239 45 63 0.99906224 
383 206 36 48 0.99693954 
85 288 30 41 0.9950454 
899 229 40 52 0.99231976 
475 336 16 23 0.2780119 
486 310 21 22 0.25357002 
110 262 8 9 0.06103451 
126 256 8 9 0.060402986 
152 223 6 9 0.06016102 
26 283 8 11 0.05338769 
250 190 8 10 0.05331722 
182 141 7 9 0.05145442 
138 158 8 11 0.051012125 
144 327 8 11 0.047343545 
214 185 7 9 0.046943035 
9 245 8 9 0.04575183 
35 269 8 10 0.041662455 
139 318 8 10 0.035841703 
357 240 10 12 0.034615826 
447 185 7 7 0.03353183 
224 223 7 8 0.030346593 
49 284 8 10 0.03034062 
139 311 8 10 0.027413916 
25 300 9 11 0.027011303 
151 330 7 9 0.02697114 
151 288 7 9 0.026451074 
159 215 7 9 0.026288217 
17 231 8 9 0.025983464 
352 225 8 9 0.025376545 
247 208 9 11 0.025138542 
253 211 9 12 0.024591677 
210 188 8 9 0.023635015 
215 222 7 9 0.02332409 
201 276 7 9 0.022295987 
64 290 9 10 0.021703992 
17 313 8 10 0.021259189 
759 267 12 14 0.020992031 
353 245 10 11 0.020908304 
181 256 7 8 0.020828262 
226 278 10 11 0.020679785 
343 213 7 9 0.02039753 
