37_Soccer_Soccer_37_114
45
461 179 51 75 0.99882144 
194 66 40 56 0.990646 
900 114 17 19 0.36692744 
57 5 18 22 0.33411103 
862 80 16 19 0.22849773 
446 162 14 17 0.21643919 
143 51 15 18 0.19089152 
895 43 16 17 0.08558941 
556 136 16 20 0.076499514 
992 95 20 29 0.06482964 
474 128 15 20 0.060539175 
158 78 21 30 0.060070977 
750 18 16 19 0.059679553 
987 164 18 23 0.059256516 
429 120 16 18 0.05812464 
78 118 14 17 0.057433777 
949 55 15 18 0.057137523 
865 190 19 24 0.05568314 
76 121 23 31 0.051968005 
922 77 16 21 0.050291013 
128 148 15 17 0.045785334 
767 1 14 14 0.04263368 
803 96 17 21 0.04241382 
314 11 15 17 0.041119225 
457 102 18 20 0.04003484 
87 1 18 17 0.035746966 
542 120 16 18 0.034615036 
47 228 16 16 0.03347666 
951 213 15 18 0.032990646 
553 1 15 12 0.030537864 
85 56 15 20 0.030184703 
139 127 17 19 0.030023305 
27 1 19 17 0.029357422 
515 97 18 20 0.027069753 
81 135 18 25 0.026049381 
180 122 28 32 0.025508732 
998 17 12 15 0.024799773 
927 82 17 21 0.024433339 
968 32 11 14 0.023794772 
811 27 15 18 0.023301728 
105 23 16 19 0.022414753 
924 19 11 17 0.021691712 
409 137 16 18 0.021384958 
906 8 15 18 0.021289518 
707 5 14 14 0.020537805 
