37_Soccer_soccer_ball_37_269
24
740 235 29 36 0.9988777 
175 123 27 38 0.998398 
165 252 32 42 0.9983872 
326 234 29 40 0.99837625 
509 241 32 37 0.9980742 
832 242 29 34 0.9975526 
910 129 28 35 0.9974859 
242 247 28 35 0.9974132 
336 133 26 34 0.99737334 
664 227 27 37 0.9972785 
547 138 26 36 0.9972692 
831 142 27 33 0.9972625 
98 133 30 38 0.9971359 
412 267 29 38 0.9968081 
687 144 26 33 0.9965778 
267 136 30 36 0.9964953 
406 125 25 32 0.9964198 
897 230 28 36 0.99611014 
596 250 28 35 0.9956305 
620 135 26 35 0.9951024 
767 155 26 30 0.9943441 
491 123 27 34 0.9941704 
953 273 16 23 0.0534581 
228 158 11 13 0.037508506 
