37_Soccer_soccer_ball_37_583
169
666 253 45 56 0.9993318 
795 252 44 55 0.9988054 
561 102 43 53 0.99869496 
182 73 46 59 0.9985507 
285 286 44 59 0.99849105 
403 78 45 59 0.99840975 
270 96 41 52 0.9983559 
795 98 41 52 0.996931 
526 271 42 55 0.99643576 
415 262 45 59 0.99642605 
668 88 38 53 0.9945176 
248 64 9 10 0.23616867 
746 101 9 11 0.23017088 
866 141 7 8 0.19956636 
350 77 7 9 0.17411086 
158 37 7 9 0.16556627 
14 103 7 9 0.1651403 
141 97 7 9 0.1536113 
312 88 8 10 0.15201822 
366 70 7 9 0.15120684 
371 80 6 10 0.12624271 
322 63 6 9 0.10348072 
294 47 8 10 0.10136267 
737 94 8 10 0.09501104 
280 62 8 10 0.0863866 
309 45 7 9 0.07937235 
328 72 6 8 0.07816977 
238 61 7 9 0.078008704 
329 78 7 8 0.076523796 
431 22 7 9 0.07427603 
5 73 8 10 0.07284458 
134 85 7 9 0.07244406 
766 116 9 11 0.07164417 
616 68 7 9 0.071064584 
537 30 6 9 0.06711301 
345 31 6 8 0.06706036 
559 64 6 8 0.06527603 
120 95 8 9 0.064471625 
712 64 7 10 0.06249659 
390 82 7 9 0.062107626 
165 53 8 10 0.05947256 
346 78 7 9 0.058541168 
650 140 9 12 0.05830301 
145 118 8 9 0.05686758 
720 104 8 11 0.054508757 
263 49 7 9 0.053561483 
17 34 7 8 0.05303435 
649 34 6 8 0.05299761 
742 95 10 12 0.05276743 
239 56 7 9 0.05250965 
537 115 12 15 0.051006917 
272 38 7 8 0.048956778 
681 49 7 9 0.048846412 
538 64 7 8 0.048654668 
174 2 9 9 0.048223704 
439 29 6 8 0.048083913 
399 1 7 8 0.048043113 
178 51 13 14 0.048031744 
311 69 6 8 0.04721409 
295 52 8 11 0.046718433 
917 79 6 8 0.044605486 
24 78 8 8 0.044312943 
961 97 6 9 0.043530364 
138 45 7 9 0.041874353 
41 49 6 8 0.041730076 
379 61 7 8 0.04152402 
954 96 6 8 0.041220304 
410 40 7 9 0.041158248 
318 17 7 9 0.04107232 
177 48 9 11 0.04086282 
382 58 6 8 0.040775925 
158 23 7 8 0.039987758 
358 57 6 8 0.039689623 
671 38 6 8 0.03961611 
331 39 6 8 0.03950104 
1007 85 7 9 0.03891265 
542 63 6 9 0.03879054 
694 29 7 9 0.038167 
311 65 7 9 0.037932705 
413 41 7 9 0.037338074 
111 54 6 7 0.03708047 
665 38 7 9 0.036857724 
128 55 6 8 0.036554243 
353 57 7 8 0.036378466 
198 37 7 9 0.03480544 
646 55 6 8 0.03438979 
150 118 8 10 0.03423946 
631 50 8 9 0.033892605 
334 7 7 9 0.03372244 
111 8 7 8 0.033720043 
391 97 8 11 0.03369089 
128 5 8 9 0.033685464 
465 24 6 8 0.033463165 
141 42 7 9 0.0331885 
599 61 6 8 0.03267621 
154 86 7 9 0.032246646 
290 46 8 11 0.03199778 
1006 57 7 8 0.031312175 
98 48 7 8 0.031133456 
783 55 8 9 0.030725364 
326 65 5 7 0.030539282 
655 65 7 8 0.030229835 
153 22 7 8 0.02987165 
193 32 8 10 0.029461049 
390 70 7 9 0.029400174 
150 112 8 9 0.029372944 
623 89 7 9 0.029000657 
690 61 7 10 0.028947704 
893 88 7 9 0.028933313 
367 25 7 9 0.028849307 
62 39 7 8 0.028547931 
147 5 7 9 0.02806741 
435 29 7 9 0.027899398 
702 53 7 8 0.027883016 
738 71 8 9 0.027286274 
7 2 9 9 0.026978124 
607 54 6 8 0.0268887 
137 100 8 10 0.026852377 
71 15 7 9 0.026851898 
336 79 7 8 0.026604181 
63 64 7 8 0.026531003 
706 39 7 8 0.026338866 
719 93 9 11 0.026333837 
344 63 7 8 0.026151331 
463 38 7 9 0.026069364 
384 9 7 9 0.026012184 
663 48 6 9 0.025732221 
1001 63 8 9 0.025347928 
357 86 8 10 0.025067894 
158 85 7 10 0.02506333 
7 76 8 9 0.024864124 
724 102 9 11 0.024801208 
982 95 7 9 0.024714442 
726 95 8 11 0.02447838 
361 63 6 8 0.024264116 
905 62 7 10 0.024225412 
135 55 6 8 0.023996565 
681 40 7 8 0.023812948 
1005 61 8 9 0.023019128 
750 97 8 10 0.0228475 
966 72 7 8 0.02264208 
46 49 6 8 0.022497348 
159 34 8 9 0.02235774 
785 38 7 8 0.022351174 
272 62 9 9 0.0223221 
393 101 8 11 0.022170763 
608 91 8 10 0.022044554 
969 86 7 8 0.02202761 
742 88 9 10 0.021989277 
354 40 7 9 0.021937791 
703 49 7 9 0.021813387 
937 62 6 8 0.021684816 
153 17 7 10 0.021548232 
937 78 6 8 0.02141471 
102 49 6 8 0.021353306 
856 88 7 9 0.021199392 
545 88 8 10 0.021057716 
161 95 8 11 0.021038057 
711 42 6 8 0.020726044 
270 1 7 8 0.020704718 
859 53 7 9 0.020617474 
624 25 6 8 0.02033337 
991 66 7 8 0.020317186 
362 24 7 8 0.020296073 
398 62 7 9 0.020054247 
170 1 8 9 0.020054173 
59 38 6 8 0.020023583 
160 62 7 9 0.020018613 
862 151 7 12 0.020012654 
