37_Soccer_soccer_ball_37_114
27
757 364 35 42 0.9988159 
325 246 32 35 0.99880576 
240 260 29 35 0.99873656 
644 355 33 41 0.9987244 
412 243 29 35 0.9986688 
506 345 31 42 0.9986498 
264 363 33 41 0.9986203 
136 368 35 41 0.99859685 
832 162 29 34 0.99846184 
124 149 30 35 0.998447 
501 233 28 36 0.99835443 
891 253 31 40 0.99835324 
365 161 28 36 0.9982609 
603 275 29 35 0.99819934 
740 157 28 36 0.99819154 
386 350 31 42 0.99812824 
610 155 29 36 0.9979954 
774 254 28 35 0.99798274 
292 165 26 33 0.99796546 
442 153 27 33 0.9978696 
683 258 29 36 0.99783176 
675 157 27 31 0.997593 
161 260 28 34 0.9974648 
217 176 29 33 0.99730754 
74 255 28 32 0.99704933 
521 155 26 28 0.99414766 
302 273 21 24 0.1196741 
