16_Award_Ceremony_Awards_Ceremony_16_73
150
316 74 33 40 0.9978016 
409 146 35 47 0.9976398 
260 121 37 47 0.99720687 
615 146 38 49 0.99361694 
725 89 40 53 0.98950785 
988 34 15 18 0.9880548 
492 61 16 19 0.9875693 
267 78 18 22 0.9842136 
91 71 17 25 0.9791909 
603 21 14 18 0.9756374 
638 45 14 18 0.9727808 
204 53 19 25 0.9706323 
719 41 19 22 0.9677463 
699 42 14 18 0.9639012 
565 28 16 19 0.9617601 
640 80 17 19 0.94910926 
699 0 17 18 0.947363 
865 36 15 20 0.9421494 
239 58 15 18 0.9317837 
686 26 13 17 0.9133986 
20 76 17 21 0.9080403 
444 52 16 21 0.9072402 
570 51 15 19 0.881587 
472 29 13 16 0.8743244 
624 71 15 19 0.87212795 
653 21 17 20 0.86851746 
852 21 13 17 0.8642721 
534 67 12 17 0.8621592 
185 67 18 23 0.85895926 
814 31 13 18 0.8549286 
5 82 16 19 0.85482645 
594 76 14 19 0.8528211 
536 44 17 20 0.81090444 
169 58 14 17 0.79001856 
365 50 14 18 0.78872406 
568 77 17 19 0.78872085 
889 34 12 17 0.7838405 
618 30 14 17 0.7666634 
609 61 15 19 0.7530281 
460 57 16 21 0.738299 
771 0 15 15 0.73564583 
974 38 11 15 0.7082785 
789 36 13 17 0.7062332 
749 39 14 19 0.6845404 
721 14 15 18 0.67508686 
972 20 13 18 0.6487052 
643 18 15 18 0.61579293 
139 60 17 20 0.6141256 
345 38 11 13 0.61026204 
654 62 15 18 0.47027475 
226 70 15 19 0.4328268 
1005 25 12 16 0.42567915 
430 81 15 17 0.41332155 
741 5 12 15 0.37665954 
131 61 17 21 0.37468842 
239 84 14 19 0.3669351 
414 63 13 23 0.35436147 
833 37 14 17 0.3297794 
527 35 13 15 0.31486362 
125 64 16 19 0.31177193 
346 61 16 20 0.3110832 
918 36 11 15 0.28485653 
990 1 14 17 0.2787099 
675 44 14 17 0.2666815 
582 18 12 17 0.25912243 
50 63 18 21 0.23084769 
153 75 18 21 0.20794705 
590 1 15 15 0.17822309 
494 23 10 12 0.17307857 
452 45 15 18 0.17176737 
907 112 20 34 0.17098251 
876 17 12 15 0.12961012 
557 28 15 18 0.11582986 
419 60 15 24 0.11488086 
493 41 14 16 0.09960499 
546 81 14 16 0.098590724 
13 76 16 20 0.09364151 
391 35 12 17 0.084933415 
427 59 15 22 0.08459321 
396 32 13 17 0.08082183 
845 126 11 14 0.075748175 
655 40 14 17 0.06864326 
19 62 12 14 0.068469 
948 3 10 12 0.06485399 
318 40 8 10 0.060717553 
76 52 14 18 0.058743533 
592 69 15 19 0.052759808 
893 59 12 13 0.048858367 
700 31 14 17 0.04825666 
38 77 12 16 0.045876607 
440 56 14 20 0.04541505 
15 67 14 16 0.04477867 
835 30 13 16 0.044259682 
236 75 14 18 0.04278238 
540 73 14 19 0.04199896 
351 55 18 25 0.04046007 
488 38 13 16 0.04032829 
382 63 19 25 0.03895655 
587 43 14 16 0.038064938 
659 51 15 18 0.037779488 
1001 77 12 14 0.037284862 
283 6 11 12 0.037242573 
71 48 14 19 0.036884855 
632 42 14 19 0.035179026 
418 47 12 14 0.034143988 
671 48 14 18 0.03326108 
527 40 14 18 0.032325033 
44 73 12 17 0.031834353 
126 97 13 17 0.031755242 
758 -1 11 9 0.030878631 
251 72 13 18 0.030420125 
794 38 14 18 0.029725783 
620 39 14 17 0.029691316 
455 38 14 16 0.029445922 
500 21 11 14 0.028854186 
283 73 13 18 0.028711889 
489 27 12 14 0.02812266 
860 27 12 19 0.027752947 
27 146 23 26 0.027606 
141 66 22 25 0.027464015 
695 37 14 18 0.027064348 
277 46 9 12 0.026948592 
0 74 13 21 0.02669928 
1005 14 14 16 0.026404954 
755 45 16 19 0.02619692 
701 103 12 16 0.026178418 
549 30 16 20 0.025876695 
508 0 13 12 0.025510095 
346 88 14 22 0.02546536 
627 90 13 15 0.02525775 
808 28 13 17 0.024216305 
468 52 13 19 0.023770824 
732 7 14 18 0.023605691 
510 56 13 17 0.023576625 
444 39 13 15 0.023472304 
650 15 16 19 0.023452062 
802 21 12 15 0.023174774 
649 71 18 22 0.023092987 
146 55 14 18 0.022488777 
415 51 14 20 0.022405054 
638 23 15 18 0.022364786 
913 42 10 14 0.022075925 
566 43 15 19 0.021358699 
244 73 14 19 0.021267833 
471 42 12 16 0.021254031 
627 35 12 16 0.020861441 
781 30 14 18 0.020572966 
604 82 13 17 0.020500865 
550 23 14 17 0.020453395 
917 6 10 15 0.020152869 
