42_Car_Racing_Car_Racing_42_743
32
606 86 21 27 0.9740123 
549 125 16 24 0.5011407 
696 112 12 17 0.4996526 
651 103 14 18 0.39968336 
670 144 12 17 0.39638925 
95 116 12 14 0.39524087 
888 110 9 11 0.35568166 
693 204 20 30 0.22605953 
591 117 14 18 0.20149012 
808 100 8 12 0.19121553 
750 116 9 12 0.15788327 
751 99 9 12 0.1435891 
776 105 9 12 0.13682272 
494 122 15 19 0.10022347 
123 120 15 18 0.09308397 
757 116 9 11 0.076525204 
666 121 12 16 0.06646869 
924 110 11 14 0.06237065 
98 118 16 18 0.051039923 
812 100 9 11 0.04821695 
782 106 8 13 0.038825296 
981 115 12 14 0.03852685 
746 96 8 11 0.036606416 
806 114 9 13 0.036253605 
840 118 8 12 0.032801207 
695 252 12 14 0.03165048 
105 116 14 17 0.024430152 
806 108 10 14 0.02373229 
183 180 14 17 0.023640068 
597 146 14 20 0.023077777 
659 102 13 16 0.022328887 
89 192 10 12 0.022236513 
