42_Car_Racing_Nascar_42_440
20
729 149 20 32 0.9839198 
657 138 24 27 0.97945124 
155 170 16 23 0.9762393 
697 163 23 28 0.95559406 
67 161 16 19 0.9141375 
598 179 21 20 0.8976344 
866 167 13 18 0.8704726 
0 178 9 15 0.634273 
806 159 11 14 0.58150476 
1 173 13 17 0.13845062 
48 173 9 11 0.11809272 
460 250 14 15 0.069312304 
476 251 11 12 0.044828646 
39 174 8 10 0.041291304 
21 170 10 15 0.03279891 
468 250 14 14 0.027833171 
811 162 10 13 0.025243627 
40 168 8 10 0.02518618 
7 148 11 12 0.02311723 
711 163 18 21 0.022764215 
