42_Car_Racing_Nascar_42_650
26
381 155 35 44 0.9963813 
108 130 42 60 0.9954692 
687 191 20 26 0.96703035 
908 175 12 19 0.8973576 
781 141 18 30 0.81469667 
981 191 10 14 0.77797574 
628 219 17 20 0.5697373 
633 224 19 21 0.5521392 
852 203 10 13 0.38194096 
654 217 12 17 0.25419873 
176 181 25 34 0.24073106 
230 195 24 30 0.23153016 
264 164 27 35 0.16209118 
227 124 17 20 0.14079504 
917 206 11 14 0.06571996 
644 219 15 21 0.04307299 
850 201 8 11 0.036020227 
788 210 13 17 0.031398293 
36 177 37 39 0.030626426 
837 207 10 13 0.028037807 
165 187 24 34 0.027459394 
640 229 16 19 0.02720096 
21 166 42 41 0.024365636 
633 214 17 20 0.021755848 
235 178 12 14 0.020475643 
282 165 17 27 0.020276602 
