42_Car_Racing_Nascar_42_922
26
533 61 93 116 0.9997192 
250 192 51 72 0.999275 
349 116 86 103 0.997009 
849 150 39 84 0.95869786 
974 255 30 32 0.6834377 
31 206 9 10 0.2616617 
0 215 8 11 0.16784845 
73 183 11 14 0.06985024 
121 228 8 11 0.044610888 
121 160 6 8 0.042656098 
10 167 6 8 0.03825269 
864 156 45 90 0.036681004 
49 206 7 9 0.034830563 
18 197 8 9 0.03441417 
119 225 8 10 0.033911567 
21 193 8 10 0.031725794 
1 206 8 11 0.030388435 
126 231 7 9 0.028952144 
55 190 7 9 0.028548343 
709 343 14 16 0.027084325 
56 205 7 9 0.025199404 
72 153 6 8 0.024496913 
22 223 8 10 0.023947997 
48 191 7 9 0.022698848 
38 205 8 10 0.022145638 
95 195 9 10 0.021016784 
