42_Car_Racing_Nascar_42_823
54
989 220 19 24 0.93734103 
192 282 10 13 0.92131567 
894 235 18 21 0.9093102 
253 256 10 12 0.80980664 
412 230 16 31 0.79953665 
124 262 9 11 0.7968446 
340 251 12 17 0.73691183 
0 276 11 17 0.62801933 
146 260 8 10 0.5446493 
44 183 10 14 0.3713727 
663 237 8 11 0.36535218 
697 224 8 11 0.23623851 
373 256 12 14 0.23035629 
637 242 7 8 0.19440036 
182 336 16 17 0.17857248 
620 253 8 11 0.17321627 
849 242 11 14 0.14692846 
149 276 9 12 0.12742557 
358 208 10 11 0.1259222 
715 301 10 13 0.11359812 
634 244 8 10 0.110914335 
554 303 8 10 0.108697034 
125 186 14 17 0.10329273 
686 235 10 13 0.099070475 
127 280 9 12 0.09735685 
659 239 6 10 0.08569403 
755 279 8 10 0.08412963 
37 222 8 12 0.07619297 
616 249 8 10 0.05779104 
276 257 15 17 0.056485765 
656 245 7 10 0.050463844 
609 248 7 11 0.049617413 
690 223 7 11 0.047858033 
276 265 16 18 0.040644154 
702 288 9 11 0.040330414 
668 230 9 12 0.037178367 
621 248 8 11 0.036478184 
222 286 8 11 0.035721757 
702 293 8 11 0.034731112 
459 248 17 24 0.03201832 
663 243 8 10 0.03072006 
293 266 10 15 0.03017622 
712 295 10 13 0.029941987 
462 244 12 17 0.02921245 
658 232 8 10 0.025623841 
177 309 8 11 0.025537135 
98 311 16 16 0.025019657 
52 188 11 14 0.023033647 
665 299 9 10 0.022385774 
37 216 9 12 0.022083221 
271 259 12 16 0.021363627 
148 292 11 13 0.021213267 
571 268 9 12 0.0208489 
120 266 11 13 0.020660516 
