19_Couple_Couple_19_743
26
402 305 33 38 0.9981481 
523 277 34 41 0.99802655 
695 410 30 38 0.9979456 
801 300 36 40 0.9965467 
859 301 32 41 0.99607396 
127 319 28 35 0.99592376 
447 307 29 36 0.99516416 
155 311 29 34 0.9934836 
669 395 27 31 0.98961115 
181 474 22 35 0.9497358 
275 415 26 37 0.93564194 
144 313 27 35 0.6134955 
635 327 17 21 0.61227286 
756 213 25 26 0.5943113 
319 216 24 25 0.2239686 
602 320 19 20 0.17979153 
602 298 15 19 0.10681456 
626 301 14 16 0.09204289 
642 358 18 21 0.06064384 
593 327 24 28 0.056020003 
637 319 14 16 0.041185454 
575 315 13 16 0.039033953 
637 307 13 17 0.029779611 
599 384 24 24 0.023722349 
501 474 27 22 0.022338461 
574 349 11 14 0.020903988 
