40_Gymnastics_Gymnastics_40_492
49
308 7 25 32 0.99577576 
472 149 36 52 0.99545884 
509 54 24 31 0.9953518 
556 131 40 48 0.9953134 
549 46 24 31 0.9946366 
654 123 39 52 0.99433315 
359 149 39 53 0.9932985 
485 63 22 30 0.9923847 
207 17 25 31 0.99110854 
585 80 22 26 0.9806631 
378 0 23 24 0.97982246 
266 16 22 31 0.97583145 
362 76 22 28 0.9716632 
468 78 20 27 0.95056975 
35 2 21 28 0.935381 
309 72 19 32 0.9229946 
449 0 23 19 0.92028785 
354 0 19 21 0.9070966 
447 108 20 26 0.8839109 
307 46 20 32 0.8331494 
167 16 21 27 0.82215726 
336 0 26 23 0.80509317 
413 0 22 18 0.6098081 
402 24 21 25 0.5351735 
387 67 14 16 0.39828914 
71 -1 21 19 0.3578469 
403 67 13 19 0.28679723 
223 24 23 29 0.24143794 
972 1 33 40 0.23855537 
477 71 22 30 0.20806713 
426 80 14 17 0.1792599 
214 -1 23 20 0.13944376 
494 3 15 20 0.12860873 
372 73 21 27 0.09526851 
916 0 17 11 0.05763931 
283 0 16 12 0.057050023 
0 -1 21 27 0.053767975 
447 57 15 19 0.043805465 
988 8 27 34 0.040433746 
318 0 26 30 0.03575287 
1005 22 15 20 0.034898985 
259 3 27 33 0.032353826 
5 84 13 17 0.032147307 
271 0 23 26 0.028186966 
599 79 17 24 0.026328053 
393 63 19 23 0.025284471 
332 94 15 18 0.024945267 
16 4 33 29 0.024478607 
59 9 13 20 0.021857725 
