40_Gymnastics_Gymnastics_40_566
26
464 153 60 85 0.9986437 
481 609 23 32 0.5862307 
593 616 18 21 0.5766712 
142 238 25 32 0.5729488 
223 245 20 24 0.23156635 
77 240 25 35 0.20428383 
102 300 24 34 0.17548126 
200 194 21 28 0.14970946 
810 594 17 22 0.1200678 
23 25 23 28 0.110372595 
0 250 30 40 0.094644636 
31 357 22 28 0.08948084 
697 201 18 21 0.07877592 
127 200 20 24 0.073983036 
150 129 21 26 0.06578614 
344 186 21 26 0.06554614 
743 132 23 29 0.05522386 
812 203 18 21 0.04034861 
53 180 28 33 0.034310486 
34 128 29 34 0.032279506 
282 251 17 21 0.029360065 
4 273 26 36 0.028832369 
192 168 17 21 0.025061214 
274 187 18 23 0.02378076 
13 317 18 21 0.022415647 
70 335 21 28 0.020145891 
