40_Gymnastics_Gymnastics_40_891
30
678 489 31 39 0.99876773 
458 478 28 35 0.99873585 
523 304 27 35 0.9986904 
69 305 32 40 0.9985562 
676 394 30 37 0.998514 
547 379 29 37 0.9984835 
380 288 29 36 0.9982651 
605 389 31 41 0.9981772 
387 482 28 34 0.9981629 
259 279 29 38 0.99813676 
760 332 30 36 0.99813336 
322 294 28 37 0.9979962 
607 485 30 38 0.9979563 
922 359 31 39 0.9979519 
737 498 33 40 0.997917 
122 298 31 38 0.99791414 
450 305 28 33 0.997914 
521 480 30 37 0.99788505 
697 336 27 34 0.9978789 
477 387 29 33 0.9978757 
874 352 31 38 0.9978265 
581 321 25 34 0.9977034 
184 310 30 36 0.99757 
669 282 29 36 0.9974112 
843 347 27 33 0.99710745 
762 414 30 34 0.9970667 
823 334 25 35 0.99650085 
491 483 12 14 0.022726445 
889 355 25 31 0.022503357 
504 485 12 15 0.020243471 
