40_Gymnastics_Gymnastics_40_331
37
500 89 57 65 0.9941486 
786 409 16 20 0.6282856 
769 466 17 21 0.21681948 
850 297 15 19 0.16178088 
773 369 15 18 0.15042396 
701 372 13 17 0.10779311 
853 408 16 21 0.09993015 
436 312 16 20 0.08196821 
761 325 15 18 0.076324336 
746 308 14 15 0.0686483 
798 288 13 17 0.06279073 
811 440 16 19 0.051633336 
897 401 17 23 0.0511555 
489 406 18 21 0.05015499 
804 289 13 17 0.04966641 
914 296 18 22 0.04556739 
758 317 12 14 0.04321464 
716 283 15 18 0.038724944 
724 367 11 14 0.037306387 
953 410 16 21 0.035191394 
872 410 22 27 0.03408317 
4 261 16 20 0.03235852 
374 314 17 20 0.028946849 
857 408 22 28 0.028515307 
817 275 13 17 0.028066272 
848 259 13 17 0.026296226 
882 412 16 21 0.026212307 
746 330 14 16 0.025617324 
916 397 16 21 0.024485093 
976 333 15 16 0.02442163 
964 345 26 32 0.024249263 
747 179 15 17 0.023849623 
746 368 16 19 0.023717193 
831 365 14 16 0.021852076 
846 285 21 25 0.020821258 
819 410 15 19 0.020808507 
775 273 13 16 0.02048249 
