40_Gymnastics_Gymnastics_40_668
81
189 63 110 138 0.9996093 
283 198 112 145 0.9993394 
397 183 88 124 0.9987847 
100 257 174 151 0.99874616 
500 191 80 117 0.998429 
654 196 78 91 0.9971662 
869 211 92 99 0.99603856 
979 279 16 19 0.93787223 
760 245 13 17 0.89740163 
693 78 11 14 0.89048517 
713 42 10 14 0.8659554 
652 32 9 11 0.79759413 
752 32 11 15 0.77024746 
437 92 10 13 0.7174436 
673 41 11 15 0.59339 
581 30 9 11 0.5541611 
612 44 10 13 0.54987735 
847 61 12 16 0.5185464 
673 60 9 13 0.41880506 
96 56 10 12 0.3939786 
787 54 12 14 0.32755035 
686 31 11 13 0.28700185 
708 60 10 13 0.2739244 
736 246 13 19 0.25270727 
21 425 43 59 0.24819651 
89 39 8 11 0.2460479 
109 79 9 11 0.24088165 
17 39 11 12 0.2401502 
558 45 9 11 0.21165478 
693 30 11 13 0.16979793 
637 47 9 11 0.1643682 
519 30 8 9 0.16008964 
798 52 10 13 0.15960425 
59 37 10 11 0.14626661 
607 31 8 10 0.13990016 
60 52 9 14 0.13625392 
662 47 9 12 0.13503706 
543 36 8 11 0.10434137 
631 31 8 10 0.08512293 
877 31 12 14 0.08191177 
80 75 8 11 0.08129554 
701 76 11 14 0.08090454 
847 30 9 11 0.07949496 
879 55 10 12 0.076402575 
15 62 9 12 0.05775011 
671 68 11 16 0.057660915 
861 39 11 13 0.05672987 
522 60 8 10 0.053909924 
2 100 9 13 0.053574525 
657 46 10 13 0.052978784 
100 58 10 13 0.04788283 
926 45 9 11 0.045555778 
20 43 10 12 0.044280827 
86 59 9 12 0.04376237 
623 32 9 10 0.04019488 
577 67 9 12 0.039114013 
913 615 7 10 0.037498903 
703 56 10 14 0.03138237 
897 63 9 11 0.030610876 
673 54 10 14 0.027189055 
656 75 10 14 0.026769921 
603 31 7 10 0.026548967 
615 32 9 9 0.025786242 
708 76 10 14 0.025576161 
558 51 10 13 0.024777943 
525 57 9 11 0.024415046 
861 31 10 12 0.024339845 
888 44 10 13 0.023239404 
710 52 10 15 0.022681378 
25 94 8 11 0.022526296 
702 103 12 15 0.022075117 
910 45 9 10 0.02147272 
696 57 10 14 0.021433 
438 36 9 11 0.021229202 
648 46 8 11 0.020931968 
151 225 171 147 0.020664565 
545 54 9 13 0.020577421 
515 30 7 9 0.020565627 
0 52 8 13 0.02042892 
625 63 9 12 0.02042586 
862 63 9 10 0.020205224 
