40_Gymnastics_Gymnastics_40_593
93
302 183 43 60 0.99902606 
842 254 39 50 0.9973598 
629 203 39 53 0.99687934 
171 262 42 53 0.99671423 
543 183 39 53 0.9955655 
71 290 37 47 0.9952407 
753 195 37 50 0.99402255 
939 299 38 51 0.99388134 
421 208 34 50 0.99351114 
36 246 45 53 0.98790723 
16 108 20 28 0.9323333 
556 132 23 30 0.9086208 
15 217 19 23 0.9002814 
99 40 19 26 0.8842269 
23 47 22 30 0.8705971 
167 138 19 25 0.8503032 
111 117 19 22 0.8210157 
910 28 16 20 0.76720166 
770 0 20 23 0.71018654 
231 253 18 26 0.700556 
867 193 18 22 0.6434555 
840 35 17 20 0.55419534 
947 119 18 22 0.5486837 
618 160 26 35 0.51365757 
971 72 18 23 0.49988014 
143 234 20 27 0.46458587 
1 271 16 19 0.27859595 
945 257 20 21 0.26475632 
159 24 23 29 0.22451365 
233 34 16 19 0.22341074 
931 176 16 21 0.22208786 
1011 32 13 21 0.21743685 
88 163 26 29 0.2148818 
955 89 13 16 0.21188876 
695 1 20 22 0.18975663 
76 63 13 16 0.18878192 
412 65 20 25 0.17685792 
565 13 24 27 0.16441177 
703 104 32 38 0.16283704 
624 150 26 36 0.16095704 
778 174 23 30 0.13774489 
357 19 22 26 0.11738835 
796 72 16 22 0.11278961 
477 98 26 32 0.11093202 
66 231 26 33 0.10274227 
114 449 16 19 0.0995467 
40 117 14 19 0.09852377 
82 179 28 37 0.09044906 
459 92 11 13 0.072601125 
804 52 10 14 0.07248014 
1006 40 15 22 0.07102591 
834 84 11 15 0.07060528 
558 91 27 33 0.05974033 
547 72 17 21 0.058454134 
126 392 10 12 0.05528685 
696 261 25 34 0.054125786 
710 31 20 27 0.051414862 
628 31 24 26 0.049756315 
151 57 22 27 0.048468206 
0 68 7 15 0.047146536 
695 31 14 19 0.043717727 
504 83 13 17 0.04210511 
555 80 24 29 0.041035254 
617 0 20 20 0.03651899 
791 66 12 18 0.03545064 
644 17 13 18 0.03507866 
637 21 24 33 0.03457561 
825 0 21 16 0.03414155 
884 115 15 20 0.03393161 
865 49 16 20 0.033871844 
695 182 22 32 0.03275037 
746 163 24 32 0.03149608 
966 102 14 17 0.031165361 
412 114 25 27 0.03087702 
793 106 17 22 0.030713351 
679 66 12 17 0.029572783 
665 32 15 19 0.029245714 
120 396 9 11 0.028825525 
833 1 20 13 0.028588109 
159 20 15 21 0.028465452 
600 17 13 15 0.028248861 
659 63 14 17 0.027551739 
500 15 15 18 0.025812078 
111 406 7 9 0.024659848 
28 0 13 12 0.024486773 
557 2 26 27 0.02413822 
623 35 16 18 0.024070095 
508 34 13 16 0.023813698 
435 14 19 25 0.02375361 
463 124 13 17 0.022891205 
698 29 21 27 0.022848602 
84 196 19 23 0.022588411 
911 51 14 20 0.021077264 
