40_Gymnastics_Gymnastics_40_197
18
496 466 112 207 0.9983736 
830 1180 52 74 0.37157795 
628 1497 60 78 0.33934334 
527 1037 50 76 0.24817985 
232 805 50 71 0.22582276 
240 1151 52 97 0.17420706 
497 1533 55 63 0.14040762 
104 838 48 68 0.115642175 
307 1253 149 208 0.0658836 
729 1290 51 66 0.05791046 
15 794 49 63 0.053161282 
548 1284 178 269 0.034324583 
44 1142 203 319 0.030027436 
196 250 41 53 0.028979024 
369 1258 149 220 0.027046131 
284 723 40 57 0.022364734 
896 1056 48 62 0.021311993 
849 1501 21 29 0.02091716 
