40_Gymnastics_Gymnastics_40_255
18
565 369 63 42 0.9559076 
552 184 55 49 0.15708551 
652 451 12 15 0.08862229 
703 371 9 11 0.07076457 
320 461 13 16 0.065376714 
191 352 12 14 0.054906588 
533 351 26 29 0.042675555 
228 446 13 15 0.040104315 
163 181 16 18 0.038752038 
223 464 9 11 0.037274543 
745 398 12 14 0.035584353 
117 526 8 11 0.031611145 
389 411 8 10 0.02952811 
245 178 17 19 0.028455535 
139 366 13 15 0.023470404 
552 491 10 13 0.023319623 
612 479 11 15 0.023148524 
98 254 20 29 0.021027954 
