40_Gymnastics_Gymnastics_40_762
20
584 427 116 186 0.99974614 
289 1127 36 44 0.58967215 
123 945 30 38 0.2959597 
217 1069 37 47 0.23697105 
339 1206 30 38 0.10884181 
21 948 35 43 0.10689655 
64 872 31 43 0.08536051 
972 1098 42 52 0.046854004 
18 967 39 51 0.040085603 
866 1111 32 40 0.039929435 
572 883 31 38 0.034054894 
165 1145 34 47 0.031185888 
902 621 25 29 0.02742872 
668 890 36 44 0.024747605 
769 600 35 45 0.024640612 
66 1218 25 37 0.02293522 
119 1070 30 37 0.022229759 
922 967 38 44 0.021511408 
817 630 22 26 0.021251213 
751 1106 28 35 0.0200044 
