40_Gymnastics_Gymnastics_40_638
21
971 319 12 15 0.7645373 
454 323 33 44 0.7425943 
670 363 12 17 0.12142571 
733 262 13 17 0.10621502 
870 330 9 13 0.08783974 
865 328 10 12 0.07028615 
655 356 16 19 0.06989634 
921 374 11 13 0.06196076 
785 325 13 16 0.061889455 
643 375 15 19 0.05840277 
959 375 9 11 0.057027407 
903 368 12 16 0.04705441 
890 340 11 14 0.037232332 
397 303 9 11 0.033370443 
757 339 15 19 0.03298368 
910 411 14 19 0.029740425 
949 335 10 13 0.029497584 
936 381 11 13 0.028343976 
689 327 10 13 0.027246583 
972 356 11 13 0.026872944 
728 261 13 16 0.025034197 
