53_Raid_policeraid_53_805
22
408 184 38 44 0.99877864 
191 217 26 37 0.9964226 
826 196 26 35 0.8101133 
808 219 23 31 0.34714195 
382 151 12 16 0.1335773 
497 184 23 26 0.130872 
582 164 19 34 0.09205201 
816 215 19 25 0.081361555 
820 186 24 29 0.072956495 
334 218 14 26 0.07233766 
819 176 17 24 0.060393095 
692 209 24 35 0.05343759 
792 221 24 32 0.042489987 
821 207 18 26 0.04009735 
485 184 27 32 0.038662102 
781 221 24 30 0.033178743 
773 172 12 15 0.03260556 
571 61 15 19 0.027761484 
885 199 12 23 0.027075822 
219 208 13 22 0.02613007 
839 197 24 32 0.024497315 
575 162 17 32 0.023468023 
