53_Raid_policeraid_53_696
67
266 206 28 37 0.9801895 
493 245 23 29 0.8972656 
370 239 23 28 0.87491626 
423 219 22 30 0.85018396 
450 247 23 28 0.7814929 
650 271 19 23 0.732554 
555 252 20 29 0.7187136 
345 225 23 31 0.5064339 
869 281 18 20 0.44251293 
727 237 32 36 0.3990076 
348 201 18 20 0.27246636 
161 156 53 66 0.20057744 
194 214 30 34 0.17451754 
370 226 24 29 0.12064503 
891 281 16 21 0.11202551 
417 229 24 29 0.11076266 
830 289 16 20 0.10446484 
670 267 25 32 0.08854496 
339 208 17 20 0.08559103 
933 265 22 29 0.07747615 
662 352 24 28 0.07645999 
39 333 23 30 0.06383611 
380 232 24 30 0.06149277 
961 232 49 68 0.061177995 
602 267 18 20 0.059340518 
587 300 24 27 0.058285464 
844 366 21 24 0.05629451 
785 284 16 19 0.049456306 
410 237 18 25 0.048581302 
528 343 33 33 0.04551577 
217 386 26 34 0.04318807 
59 265 17 19 0.03986286 
164 202 33 42 0.038411144 
733 255 29 35 0.038212504 
314 219 22 27 0.03727384 
122 220 25 29 0.036865987 
776 253 24 30 0.036293518 
314 248 23 29 0.035483688 
811 293 13 17 0.03508973 
833 284 23 28 0.034422137 
802 281 16 21 0.03376635 
438 288 30 35 0.032653924 
158 261 44 49 0.031957656 
177 184 50 59 0.031932462 
864 266 19 22 0.031537753 
863 263 14 16 0.03051422 
610 273 16 20 0.029431535 
351 392 19 22 0.028874047 
342 213 21 29 0.028852422 
224 210 24 31 0.028676832 
487 256 26 31 0.026804639 
620 281 18 22 0.025364596 
516 280 22 27 0.024928696 
185 169 40 47 0.02487622 
365 233 20 25 0.024852473 
782 271 24 28 0.024277056 
718 212 45 66 0.02378841 
850 266 15 18 0.023373067 
393 233 18 25 0.022963908 
430 212 21 25 0.022736615 
794 271 22 29 0.02256763 
313 371 28 34 0.021802934 
195 363 18 23 0.02119134 
332 356 24 33 0.02098642 
850 282 16 20 0.020926768 
349 193 15 18 0.02091963 
138 289 26 34 0.020895915 
