48_Parachutist_Paratrooper_Parachutist_Paratrooper_48_72
23
335 281 359 312 0.082817115
475 283 501 312 0.08202547
693 285 716 313 0.06402512
615 285 636 312 0.060334567
287 356 311 388 0.048623186
617 333 641 362 0.038971327
566 283 589 311 0.035937537
376 243 403 277 0.035342198
268 72 373 215 0.034356695
254 280 281 313 0.03434342
890 367 930 418 0.031694185
531 331 554 362 0.029737683
412 282 438 314 0.027879894
519 280 541 308 0.027836394
179 280 217 325 0.026518691
672 283 696 313 0.025013048
592 285 616 314 0.024257885
640 411 666 444 0.023106242
530 304 553 334 0.022952184
50 323 73 351 0.02238859
485 461 511 492 0.022297567
673 75 702 111 0.02215221
564 352 586 380 0.020865018
