48_Parachutist_Paratrooper_Parachutist_Paratrooper_48_75
22
733 194 809 289 0.6275428
376 85 424 144 0.5422731
857 153 902 211 0.12690192
465 203 503 253 0.077686176
639 350 731 465 0.059832428
255 0 290 37 0.054045502
491 144 521 181 0.051499136
650 5 695 52 0.04868379
940 224 1025 350 0.04399696
808 123 892 224 0.041027926
76 19 107 57 0.033079226
265 251 302 295 0.03052648
496 541 543 593 0.030217536
804 247 881 365 0.028440189
24 47 52 81 0.021718077
958 33 1005 92 0.021691075
376 14 409 53 0.021473475
339 94 371 135 0.021150514
650 220 776 375 0.020862196
247 161 288 209 0.020649277
760 473 861 624 0.020120062
320 2 370 54 0.020042632
