48_Parachutist_Paratrooper_Parachutist_Paratrooper_48_72
84
95 324 28 33 0.9974717 
170 292 29 32 0.9958079 
54 321 25 27 0.9937756 
613 327 23 29 0.9937215 
255 277 25 32 0.99243826 
17 308 24 27 0.9882102 
334 282 24 28 0.9853453 
456 305 20 24 0.9845644 
863 301 15 18 0.984097 
482 296 19 23 0.97391814 
708 285 15 16 0.9661115 
402 287 21 28 0.956741 
766 305 14 17 0.9424228 
956 307 12 14 0.91998005 
897 304 9 11 0.885599 
935 297 13 16 0.86910737 
841 299 10 12 0.8388279 
198 299 19 27 0.82063484 
808 295 11 14 0.7896686 
537 288 14 19 0.78465706 
909 315 15 18 0.757656 
569 288 13 18 0.6833816 
48 305 15 18 0.40142038 
791 300 11 14 0.3764046 
604 293 12 16 0.33418638 
824 319 12 14 0.3262892 
862 331 11 12 0.29983747 
749 293 13 17 0.2983755 
0 317 12 23 0.2933717 
236 299 15 18 0.26857573 
995 319 10 11 0.23514873 
974 309 11 13 0.2286709 
134 330 16 18 0.22792877 
460 284 9 12 0.19033587 
1013 304 9 12 0.18831038 
800 322 12 13 0.18787065 
919 340 11 14 0.17774235 
669 313 8 9 0.13911809 
516 301 11 15 0.120292045 
976 302 9 13 0.11939931 
274 285 24 31 0.11157816 
826 309 13 15 0.1065321 
984 341 9 12 0.08815944 
928 301 10 13 0.07488009 
792 317 11 13 0.074659616 
567 270 12 14 0.07105746 
790 305 13 16 0.05768092 
611 292 11 15 0.05308792 
931 324 11 15 0.05297681 
513 306 11 14 0.052328356 
1001 337 8 10 0.04614936 
925 306 11 13 0.04367359 
899 307 11 14 0.04353074 
387 250 12 17 0.04257717 
799 295 11 13 0.036637675 
631 293 12 14 0.036569323 
89 313 27 30 0.035747405 
1013 318 9 13 0.035389718 
1005 335 9 11 0.035323177 
687 302 10 13 0.034428213 
878 301 9 12 0.034216624 
210 291 22 29 0.033277147 
965 301 10 13 0.03216693 
498 300 12 15 0.03132948 
992 322 11 13 0.030935904 
86 304 23 26 0.030758128 
758 299 13 17 0.030249719 
979 300 11 12 0.029453605 
989 342 8 11 0.027821716 
783 326 11 13 0.027254723 
665 316 10 11 0.026680892 
518 294 13 18 0.025725914 
524 293 13 16 0.024544999 
703 310 11 12 0.023975343 
1013 324 9 12 0.023775104 
965 308 11 13 0.023052342 
868 326 12 14 0.022969587 
233 291 12 17 0.02100931 
1009 324 9 11 0.02097251 
611 298 13 18 0.02064008 
239 286 25 27 0.020575115 
985 337 8 10 0.020569678 
928 294 12 15 0.020372821 
0 308 22 28 0.02035289 
