17_Ceremony_Ceremony_17_470
46
727 202 782 271 0.9805947
481 250 531 313 0.95345145
940 273 991 336 0.8518193
77 252 123 308 0.82868594
227 222 271 276 0.694119
579 278 621 333 0.48391935
355 179 398 234 0.39660022
673 278 711 329 0.26988837
285 295 359 383 0.26453018
815 327 860 394 0.20720784
202 291 246 344 0.17317452
178 257 213 302 0.16617262
526 252 568 308 0.10964767
700 385 744 440 0.0939857
-1 293 32 345 0.089932315
388 247 419 287 0.08272198
901 355 932 394 0.071931474
964 369 996 413 0.059824727
865 318 898 365 0.04618893
642 303 677 350 0.039951686
628 223 658 261 0.039913304
172 324 216 379 0.039355896
991 425 1016 463 0.03563774
277 252 314 299 0.033028524
148 342 188 397 0.031801265
910 423 941 465 0.031192515
64 340 128 422 0.030840132
303 201 338 244 0.030202752
776 210 817 270 0.029013032
114 243 149 289 0.028719824
0 251 39 309 0.028076308
249 267 294 328 0.027451472
774 371 837 442 0.026838696
932 199 1006 301 0.025180006
895 139 931 190 0.025035283
400 303 432 348 0.023786461
537 207 568 244 0.023690123
49 244 88 298 0.022286737
891 274 931 326 0.022135636
562 204 589 239 0.02212386
125 319 161 365 0.021750495
969 398 1003 445 0.021579426
835 301 899 390 0.021474265
378 119 410 157 0.021423182
347 260 386 311 0.020669507
41 194 79 243 0.020486545
