17_Ceremony_Ceremony_17_300
28
187 151 232 210 0.94819206
428 138 471 192 0.941739
733 133 774 185 0.9352174
597 150 640 205 0.87338126
311 151 356 207 0.80516607
347 13 377 52 0.08442955
488 258 529 310 0.0649357
373 102 411 150 0.05181752
738 432 772 475 0.045366723
613 70 642 108 0.045146782
362 192 403 242 0.0434899
407 29 434 63 0.0374729
540 270 570 313 0.036141355
661 219 693 264 0.035641275
534 27 560 60 0.03391623
628 301 657 335 0.03350782
346 41 377 81 0.03111328
558 46 585 79 0.02595022
430 0 460 33 0.025878796
249 199 282 241 0.025762675
848 68 878 108 0.025267731
385 42 414 79 0.024172502
477 167 509 207 0.023364656
248 120 286 171 0.021503963
534 179 561 216 0.021058615
516 40 545 77 0.021046888
658 176 688 216 0.02076449
592 50 618 84 0.020512827
