17_Ceremony_Ceremony_17_588
55
955 158 1001 217 0.78283274
88 170 127 223 0.7487386
250 213 280 249 0.5289404
188 350 219 389 0.47740015
300 354 325 386 0.38045773
96 317 138 366 0.33952478
755 188 787 227 0.3111218
571 213 597 247 0.27788258
434 230 459 262 0.18272814
25 585 56 624 0.12773171
336 254 361 285 0.12319233
329 275 362 317 0.11634528
241 306 273 344 0.11346339
491 278 514 306 0.09146407
354 350 382 386 0.07813083
256 246 287 285 0.077169344
289 376 317 411 0.062757045
310 290 345 335 0.0620297
206 275 234 311 0.05769907
879 296 907 334 0.05534173
350 299 381 342 0.055209354
228 270 258 308 0.05379985
671 271 699 308 0.05194835
250 353 282 389 0.050234172
151 349 182 389 0.050169833
170 396 210 451 0.04576834
288 405 315 440 0.04511857
148 272 178 311 0.043913126
39 609 73 653 0.04306556
286 334 315 371 0.042793915
477 359 509 394 0.038860746
336 326 367 366 0.037944786
52 165 94 217 0.037598036
271 223 299 259 0.036804184
206 461 234 497 0.03605738
536 356 562 386 0.03522187
673 308 699 340 0.03411864
61 289 107 342 0.033264834
180 306 211 346 0.033142626
941 345 970 383 0.031515326
37 219 74 264 0.028985087
917 270 947 309 0.026864229
832 336 871 384 0.024906633
507 331 534 361 0.0247243
92 205 135 263 0.024691384
416 250 446 288 0.024680318
18 166 55 210 0.024234202
454 228 481 262 0.024213219
304 428 331 463 0.024198396
19 253 91 342 0.02262698
670 222 696 256 0.021446522
153 298 184 339 0.021094428
509 351 538 384 0.020683546
685 206 713 241 0.020073203
178 274 209 315 0.02006278
