17_Ceremony_Ceremony_17_944
73
839 508 864 540 0.40614808
705 535 731 567 0.28917566
870 505 894 536 0.27651915
730 490 754 520 0.23571809
224 535 250 565 0.21219987
264 508 289 538 0.20055567
788 501 814 536 0.17437615
326 504 350 534 0.1686317
795 596 823 631 0.1590324
650 534 676 567 0.15429765
866 583 895 621 0.12740664
873 607 902 646 0.12352262
210 512 235 541 0.11059679
45 542 72 576 0.09889067
658 513 682 543 0.092993684
972 574 1015 629 0.079033315
261 486 285 516 0.074544996
920 513 950 549 0.07406155
689 458 711 488 0.07184745
825 527 854 564 0.06758593
916 608 948 650 0.06190187
161 510 184 537 0.061646134
210 484 234 513 0.060931977
839 560 873 602 0.059457384
690 484 712 512 0.055716477
281 533 308 564 0.055106156
131 560 157 591 0.054769862
314 488 338 518 0.054518893
764 603 797 641 0.05450727
696 510 721 540 0.052234184
890 582 919 617 0.05195504
326 566 349 595 0.051921174
157 482 179 511 0.049980585
309 559 332 587 0.04785382
155 536 181 567 0.047459014
89 512 118 545 0.045333363
812 586 841 625 0.043565914
0 464 28 510 0.041972253
289 591 314 623 0.039995603
875 529 901 561 0.037354477
946 562 975 603 0.036667768
658 580 683 610 0.036148716
177 484 199 512 0.03601766
638 453 663 486 0.036001578
588 463 610 491 0.035167087
279 468 299 494 0.03505254
942 601 975 646 0.034458414
894 510 921 544 0.03397193
83 531 110 567 0.031318333
136 483 158 513 0.031251933
467 432 489 460 0.030863758
739 413 766 446 0.030029427
366 534 389 561 0.029999048
5 511 27 545 0.029962102
516 408 537 436 0.029116897
611 536 631 563 0.029100813
923 581 951 616 0.028317504
964 530 998 570 0.028009882
146 586 176 624 0.02709626
485 433 508 462 0.026865628
27 556 55 591 0.026543556
691 615 724 652 0.026188271
918 473 951 514 0.026188241
740 457 765 487 0.0260067
943 511 970 546 0.025140919
-5 3 164 123 0.024599351
669 439 693 471 0.022878379
5 587 31 627 0.02130653
793 528 820 561 0.02122181
559 553 586 590 0.02111619
415 510 444 545 0.02034701
175 560 206 595 0.02019315
484 454 509 486 0.020142289
