17_Ceremony_Ceremony_17_253
48
50 725 86 761 0.08348914
209 165 239 201 0.074300386
463 308 491 343 0.04912387
462 717 494 752 0.047286462
847 152 876 188 0.0453398
154 433 176 462 0.041663453
803 670 826 700 0.03898877
335 436 360 468 0.037703156
564 174 589 205 0.03743054
863 170 891 203 0.037136268
903 102 930 135 0.03642356
865 119 891 151 0.03534346
352 333 380 369 0.03482546
876 691 904 725 0.034416623
877 458 906 497 0.032636486
24 727 59 764 0.03234894
674 667 694 691 0.032132626
21 560 45 593 0.031621084
792 350 817 382 0.030972423
587 146 613 179 0.030229937
71 178 97 209 0.027750367
569 130 591 159 0.025885912
358 383 386 421 0.025352282
134 320 165 364 0.025090469
693 669 716 697 0.0250734
511 361 534 391 0.025068093
765 719 794 752 0.025021221
847 717 876 751 0.024717914
946 732 978 766 0.024313375
770 480 796 512 0.02409959
795 382 818 412 0.02405221
918 124 941 153 0.023787377
659 723 691 759 0.023755522
931 328 955 358 0.023706947
877 433 904 467 0.02341554
380 4 408 34 0.023132076
313 128 337 158 0.022679832
232 512 260 544 0.022548426
413 173 441 207 0.022263361
986 11 1021 65 0.021691207
615 439 642 471 0.021516778
532 151 555 179 0.021502838
924 408 953 444 0.021115586
683 730 715 763 0.02094117
739 332 762 362 0.02088875
180 430 203 459 0.02032487
511 173 536 203 0.020250773
363 157 388 187 0.020141797
