17_Ceremony_Ceremony_17_218
80
244 500 288 554 0.96659577
891 504 933 557 0.96035326
199 430 243 486 0.9571013
41 515 85 569 0.93849385
392 529 430 580 0.93636256
248 383 285 431 0.9292809
283 315 319 361 0.9292375
492 395 527 441 0.9124647
152 364 191 411 0.9113507
518 519 565 578 0.90986264
759 459 803 514 0.8956334
646 474 689 528 0.8696909
132 550 175 603 0.86508346
562 335 587 367 0.8363842
852 421 889 469 0.82304776
364 415 405 466 0.8136099
925 344 961 388 0.8072387
872 365 907 408 0.80575496
185 309 216 349 0.7924333
703 424 738 468 0.7808147
817 317 849 356 0.78015643
40 425 76 471 0.7789206
718 302 748 341 0.7640073
9 362 44 408 0.7511324
512 326 540 362 0.74566674
323 487 363 537 0.7085365
641 320 667 354 0.6906892
938 480 975 528 0.6871704
542 448 579 496 0.6733425
364 354 397 396 0.5897733
960 419 995 463 0.58399236
57 315 88 354 0.52727467
991 355 1018 398 0.4331481
582 401 618 444 0.39580432
460 458 495 503 0.37292823
72 669 172 769 0.36375257
427 427 462 471 0.34892243
775 707 829 761 0.30570576
759 374 793 420 0.25271544
693 301 725 343 0.2056931
73 458 110 505 0.19965574
629 437 662 479 0.1408824
618 322 647 360 0.13469581
938 667 993 730 0.13010803
356 679 408 744 0.11003536
424 468 460 515 0.10053201
582 332 609 368 0.08653807
536 307 561 339 0.08252087
487 309 513 343 0.07399284
128 355 161 398 0.07270472
138 479 176 530 0.06943821
666 308 693 344 0.06390408
964 442 1006 501 0.063355505
410 355 445 400 0.06320443
992 537 1025 587 0.054591447
406 303 443 344 0.051862087
368 471 407 520 0.047810603
798 307 829 347 0.04638188
344 518 385 572 0.04630248
527 722 564 759 0.046155643
304 372 342 418 0.045195792
453 300 486 338 0.044147763
815 397 848 441 0.039555658
895 546 935 598 0.039330013
436 278 468 315 0.039278142
335 353 368 394 0.03916458
505 448 543 497 0.037176162
430 690 469 740 0.037050147
765 334 797 373 0.035887256
808 454 843 500 0.035156373
975 332 1002 371 0.03455301
140 425 179 474 0.034468304
607 381 635 417 0.033501912
167 494 211 557 0.03348076
48 344 86 392 0.031823907
790 349 820 387 0.031049926
157 299 193 346 0.030570222
533 374 565 415 0.029614966
657 349 688 388 0.029530885
462 337 608 498 0.028787894
