17_Ceremony_Ceremony_17_592
54
684 196 717 239 0.7245834
49 323 81 362 0.25478324
406 361 438 401 0.19075829
669 241 702 285 0.120619215
161 249 192 288 0.08482887
129 296 157 332 0.07330593
851 138 898 190 0.070811465
408 256 437 291 0.07056515
179 307 206 341 0.070376255
368 191 403 238 0.06485218
420 306 449 341 0.06154297
198 306 229 343 0.059497673
127 360 154 392 0.056722343
282 353 311 390 0.054967772
362 329 389 362 0.054720256
463 376 492 409 0.051282335
228 354 255 387 0.04892445
780 249 813 290 0.047963545
331 199 356 233 0.047540985
42 350 80 394 0.045563668
591 250 620 286 0.039570082
541 282 565 313 0.038944896
204 355 231 390 0.038395595
721 305 749 340 0.038348727
550 381 592 438 0.036205154
3 377 25 409 0.03557997
382 267 418 308 0.03493664
649 203 679 242 0.03293336
586 304 613 338 0.031611342
740 324 767 355 0.031122573
459 277 486 309 0.031064447
491 281 517 312 0.029669316
683 261 718 311 0.029632095
300 331 327 366 0.029224062
885 162 936 224 0.029078808
144 352 174 387 0.028421605
152 330 178 360 0.027109116
543 327 569 360 0.027020374
543 305 566 334 0.026775144
151 297 184 337 0.026589233
1 410 25 446 0.026308449
737 361 766 397 0.025273101
512 286 535 315 0.024977865
340 353 368 388 0.024874767
262 328 288 360 0.024457142
455 401 489 440 0.02436876
259 357 285 390 0.024034739
860 106 895 147 0.023990946
337 379 365 413 0.023634288
413 487 443 524 0.022938656
769 331 792 360 0.022856364
710 247 746 293 0.021664629
788 359 814 392 0.02096687
551 351 582 390 0.020829653
