17_Ceremony_Ceremony_17_368
18
360 155 427 249 0.9721404
587 121 667 215 0.9688737
725 221 776 280 0.2531281
431 150 462 193 0.12461399
450 145 488 195 0.056837358
128 15 155 49 0.052774988
906 197 937 239 0.05081482
282 231 320 280 0.038146347
250 141 281 182 0.032565247
306 318 349 375 0.02624614
283 351 324 397 0.024893146
859 319 910 377 0.024438724
366 226 449 333 0.023204034
246 192 280 240 0.023010943
704 257 796 369 0.023005819
180 174 207 212 0.02200635
419 4 514 127 0.021302072
479 158 517 202 0.021009734
