18_Concerts_Concerts_18_853
30
918 216 962 275 0.94365215
745 120 787 175 0.82763976
601 234 643 288 0.7555679
758 205 803 259 0.44469252
613 296 650 342 0.10023888
812 257 846 303 0.074098766
825 555 867 612 0.04731089
736 248 769 289 0.041851055
710 269 743 309 0.041814156
692 633 722 670 0.035649132
843 402 873 438 0.035186768
501 428 529 464 0.032185197
869 480 904 523 0.03165232
732 400 766 438 0.029692275
489 298 518 337 0.029687235
920 405 957 445 0.029443726
586 297 620 338 0.029436355
756 163 799 216 0.027680388
777 115 814 172 0.02760634
753 348 785 386 0.02672392
555 477 586 513 0.02437548
565 274 596 315 0.023838876
947 145 985 194 0.022656584
719 424 755 466 0.022193674
661 225 696 276 0.022053234
487 146 522 196 0.021941243
763 378 796 419 0.021710966
973 349 1002 387 0.0212888
595 396 637 443 0.02067919
681 249 716 294 0.020306686
