18_Concerts_Concerts_18_66
91
446 367 497 434 0.9128747
494 328 549 401 0.8680793
75 319 117 372 0.75740427
630 247 662 289 0.7544492
441 256 478 304 0.69250566
230 318 263 362 0.62340546
738 274 770 318 0.61662596
646 427 698 492 0.55719084
571 311 616 367 0.47471628
808 265 843 310 0.353692
662 326 697 372 0.31379244
292 464 347 529 0.30718106
331 320 370 368 0.278262
388 218 415 253 0.2703294
113 355 160 409 0.21384914
767 338 801 384 0.19828647
685 235 719 282 0.16097328
199 320 236 368 0.14182803
201 250 226 285 0.11565894
337 231 363 264 0.10939854
892 361 925 404 0.10560839
718 352 757 403 0.102935754
12 270 45 320 0.075969175
874 283 905 324 0.06076717
209 156 232 185 0.053203758
938 289 971 330 0.05085004
710 243 745 293 0.048454795
228 252 254 286 0.048450947
273 227 298 258 0.046729013
825 173 851 206 0.04629929
338 178 362 208 0.03869115
485 202 508 233 0.037881378
897 248 930 286 0.037652638
146 395 182 438 0.035527766
635 339 671 388 0.035102658
678 338 723 393 0.035096798
75 203 100 234 0.034767028
279 301 310 342 0.034181762
508 176 533 208 0.034100205
358 179 380 209 0.033996318
480 248 511 289 0.03382276
335 202 361 233 0.033698622
766 228 794 265 0.033349615
873 327 902 366 0.033206437
911 346 949 394 0.032726765
821 200 850 236 0.03268291
312 199 334 229 0.03247174
540 199 566 233 0.032156706
487 223 514 258 0.03213259
302 279 330 313 0.03195651
948 217 978 256 0.031141285
237 201 262 232 0.02998285
285 74 309 103 0.029841978
607 305 641 349 0.029414486
208 367 242 413 0.029381545
566 177 589 208 0.029188856
187 78 210 107 0.028846277
355 246 382 279 0.028727587
929 174 954 206 0.028164705
233 227 258 259 0.027734913
697 152 724 189 0.027630648
447 298 483 341 0.027574487
170 369 206 420 0.027189419
258 181 280 210 0.027165469
947 388 988 442 0.026535869
669 274 697 313 0.026476614
742 326 781 378 0.026435064
177 158 198 186 0.02591602
157 202 183 236 0.025805805
671 91 701 127 0.02576899
357 287 384 322 0.025324294
380 296 413 343 0.024699707
409 248 439 289 0.02395698
387 176 408 204 0.023875792
683 301 712 337 0.023775524
122 474 172 536 0.02375723
911 281 977 366 0.023666834
105 254 132 288 0.023593584
278 250 304 283 0.023393005
231 177 253 206 0.023356099
97 276 129 317 0.023353206
613 420 659 481 0.023336224
787 171 812 203 0.023315182
185 228 211 262 0.022458164
281 204 305 234 0.022211201
764 407 795 448 0.022172036
45 367 81 415 0.022111574
371 385 418 450 0.021877233
78 95 103 125 0.021378746
284 179 306 209 0.020741912
930 342 1012 443 0.020455565
