18_Concerts_Concerts_18_258
56
896 70 931 116 0.94353944
103 304 179 428 0.8200605
173 337 240 445 0.53776234
306 338 374 446 0.5240806
822 339 876 407 0.43638992
83 50 115 93 0.3657652
753 223 786 266 0.32299057
700 277 747 338 0.23719025
866 127 896 166 0.19407706
10 343 54 408 0.16934198
963 102 997 142 0.15857548
664 229 708 282 0.154122
805 254 836 296 0.14441964
961 146 993 188 0.14045246
896 357 944 417 0.10823624
862 193 893 231 0.104128644
991 122 1018 162 0.09962175
771 73 802 113 0.08995371
226 260 273 314 0.08190722
930 207 972 259 0.07807164
721 101 748 135 0.07190665
789 43 815 79 0.058728773
36 333 105 420 0.056493312
647 74 675 110 0.055327147
893 196 925 237 0.052936807
864 226 898 268 0.048086047
739 77 765 111 0.046396554
133 242 170 287 0.043794695
787 397 832 457 0.043590494
586 364 702 493 0.04315525
777 415 853 515 0.04146993
889 399 946 470 0.03866848
914 478 954 532 0.03465902
50 151 87 199 0.032368306
126 128 152 161 0.030039325
821 95 851 134 0.028918445
839 245 876 291 0.027803045
791 350 834 405 0.027725792
323 185 407 285 0.026935821
807 150 839 191 0.026494773
789 121 815 156 0.02535595
381 188 459 305 0.025251158
709 228 741 268 0.025210442
53 71 89 115 0.024805674
448 219 492 281 0.024462903
945 74 978 115 0.024425551
498 180 579 278 0.023933262
791 227 820 266 0.023550708
914 138 947 178 0.023515712
861 269 910 326 0.023113681
689 124 718 160 0.02288035
39 99 116 200 0.021289919
238 275 318 372 0.021275364
950 135 1016 221 0.020760132
542 278 625 379 0.020359915
791 294 830 346 0.020117939
