18_Concerts_Concerts_18_469
25
658 244 702 302 0.95540047
845 225 890 282 0.9114345
6 288 48 348 0.8467998
481 260 523 314 0.6302233
898 398 941 453 0.48427665
702 311 742 361 0.46949506
552 328 590 375 0.38759768
904 297 943 349 0.23108785
255 188 310 256 0.14187393
79 374 110 411 0.08800518
815 292 851 340 0.07327263
831 374 864 417 0.06622433
858 348 900 399 0.065003626
233 480 273 532 0.057840936
305 113 344 164 0.05541665
154 426 185 466 0.052150365
73 411 108 453 0.04816445
539 303 575 344 0.042667415
638 317 672 361 0.039779536
608 317 641 361 0.0361425
54 370 87 411 0.034909125
220 256 261 308 0.032586765
0 458 33 510 0.028547324
272 129 344 220 0.025492124
45 502 84 550 0.02124046
