18_Concerts_Concerts_18_447
32
244 178 276 220 0.73690385
398 187 436 233 0.7328625
75 198 114 245 0.6952379
214 387 248 430 0.5643301
123 547 160 592 0.5236154
88 384 116 420 0.39814112
357 489 393 532 0.20830098
353 378 384 418 0.16683142
198 182 225 214 0.098037206
248 521 282 561 0.09323402
288 237 331 289 0.070478424
328 323 356 358 0.06448553
72 458 102 496 0.053033955
333 356 365 396 0.047067415
153 381 181 418 0.038406003
56 432 84 465 0.03717033
231 250 269 298 0.03658588
912 118 953 166 0.031045731
360 173 388 210 0.030045133
273 174 304 214 0.029701605
196 224 227 262 0.029635714
324 119 360 162 0.024880866
310 171 345 214 0.024578542
130 378 157 414 0.024361411
48 481 80 518 0.024271375
337 506 370 547 0.0238968
248 223 280 263 0.021782756
287 475 319 514 0.021688402
177 438 208 476 0.021668239
301 454 340 498 0.021559566
177 351 209 391 0.021297254
102 362 131 396 0.021181425
