18_Concerts_Concerts_18_151
422
740 403 767 438 0.73917156
755 255 780 286 0.49370855
571 256 597 290 0.4546354
410 228 436 261 0.42205644
896 200 921 233 0.39484438
214 310 236 339 0.37782666
611 308 636 339 0.35849622
870 257 894 288 0.34856
852 323 877 355 0.34698233
582 483 611 518 0.33046165
593 320 618 351 0.32167736
866 407 890 438 0.3001205
465 415 490 447 0.29355064
153 402 176 431 0.28534663
204 326 225 353 0.25334978
594 371 621 403 0.24950436
372 382 396 412 0.24920677
85 277 106 303 0.23754089
470 259 493 287 0.22965848
352 153 378 186 0.22684425
865 152 889 183 0.21647264
721 308 747 340 0.21477398
663 481 693 517 0.21408994
916 351 943 384 0.2028733
812 483 843 519 0.20236722
340 310 364 340 0.1982136
339 257 360 284 0.19565475
740 322 765 354 0.19489677
995 326 1020 362 0.19238716
251 377 274 407 0.18855794
978 274 1002 306 0.18341355
786 202 809 232 0.18258584
204 254 225 281 0.1807806
568 413 594 446 0.17581166
50 254 72 283 0.1732883
392 225 415 256 0.17139065
512 305 534 333 0.16567464
412 480 438 511 0.16508843
692 151 715 181 0.16318142
940 485 971 526 0.16286528
716 148 739 178 0.15515202
339 174 362 205 0.15467675
313 353 335 381 0.15407677
490 311 513 340 0.15216817
786 222 812 256 0.14818503
108 428 132 457 0.14424938
537 404 561 435 0.14344032
305 223 328 253 0.1419373
615 223 641 256 0.14148809
509 153 532 182 0.13994561
817 353 844 387 0.13904837
178 414 201 443 0.13553141
971 375 996 410 0.13422051
541 487 566 519 0.13243951
794 406 820 437 0.12712859
333 327 361 364 0.12682669
872 310 898 343 0.12440494
622 282 647 312 0.124320686
850 430 874 461 0.12191686
385 330 407 358 0.12153728
484 356 509 388 0.12073923
205 467 229 497 0.118626215
465 361 491 394 0.11741337
560 202 583 232 0.11683734
31 359 54 389 0.1163179
668 410 695 443 0.115272686
481 201 503 230 0.11521639
152 313 174 339 0.11410339
642 430 669 462 0.114005305
740 120 763 150 0.11015127
413 354 438 384 0.11006987
689 460 715 493 0.10928862
558 225 582 256 0.10887798
71 563 95 594 0.10863013
440 281 463 310 0.10811395
613 154 639 187 0.10757216
465 309 488 338 0.10755837
539 286 564 315 0.10627767
698 434 722 464 0.10611878
49 329 74 359 0.10555016
506 329 529 359 0.10552469
686 173 710 202 0.10459221
238 364 260 392 0.1041409
356 327 380 358 0.104091816
416 381 441 412 0.100965254
921 129 948 163 0.10019219
417 404 443 434 0.09990058
944 172 968 202 0.098968245
308 458 330 486 0.09825018
923 565 947 597 0.09610602
128 328 150 356 0.095255494
660 348 690 385 0.09415335
785 560 811 593 0.09403098
186 252 211 282 0.09232059
917 403 949 439 0.09155479
108 259 129 287 0.09135238
950 405 974 436 0.09098175
687 201 710 229 0.09088389
44 308 68 338 0.09075687
288 284 310 312 0.090714954
366 126 388 154 0.09068775
405 304 430 335 0.09017408
188 355 211 383 0.089622594
490 128 512 157 0.0882302
775 177 799 207 0.08809971
898 567 923 600 0.08805594
891 278 916 309 0.08786088
210 135 233 163 0.08656421
691 228 717 260 0.08528628
433 177 457 208 0.0850159
236 410 257 439 0.08487828
188 332 210 360 0.084801994
518 385 543 416 0.08405754
26 283 52 315 0.08403944
994 258 1018 291 0.08390772
463 150 490 183 0.08317911
123 253 145 282 0.08294379
892 304 918 337 0.08270299
786 533 812 565 0.08252605
777 151 800 181 0.082355514
316 567 339 596 0.08088688
640 223 665 256 0.079512715
308 403 331 432 0.07942092
633 153 659 186 0.07897492
947 253 973 285 0.07870908
764 331 788 362 0.0769966
383 515 407 546 0.076325506
844 378 868 409 0.07556994
336 411 359 441 0.07553464
563 353 589 386 0.07550911
365 558 388 587 0.07481081
52 415 75 443 0.07467879
256 157 278 185 0.07443979
699 132 721 160 0.07333171
564 132 587 164 0.07205986
482 228 505 258 0.07136043
4 335 25 366 0.07115518
52 278 74 306 0.071009085
762 408 786 440 0.07081651
287 386 312 417 0.069856405
821 147 845 179 0.06965965
285 439 307 466 0.06944869
360 430 385 461 0.069234006
185 578 209 609 0.068639934
466 487 490 518 0.068324655
667 277 689 306 0.068193264
592 178 614 206 0.068190455
34 233 58 261 0.0675004
360 404 387 437 0.06686595
847 451 874 486 0.066835046
667 252 689 282 0.066334635
352 274 375 303 0.06490432
49 577 76 610 0.06349231
514 228 538 260 0.06230014
408 332 433 362 0.061848037
796 336 825 372 0.06158863
737 176 761 207 0.061524063
436 304 461 335 0.06144076
614 108 635 135 0.06133995
597 128 621 159 0.06102686
824 303 851 336 0.060694054
725 384 752 418 0.060248464
430 357 456 388 0.06012439
639 336 667 370 0.060066305
875 563 901 596 0.059869636
183 466 205 495 0.057799585
48 506 74 535 0.057751354
940 327 965 358 0.056946315
148 360 171 387 0.056828626
948 229 975 260 0.056747936
589 204 611 234 0.05605609
564 305 588 335 0.05585351
361 462 383 489 0.05559142
902 127 927 161 0.055433765
285 606 310 635 0.055338778
485 180 507 209 0.055328716
412 146 434 175 0.054918636
669 532 696 565 0.054273278
52 133 74 160 0.05421203
253 407 275 437 0.054105993
903 431 927 462 0.053554133
139 384 161 413 0.05353262
742 505 770 540 0.053493988
972 503 998 539 0.053443428
791 5 822 40 0.05326956
209 277 231 305 0.052971117
335 464 357 491 0.052816216
204 413 226 441 0.052689265
775 512 801 545 0.052530877
945 129 969 160 0.05209664
997 170 1021 204 0.051879052
696 304 722 336 0.051431607
358 481 381 510 0.051426455
1 412 23 444 0.050742596
942 434 966 464 0.050614674
615 248 642 282 0.050574623
541 333 568 366 0.050186705
156 464 179 493 0.04959147
360 103 383 132 0.04918107
720 567 743 597 0.048336565
147 484 170 513 0.048073947
616 584 641 615 0.048038654
950 203 975 233 0.04798393
257 558 282 591 0.04788661
690 557 717 591 0.047779255
590 560 612 589 0.04740168
796 382 824 415 0.047088463
695 331 722 365 0.046825968
74 328 96 357 0.046456087
586 539 610 568 0.046384454
152 557 175 587 0.04617978
303 436 326 464 0.04612927
743 566 766 596 0.04593117
105 563 128 593 0.045917425
974 576 1002 616 0.045902878
130 409 152 438 0.045888796
760 352 788 388 0.045805763
30 585 54 615 0.045497008
952 309 975 337 0.045362968
433 464 457 493 0.04514629
29 335 53 365 0.044902515
815 403 845 440 0.04484937
822 229 847 261 0.04461992
926 252 954 287 0.04459854
409 31 438 68 0.044575874
563 538 588 570 0.044482794
825 431 852 463 0.044380262
464 52 485 80 0.044321183
920 432 949 466 0.044073142
672 302 696 331 0.044065088
613 508 636 536 0.04402736
251 233 277 267 0.043868642
693 283 718 313 0.043862697
437 506 464 538 0.043563392
564 563 588 592 0.043537997
209 606 233 637 0.043535072
716 229 742 262 0.04330185
434 24 462 60 0.042965904
231 146 255 177 0.042759217
155 617 180 648 0.042586513
433 330 458 360 0.042458348
136 539 161 569 0.04236122
101 307 123 335 0.04228205
487 105 509 132 0.041939028
305 281 328 310 0.04185065
972 303 997 336 0.041823965
954 274 979 305 0.041682392
29 412 54 443 0.04160261
866 476 895 512 0.041434128
385 145 408 175 0.041044056
903 382 933 418 0.04103208
335 198 358 227 0.040752225
101 100 123 129 0.040586628
98 175 122 203 0.040402334
716 284 741 315 0.040306445
482 276 506 305 0.03999427
922 230 948 261 0.039953638
226 287 247 313 0.03989541
260 432 282 460 0.039422903
543 534 568 566 0.039024375
766 380 793 415 0.03897588
366 357 391 387 0.038702153
545 182 569 212 0.038488682
847 232 870 261 0.038088165
184 381 205 407 0.038074087
332 541 355 570 0.038052402
99 383 123 412 0.037466757
178 5 206 35 0.03720533
81 381 105 410 0.037080005
696 582 722 613 0.036946002
81 104 102 130 0.03663102
941 562 968 596 0.036602013
78 412 100 440 0.036438577
723 252 747 283 0.03631658
228 325 249 352 0.036092203
6 281 30 315 0.035732515
43 378 67 406 0.035571784
996 47 1020 79 0.035382953
111 327 133 356 0.035225045
614 485 639 518 0.035211418
361 589 385 618 0.035070527
717 52 737 78 0.035038084
431 253 456 284 0.034941453
199 78 222 108 0.034913648
386 286 413 316 0.034823675
979 101 1003 135 0.034795694
534 5 563 35 0.034734197
480 47 504 77 0.034629535
355 202 379 230 0.034482937
609 54 632 84 0.034354344
854 126 879 158 0.034242373
290 205 317 239 0.034170546
842 561 870 595 0.03405769
359 48 382 78 0.033989124
637 125 663 157 0.033639982
437 150 462 183 0.03359866
304 150 329 182 0.03350816
684 631 716 670 0.033438023
184 312 204 338 0.033366583
993 368 1020 406 0.033120323
150 588 173 616 0.03304066
728 104 749 132 0.033035964
644 457 672 492 0.03297743
464 459 489 490 0.032594755
546 251 573 283 0.032244448
977 226 998 255 0.031949364
384 107 407 136 0.03172454
597 106 619 134 0.031639125
277 173 302 203 0.031520277
896 98 924 132 0.031071942
411 433 436 462 0.03101265
352 76 374 104 0.030707756
869 53 892 82 0.030599663
630 300 657 333 0.030598836
640 562 664 592 0.030567797
899 504 930 539 0.030452602
388 487 410 516 0.030408723
997 484 1021 522 0.030088644
921 3 955 38 0.03002227
977 432 1004 468 0.029992554
567 502 595 536 0.029826742
641 539 664 567 0.029742196
85 205 107 233 0.029643772
769 132 792 163 0.02935948
999 199 1024 237 0.029345293
30 77 50 103 0.029236699
314 254 338 283 0.02917994
134 508 159 537 0.029097186
821 17 850 55 0.029095747
644 254 669 285 0.029086798
172 178 195 205 0.029069673
76 360 101 391 0.028945139
984 152 1006 184 0.028908875
540 590 566 621 0.02880297
847 53 868 81 0.028570352
795 283 821 314 0.02844324
774 582 800 615 0.028239511
384 456 408 486 0.028225122
566 464 596 501 0.028185276
875 71 900 101 0.028044421
817 536 845 568 0.028030531
237 562 258 591 0.028027633
200 5 228 35 0.027854789
1 459 22 490 0.027736945
47 181 72 211 0.027695253
844 509 870 542 0.027583297
226 250 250 280 0.027335228
221 484 245 515 0.027287537
306 509 330 537 0.027060078
100 54 122 82 0.02697366
54 74 77 102 0.026950726
127 561 152 591 0.026721386
895 452 924 486 0.026583092
5 252 28 283 0.026527531
206 378 227 405 0.02647206
129 583 156 614 0.0264269
307 481 331 511 0.026361803
665 583 691 615 0.026329035
817 173 844 206 0.026305668
129 461 151 490 0.026046345
948 353 975 388 0.025957864
407 504 434 536 0.02586689
288 356 312 384 0.025703918
513 203 536 232 0.025695644
847 99 872 130 0.025592538
183 512 207 541 0.025129626
724 74 745 101 0.025098514
787 429 813 460 0.025093334
995 121 1019 157 0.024931837
848 273 873 305 0.024897661
614 538 639 568 0.02478172
614 409 639 443 0.024559315
108 232 130 258 0.024518115
585 25 612 59 0.0245031
737 151 761 181 0.024471313
387 246 412 278 0.024470277
926 307 951 337 0.024253406
330 382 353 410 0.024218066
769 305 795 337 0.024176667
668 18 692 48 0.024104543
284 125 306 154 0.024032792
861 351 889 386 0.024027774
827 585 850 614 0.023999766
639 378 668 413 0.023971172
258 103 282 134 0.023964144
645 506 673 538 0.023942498
336 233 357 259 0.023791676
386 610 416 645 0.023488574
262 303 285 332 0.023430286
312 540 336 569 0.023410069
916 106 944 138 0.023367506
233 586 256 616 0.023147577
126 278 149 305 0.023138348
772 458 799 493 0.022895364
710 449 740 486 0.02281767
413 286 438 315 0.022667155
744 536 768 565 0.022275321
82 305 105 334 0.022207616
874 99 899 131 0.022127008
27 540 50 568 0.02210936
208 539 232 568 0.021873804
540 148 565 180 0.02168203
408 94 434 127 0.021643657
339 98 361 127 0.021616824
875 229 898 258 0.021606077
183 129 205 157 0.021481084
228 462 251 491 0.021376057
720 202 746 233 0.02119016
793 463 823 500 0.021173758
175 617 201 648 0.021058843
276 539 300 568 0.020927805
768 485 796 521 0.020728506
123 93 147 123 0.020630818
29 487 57 521 0.020534607
307 302 330 331 0.020420287
249 638 281 674 0.02039787
3 484 24 517 0.020374395
738 78 761 107 0.020294784
739 200 765 232 0.020120354
129 614 156 646 0.020070005
330 584 353 614 0.020067891
5 581 29 614 0.020039476
