61_Street_Battle_streetfight_61_211
28
829 162 87 148 0.9985689 
33 507 46 58 0.9975871 
323 541 33 41 0.99736077 
977 622 37 48 0.9950782 
908 563 35 43 0.9924017 
272 523 35 47 0.9917672 
173 530 37 46 0.989911 
881 619 37 49 0.98896295 
127 543 40 52 0.9873383 
990 579 30 41 0.98170257 
222 531 29 37 0.98105603 
349 568 30 36 0.96396637 
949 580 24 30 0.9556373 
201 534 25 39 0.7148806 
891 563 27 33 0.53171104 
960 531 16 20 0.2696951 
1010 514 14 24 0.2324974 
255 933 120 105 0.21121751 
956 564 25 29 0.0529023 
3 528 23 33 0.044948507 
100 541 31 44 0.040756185 
330 433 35 80 0.039368533 
337 557 31 37 0.036824495 
156 532 41 56 0.033233486 
886 551 26 34 0.033177037 
351 566 44 59 0.02728083 
842 579 29 38 0.027112989 
253 494 28 34 0.022683294 
