61_Street_Battle_streetfight_61_936
20
832 381 34 40 0.99613523 
498 221 36 48 0.9911758 
128 265 35 44 0.982452 
706 328 32 33 0.96640646 
669 322 34 43 0.94176185 
967 259 37 48 0.83145344 
845 278 29 29 0.20230773 
877 251 32 39 0.14318906 
981 209 14 15 0.087243885 
985 237 19 22 0.08298185 
1006 207 15 18 0.06833871 
955 210 14 15 0.06235567 
193 264 24 33 0.061133754 
484 260 26 32 0.040491264 
978 244 28 39 0.03384683 
937 207 11 14 0.031183163 
1002 246 20 30 0.025901021 
351 308 24 27 0.020662438 
801 253 27 28 0.020156834 
283 415 11 12 0.020134695 
