56_Voter_peoplevoting_56_441
129
207 242 103 150 0.9990876 
977 647 17 21 0.8781024 
989 607 14 17 0.80466586 
39 342 62 99 0.78754705 
877 598 11 14 0.6723264 
973 516 10 12 0.65007764 
701 544 10 12 0.54371977 
797 528 9 11 0.46359837 
721 500 8 11 0.44514474 
792 500 9 12 0.36443493 
621 472 9 11 0.30115476 
900 559 13 15 0.300163 
821 590 10 10 0.2744946 
809 633 9 13 0.25842273 
829 376 8 10 0.20786285 
814 409 8 10 0.20231183 
758 416 8 9 0.19133188 
1002 591 11 14 0.19039416 
902 596 12 14 0.18945703 
986 536 9 12 0.15980792 
733 415 8 9 0.14768271 
834 427 10 12 0.1466515 
856 600 7 10 0.14455232 
757 513 8 10 0.14360997 
989 538 10 12 0.1410113 
985 579 12 15 0.13324304 
930 521 8 10 0.12969568 
962 545 8 10 0.12856798 
815 511 9 10 0.124337584 
658 473 8 10 0.11970777 
876 587 10 13 0.11864725 
1008 535 12 16 0.11606762 
1010 524 10 13 0.11055977 
927 568 9 11 0.1068423 
916 579 12 18 0.10351832 
727 474 7 9 0.10089259 
722 449 8 10 0.09929886 
678 459 8 11 0.08989774 
986 673 24 31 0.08946505 
801 391 7 10 0.0880773 
965 495 8 11 0.08469403 
773 558 9 11 0.08172025 
793 478 8 10 0.07957628 
913 536 10 12 0.078234725 
288 254 8 11 0.07392488 
933 520 8 10 0.07101801 
792 551 10 11 0.06937073 
822 467 9 10 0.065357044 
997 452 9 10 0.06442061 
629 437 8 10 0.062221266 
588 474 8 10 0.05848831 
693 470 9 11 0.057577934 
821 392 8 9 0.056047015 
685 487 9 10 0.05556676 
741 545 8 9 0.055424005 
897 596 11 15 0.051362768 
814 496 8 10 0.050605975 
695 522 8 11 0.049329247 
723 477 7 9 0.04913159 
822 351 6 9 0.04840778 
802 471 7 10 0.04835419 
761 473 8 10 0.047872655 
1012 636 12 19 0.047849383 
292 253 8 11 0.047327895 
725 452 7 10 0.04731254 
682 488 9 11 0.04677618 
745 399 9 10 0.045183904 
797 478 9 10 0.04501092 
755 455 7 9 0.043825064 
907 587 13 17 0.042928852 
705 571 9 11 0.04283269 
952 442 10 12 0.042664465 
990 432 9 10 0.04150953 
966 415 8 9 0.039286572 
752 552 8 10 0.039286226 
951 393 8 10 0.03927431 
991 368 8 9 0.038855493 
682 405 8 10 0.037902538 
813 377 7 10 0.036493246 
958 649 11 19 0.036342185 
925 507 8 11 0.03604722 
873 584 10 13 0.035724074 
837 511 10 13 0.03561253 
942 357 9 12 0.03436643 
939 603 13 16 0.032636005 
737 493 8 11 0.03261993 
820 511 9 10 0.03236648 
48 343 99 125 0.032237634 
753 516 9 11 0.031571418 
746 464 8 10 0.031122543 
711 590 11 13 0.030780958 
385 375 9 11 0.030755632 
687 479 9 9 0.030729212 
814 502 10 11 0.03069633 
656 446 8 10 0.029072063 
742 488 8 10 0.028221393 
885 597 11 15 0.028038446 
788 404 9 11 0.027400216 
731 567 10 11 0.026487911 
998 513 8 10 0.026352398 
806 582 9 11 0.026270323 
662 445 9 10 0.02621393 
836 534 9 11 0.025971623 
767 487 8 10 0.025178581 
844 412 9 11 0.024678698 
912 574 13 17 0.024651496 
823 295 9 11 0.024144046 
808 495 9 11 0.02406351 
810 379 7 10 0.023573441 
1005 602 12 14 0.023559554 
742 549 9 10 0.023531847 
945 422 8 10 0.023435019 
602 462 8 10 0.022818344 
810 408 8 11 0.022495117 
968 646 18 25 0.022265939 
760 551 8 10 0.02209961 
605 460 9 11 0.0220279 
759 389 8 10 0.021778265 
390 374 8 11 0.021723801 
923 503 8 11 0.021599319 
991 436 9 11 0.021384643 
765 476 8 10 0.021381076 
363 373 10 12 0.021165749 
963 681 12 18 0.02114431 
807 590 9 11 0.020923665 
799 375 7 9 0.020602887 
1005 399 9 10 0.020601243 
294 248 8 11 0.020450579 
962 414 7 9 0.02037986 
