56_Voter_peoplevoting_56_260
23
911 428 28 39 0.9981918 
837 321 28 36 0.9960294 
947 220 25 33 0.9956 
929 318 28 35 0.995518 
42 312 28 35 0.99535745 
847 417 29 36 0.9952443 
856 218 29 34 0.99462837 
276 156 38 46 0.9940122 
472 133 37 47 0.99312145 
25 212 30 38 0.9927912 
930 122 27 34 0.9889854 
57 39 30 40 0.988181 
687 152 42 44 0.98744035 
66 119 26 32 0.96920884 
0 415 18 36 0.9531505 
851 29 28 36 0.921332 
1004 431 20 34 0.79063225 
844 123 23 29 0.33568802 
998 337 21 27 0.20253293 
925 23 27 35 0.098331176 
82 301 16 25 0.024497515 
1009 336 15 25 0.022400606 
1002 28 23 36 0.02223419 
