56_Voter_peoplevoting_56_410
165
178 434 17 20 0.98805505 
121 451 17 20 0.9838882 
322 440 15 18 0.9782794 
366 435 17 19 0.9715955 
491 445 17 20 0.9675078 
56 442 20 24 0.9482279 
423 428 16 19 0.94801354 
826 428 19 22 0.9458921 
692 477 17 21 0.9454959 
271 468 16 21 0.9390061 
471 431 18 21 0.9327463 
423 453 15 19 0.9210829 
614 461 17 23 0.9150898 
742 475 19 21 0.9074318 
286 440 15 19 0.9058027 
528 427 14 17 0.8932064 
550 446 15 18 0.8870559 
31 418 21 29 0.8668354 
936 426 16 18 0.85329384 
284 423 18 22 0.8418513 
214 460 17 20 0.8266369 
931 458 17 21 0.8241881 
97 434 15 21 0.7990322 
82 432 15 18 0.7269192 
226 434 17 19 0.6783058 
235 452 16 20 0.6457073 
384 419 13 16 0.59253937 
194 420 16 20 0.58196706 
155 415 13 17 0.5516386 
643 465 16 22 0.5172512 
321 413 13 14 0.48442024 
896 423 16 19 0.36785325 
256 412 10 14 0.3516935 
271 412 10 11 0.350762 
605 433 13 16 0.3493025 
443 452 15 18 0.33512118 
961 444 16 19 0.331304 
447 429 11 14 0.32232288 
46 397 15 17 0.31221446 
915 435 16 20 0.29964676 
748 431 20 27 0.27957612 
124 410 14 16 0.2610001 
573 444 12 16 0.25935477 
238 411 14 17 0.25627434 
619 412 12 16 0.23077804 
403 425 13 17 0.22612688 
146 442 16 22 0.21376707 
188 467 15 18 0.2061991 
171 420 13 17 0.20540738 
131 410 13 15 0.19811495 
221 439 16 19 0.19425681 
884 446 21 28 0.18650918 
814 457 21 26 0.18488762 
922 441 17 21 0.13687353 
139 422 12 15 0.13521557 
122 416 16 20 0.1336745 
218 452 18 21 0.13042928 
415 428 12 15 0.12094038 
509 427 14 17 0.116224945 
644 452 15 19 0.11316829 
432 405 11 13 0.11096197 
849 419 13 16 0.09823722 
36 403 16 18 0.093056075 
601 429 11 15 0.09301456 
708 478 16 19 0.09100887 
803 429 15 20 0.08999712 
953 422 12 15 0.08720915 
598 435 14 18 0.08686793 
413 445 13 17 0.083808266 
173 428 15 19 0.083508685 
421 445 15 19 0.08000133 
948 425 14 16 0.079242796 
925 449 19 23 0.07734676 
166 418 13 17 0.07324288 
81 445 17 22 0.072038665 
864 417 12 15 0.068492085 
587 428 12 17 0.06787295 
865 441 19 22 0.06725107 
610 430 12 16 0.066406846 
589 434 13 17 0.06541226 
202 426 15 18 0.064781114 
341 435 14 17 0.06451277 
261 412 10 13 0.0639579 
588 422 11 14 0.06171084 
363 421 13 16 0.06122402 
172 470 14 17 0.0602287 
181 469 15 18 0.057458557 
549 429 11 13 0.05575386 
556 419 13 14 0.053834435 
97 446 17 22 0.053285144 
893 433 15 18 0.05161597 
382 425 13 17 0.05145948 
960 438 15 17 0.047193095 
37 408 22 26 0.043123942 
230 443 20 23 0.041967966 
939 453 15 19 0.04184152 
513 421 13 15 0.039429605 
361 415 9 12 0.03835017 
924 420 12 13 0.037363574 
946 462 16 19 0.037144203 
548 437 14 17 0.036937315 
712 437 12 16 0.036833253 
984 444 15 18 0.036148913 
976 421 13 14 0.036078155 
167 473 14 18 0.0358195 
398 432 14 18 0.034590073 
381 433 13 18 0.0338752 
214 433 14 18 0.033637375 
31 412 17 20 0.033354383 
94 453 15 19 0.032488614 
229 455 16 20 0.032189753 
691 443 15 17 0.031007791 
439 430 12 14 0.030907692 
406 445 14 18 0.030901218 
193 459 17 21 0.030699836 
347 440 13 18 0.030051459 
212 428 12 17 0.03005008 
453 432 14 17 0.029938526 
275 411 11 13 0.029772704 
13 428 17 20 0.029480688 
517 426 11 16 0.029417519 
911 430 14 16 0.029195303 
586 466 13 16 0.029103903 
50 408 16 21 0.029039595 
126 443 20 24 0.028550355 
412 404 10 13 0.028047455 
388 433 12 17 0.027959233 
347 429 13 16 0.026962586 
557 427 13 15 0.026777046 
874 447 19 24 0.026326196 
816 472 18 20 0.0262399 
381 447 13 19 0.026151044 
903 398 10 11 0.026057646 
544 429 10 13 0.025184328 
453 424 12 14 0.024748242 
48 424 22 27 0.024524344 
461 434 15 17 0.024436522 
194 472 17 18 0.024294797 
31 389 13 18 0.024256514 
181 421 13 17 0.02391899 
545 444 14 17 0.023853159 
23 434 23 29 0.02287817 
566 436 13 15 0.022778729 
17 385 15 18 0.022712601 
983 436 16 17 0.02263365 
983 449 21 30 0.022511454 
415 455 14 18 0.022416703 
302 442 14 18 0.022360519 
579 443 11 15 0.022354705 
840 420 20 25 0.022140795 
438 444 12 18 0.021691367 
891 458 21 29 0.021553842 
462 420 12 15 0.021484418 
105 441 15 20 0.021471588 
591 440 14 18 0.021440491 
946 451 14 18 0.021345336 
235 463 15 19 0.02115593 
189 413 15 17 0.021151664 
227 423 14 16 0.021047493 
142 436 15 20 0.021016715 
214 442 16 18 0.02090172 
565 427 15 17 0.020781102 
448 456 17 18 0.020456139 
171 493 15 19 0.020248514 
300 427 13 18 0.020065257 
