56_Voter_peoplevoting_56_268
119
243 278 33 38 0.99770075 
391 253 29 38 0.9972398 
742 227 27 35 0.9972007 
661 217 27 36 0.9950118 
805 218 24 32 0.9935381 
864 230 23 30 0.99211735 
473 218 26 29 0.98024094 
514 212 16 21 0.9601208 
357 201 15 18 0.95681196 
632 192 17 20 0.95256126 
596 206 12 17 0.9479406 
335 229 22 28 0.9355359 
111 184 11 13 0.93232363 
391 183 13 19 0.9319395 
299 212 17 19 0.92673224 
263 226 20 22 0.91182715 
410 195 14 17 0.90552723 
416 224 22 27 0.9009829 
25 181 14 17 0.8816084 
126 189 12 17 0.87660915 
221 202 16 22 0.86881655 
138 217 19 23 0.83886045 
445 216 18 23 0.8285717 
678 194 16 18 0.8166925 
371 178 11 15 0.81655574 
836 219 17 24 0.6909845 
75 185 11 15 0.5905778 
279 180 12 16 0.5785584 
939 207 21 24 0.57071066 
455 180 10 13 0.5409578 
613 242 20 25 0.53480136 
233 253 23 28 0.4430056 
957 210 17 25 0.44155446 
236 178 12 16 0.40818942 
98 171 9 12 0.28155777 
564 182 9 11 0.27968457 
338 202 12 15 0.27824864 
301 181 11 14 0.2017728 
454 213 22 28 0.16825946 
355 226 16 21 0.15894264 
572 221 18 28 0.14820962 
205 168 8 10 0.14740565 
333 186 10 13 0.13076152 
443 205 17 20 0.13005258 
559 199 11 14 0.11823739 
778 223 14 20 0.11420457 
343 183 8 12 0.109785676 
200 182 11 14 0.101087965 
230 175 12 15 0.09755758 
328 184 10 13 0.094294384 
579 219 14 21 0.088863105 
689 195 14 17 0.077107824 
754 226 23 32 0.07508955 
158 188 11 12 0.07109714 
222 183 11 13 0.069992915 
765 221 20 30 0.06776893 
142 187 9 13 0.06684367 
282 184 12 16 0.06493219 
278 286 16 25 0.064312965 
241 181 14 15 0.060432855 
123 214 12 16 0.059256885 
729 176 10 13 0.058650855 
279 195 13 17 0.056961257 
188 201 14 18 0.056760497 
253 208 16 19 0.055509392 
57 173 8 10 0.05438845 
565 187 10 14 0.0504724 
24 165 8 9 0.04931373 
479 187 14 17 0.04877631 
240 266 29 35 0.048663087 
58 168 8 10 0.047938794 
168 218 12 16 0.04709826 
428 213 14 19 0.04556918 
172 216 15 19 0.044521965 
326 164 9 10 0.04267783 
690 244 17 23 0.040899824 
565 224 17 26 0.039387167 
78 212 13 15 0.039270084 
575 212 13 18 0.03829886 
133 173 9 11 0.038109068 
732 179 10 13 0.038084436 
117 188 12 15 0.037352342 
0 159 6 9 0.03726803 
563 196 12 14 0.036230255 
133 181 11 14 0.036200285 
701 173 10 11 0.035394352 
196 195 15 17 0.034559533 
306 181 13 16 0.034404773 
139 227 18 22 0.034330647 
531 211 13 15 0.03407041 
425 218 16 24 0.033012304 
226 252 21 24 0.03171555 
863 203 13 17 0.03091078 
205 173 9 11 0.03047433 
234 168 8 10 0.029676221 
522 211 14 18 0.029618593 
562 204 12 14 0.028740875 
348 182 10 12 0.028576432 
345 227 18 25 0.02835887 
283 203 11 16 0.028121192 
669 207 23 33 0.027147057 
190 189 12 14 0.025778301 
3 206 9 13 0.025496714 
179 213 16 21 0.025170222 
850 217 14 21 0.024862494 
340 143 8 10 0.024818659 
309 174 10 12 0.0246984 
560 177 10 12 0.024618847 
303 176 11 13 0.024571978 
195 202 15 19 0.023860736 
701 247 14 21 0.02384437 
843 215 15 23 0.023547808 
202 187 11 15 0.023302691 
351 198 13 17 0.023210632 
134 168 8 10 0.022990752 
467 211 19 24 0.021961058 
168 158 8 10 0.021582881 
434 218 21 27 0.021133067 
184 198 12 15 0.020746674 
