56_Voter_peoplevoting_56_344
22
178 81 18 23 0.9858641 
980 71 15 18 0.9812602 
380 87 16 19 0.98063844 
309 52 20 26 0.9718929 
208 74 20 24 0.96785253 
701 64 20 24 0.9667613 
800 91 15 20 0.95744824 
62 78 15 20 0.9477029 
94 55 20 25 0.9476778 
894 83 13 17 0.9368142 
551 76 19 22 0.9203443 
462 84 19 23 0.8952581 
642 62 16 20 0.8320325 
915 83 14 17 0.74270356 
345 76 18 19 0.74044406 
1 71 16 19 0.1449782 
899 79 11 15 0.14145176 
51 55 16 19 0.11385398 
776 80 12 14 0.106993765 
1012 83 11 19 0.052415803 
910 81 12 16 0.03783977 
923 77 14 18 0.023639675 
