56_Voter_peoplevoting_56_122
90
440 36 27 38 0.99362695 
80 67 38 44 0.9904082 
935 77 38 59 0.9864115 
421 134 27 35 0.98089373 
403 9 25 32 0.9789746 
835 52 40 55 0.9752485 
485 18 31 39 0.9697252 
902 29 36 53 0.9647531 
348 29 26 32 0.96434814 
688 46 40 62 0.9598103 
559 80 35 51 0.9590375 
532 16 27 33 0.9491073 
708 3 33 39 0.9298474 
297 15 22 29 0.91422105 
209 31 25 32 0.9093755 
483 5 27 36 0.90206546 
696 369 68 55 0.8826525 
958 13 32 45 0.87138736 
613 56 33 44 0.8466307 
99 25 24 33 0.8276522 
664 -1 28 34 0.82563806 
605 14 34 42 0.8182832 
310 98 42 62 0.7695435 
436 0 22 25 0.7361564 
257 12 20 30 0.624758 
139 41 22 33 0.6180512 
375 10 21 29 0.4881631 
154 63 26 34 0.4850621 
460 -1 22 25 0.45673987 
600 5 26 36 0.44812375 
799 13 25 32 0.4400788 
900 83 26 34 0.39464143 
195 19 18 24 0.3280303 
201 23 22 29 0.32136226 
448 0 22 25 0.30085027 
73 28 26 31 0.24145651 
160 25 23 29 0.18980984 
841 0 19 20 0.16955769 
907 187 44 47 0.1601632 
149 15 23 26 0.1509929 
145 32 24 32 0.1291525 
65 0 20 18 0.12435177 
772 33 29 44 0.10754057 
54 2 15 15 0.09993379 
30 23 23 33 0.09771362 
811 19 22 28 0.09602668 
185 0 17 16 0.09228352 
124 32 22 32 0.0911627 
660 2 19 24 0.08794097 
243 9 21 28 0.087253645 
115 26 21 31 0.086277716 
99 0 19 13 0.08309821 
141 0 16 20 0.07667266 
788 4 24 33 0.07421063 
564 3 24 30 0.070076674 
146 3 19 21 0.06007704 
278 108 48 64 0.058900878 
12 26 25 34 0.055333205 
606 30 40 50 0.051397745 
544 9 28 33 0.049712807 
340 1 17 20 0.045670744 
235 0 19 19 0.044528406 
143 54 22 33 0.04258592 
176 0 14 12 0.039489128 
476 122 16 19 0.034098726 
149 67 17 26 0.033392757 
66 15 23 32 0.033351287 
479 138 29 31 0.032126933 
186 13 21 25 0.032044716 
178 22 19 28 0.032019988 
785 1 21 22 0.031913053 
784 20 29 42 0.031672712 
310 4 21 29 0.031087235 
589 3 22 32 0.030538294 
245 57 27 42 0.029767502 
219 8 15 18 0.0287129 
525 23 19 23 0.025270388 
262 19 26 31 0.023851575 
574 4 25 32 0.02343232 
227 0 17 18 0.022918599 
133 0 16 19 0.022819556 
145 23 20 27 0.022308948 
153 43 18 25 0.022255473 
653 2 17 26 0.021165056 
285 17 24 32 0.021134 
196 79 24 33 0.02064136 
475 125 25 29 0.020410554 
139 35 17 24 0.020354638 
212 17 24 31 0.020176763 
473 1 18 22 0.02006237 
