56_Voter_peoplevoting_56_663
30
491 293 48 64 0.999134 
837 52 66 85 0.99841726 
666 137 48 56 0.9972542 
340 213 51 46 0.99172837 
197 197 11 16 0.9064255 
105 225 11 14 0.84807146 
284 189 11 13 0.7898073 
71 219 11 13 0.6800969 
316 183 11 12 0.29233223 
12 224 9 11 0.2606726 
1 219 8 14 0.25082713 
405 170 11 14 0.2273215 
234 180 10 13 0.19199976 
637 172 8 10 0.19022705 
39 227 9 11 0.18500613 
7 222 11 13 0.10433817 
88 219 11 14 0.07187557 
44 223 9 11 0.068093985 
90 214 13 15 0.038033817 
183 189 10 14 0.03765497 
633 170 9 10 0.036794133 
157 195 10 13 0.034275603 
76 216 11 15 0.032529484 
174 190 9 12 0.031367995 
312 185 12 15 0.030890513 
168 188 10 13 0.029009037 
442 152 15 19 0.025492614 
46 227 9 11 0.023305237 
70 226 10 13 0.022141796 
262 214 8 10 0.021546062 
