56_Voter_peoplevoting_56_874
97
968 249 49 73 0.9967049 
665 251 27 32 0.99382365 
138 351 24 30 0.9916146 
90 340 24 28 0.98429316 
567 297 24 29 0.9833921 
13 299 18 22 0.97790694 
594 329 31 34 0.9773671 
780 297 43 60 0.975578 
684 439 74 141 0.97129613 
242 395 39 50 0.9671249 
66 282 14 18 0.9578109 
405 271 14 16 0.9542531 
154 390 27 38 0.9540739 
367 253 12 16 0.9451352 
511 276 21 25 0.92963225 
480 367 63 73 0.9291685 
38 336 19 25 0.9259617 
358 281 14 16 0.90779376 
454 289 19 21 0.8640104 
111 298 13 15 0.82746726 
334 256 14 16 0.8090784 
192 258 12 16 0.80033576 
464 227 10 12 0.71021813 
534 309 21 27 0.6727503 
455 241 10 12 0.6721974 
397 224 9 10 0.6676169 
388 342 40 65 0.60612386 
406 237 11 13 0.59139735 
333 231 9 11 0.5669755 
959 218 40 56 0.5092816 
156 283 13 18 0.49186966 
136 286 12 14 0.43913284 
272 245 10 12 0.4062666 
412 248 10 13 0.35799685 
396 254 12 15 0.35696936 
3 278 19 21 0.25046575 
158 425 31 40 0.23379341 
506 228 10 12 0.22593376 
424 251 9 11 0.22551773 
456 256 13 15 0.2184166 
271 283 14 16 0.1974514 
761 73 15 18 0.15111218 
157 404 30 45 0.14976342 
299 254 11 12 0.13712949 
375 230 10 11 0.10876779 
582 207 8 9 0.097091235 
485 238 10 13 0.09406604 
288 273 13 17 0.08955369 
436 276 13 17 0.089438245 
633 194 8 9 0.083649345 
244 236 9 10 0.08050818 
154 278 13 15 0.078193255 
319 369 42 52 0.07753615 
289 245 8 11 0.07578868 
495 214 9 11 0.07489273 
239 259 10 11 0.07393893 
293 245 10 11 0.058649722 
397 246 12 15 0.05689447 
309 279 10 15 0.056581214 
128 292 10 14 0.054891236 
271 252 10 13 0.054695275 
172 314 11 14 0.054283854 
447 222 9 11 0.052489366 
320 254 10 13 0.05074906 
5 287 17 21 0.046339903 
909 423 29 35 0.04213593 
466 205 8 10 0.040369414 
722 106 22 27 0.04022601 
558 299 23 32 0.034634277 
474 216 8 11 0.034596134 
477 215 9 11 0.03458652 
400 238 12 13 0.033777084 
233 253 9 12 0.033059277 
543 309 24 31 0.032880727 
402 353 39 60 0.03225549 
538 199 7 9 0.031381465 
122 313 14 17 0.031154897 
349 222 9 11 0.030679032 
222 253 9 11 0.030355245 
359 231 8 11 0.029321523 
443 280 14 19 0.029319692 
457 243 12 14 0.028749641 
494 359 43 50 0.027296245 
440 220 8 10 0.026765453 
391 239 11 12 0.026507197 
451 244 11 14 0.024953047 
429 270 14 18 0.02482279 
445 258 12 15 0.024746792 
454 214 9 10 0.024142975 
594 207 8 9 0.023672517 
244 256 9 11 0.023641076 
482 232 9 10 0.023419322 
270 271 14 15 0.023292465 
433 222 7 10 0.02311465 
465 201 9 10 0.023027075 
393 243 11 14 0.022076065 
566 205 8 10 0.02005813 
