8_Election_Campain_Election_Campaign_8_252
139
294 441 52 69 0.99911445 
922 309 29 37 0.9978137 
492 379 27 33 0.99728525 
140 452 85 97 0.99689305 
365 388 28 31 0.9939446 
413 392 25 32 0.991987 
108 422 15 17 0.9849117 
789 335 18 21 0.9790708 
853 302 15 17 0.9777728 
876 311 16 19 0.97714543 
988 287 21 26 0.9682245 
895 297 17 20 0.9630975 
706 291 23 25 0.94985056 
885 332 20 23 0.9330462 
827 349 18 29 0.9322727 
646 347 18 21 0.91562754 
755 334 13 17 0.9129722 
669 348 19 22 0.8995101 
843 327 21 21 0.86898667 
606 361 17 21 0.86356604 
947 312 20 27 0.8482437 
88 452 17 23 0.8137377 
782 392 25 45 0.553593 
726 349 19 23 0.53466785 
653 362 16 21 0.5132139 
704 352 14 18 0.50936264 
976 298 14 20 0.48315546 
654 301 10 12 0.31013933 
78 421 13 16 0.30629614 
672 377 17 19 0.2932063 
913 299 14 19 0.28996405 
630 342 15 19 0.28418654 
836 246 11 13 0.2189805 
465 371 16 21 0.21076527 
301 385 15 18 0.20981137 
79 413 11 14 0.19727254 
1000 317 21 32 0.19012436 
118 401 7 10 0.18667647 
576 360 16 17 0.171201 
457 365 18 22 0.16734514 
934 306 25 34 0.1631924 
732 341 16 20 0.15799367 
498 340 12 15 0.15737413 
442 384 16 21 0.14567606 
715 379 16 22 0.12961201 
661 323 12 14 0.12786667 
405 369 16 21 0.11930853 
934 286 16 17 0.11163509 
263 384 9 12 0.10543912 
684 365 16 23 0.10180862 
471 340 14 20 0.10017265 
1011 272 13 20 0.094712704 
276 371 9 12 0.094207324 
867 291 12 16 0.09292329 
284 394 14 17 0.09006653 
373 360 16 22 0.08574347 
764 322 13 19 0.08488241 
819 313 12 17 0.08130454 
636 341 18 24 0.07326402 
293 374 9 12 0.07256758 
659 351 18 24 0.07179684 
674 354 19 26 0.07167057 
578 395 23 35 0.07143356 
114 404 9 11 0.07047911 
747 309 12 15 0.07045872 
685 336 10 13 0.06547032 
161 393 8 10 0.056714002 
662 303 9 11 0.055639807 
981 292 16 20 0.055226497 
541 385 25 35 0.053100947 
136 423 10 13 0.05218046 
60 475 17 30 0.05207188 
128 397 8 11 0.051963903 
296 388 13 16 0.049469374 
524 336 13 17 0.049153805 
656 322 11 14 0.048523292 
655 306 11 13 0.048461806 
660 330 13 16 0.048265 
739 334 11 15 0.048007537 
766 316 14 17 0.04699594 
40 424 10 12 0.04515227 
64 436 10 14 0.044350147 
307 414 14 18 0.044132177 
540 349 14 17 0.043491308 
241 460 27 34 0.04256138 
445 374 12 17 0.041600976 
453 393 15 19 0.04071485 
838 275 10 16 0.040509887 
340 386 16 22 0.03987784 
967 301 11 15 0.038652424 
440 393 13 21 0.037824478 
401 347 11 15 0.037541054 
881 323 20 24 0.036714397 
76 427 16 20 0.03578396 
744 302 10 13 0.034388047 
787 358 16 19 0.034134064 
431 366 12 17 0.03372031 
278 359 7 10 0.033548895 
518 338 14 16 0.03340304 
927 288 21 24 0.032879792 
56 412 8 11 0.032574985 
719 352 15 20 0.031755593 
737 349 16 21 0.031243663 
564 366 13 15 0.031046327 
208 393 7 9 0.03096848 
134 399 10 11 0.030036192 
369 337 14 18 0.029808478 
258 389 8 11 0.029061787 
457 354 17 19 0.028747082 
208 398 8 9 0.02774511 
833 334 22 31 0.027501818 
494 336 21 23 0.026981782 
955 386 37 40 0.026931154 
151 393 8 9 0.026859555 
867 330 14 17 0.026841117 
725 309 10 14 0.026776943 
217 384 6 8 0.026416479 
165 392 8 10 0.026049783 
232 384 7 8 0.02552054 
145 392 8 10 0.02510507 
735 472 32 27 0.025078988 
138 426 13 15 0.02460258 
1 423 9 12 0.024592381 
269 391 8 12 0.024409253 
919 296 21 28 0.023846408 
296 379 12 15 0.023842394 
806 324 12 15 0.023571292 
1002 276 19 27 0.02326197 
692 357 13 21 0.023200912 
410 374 16 22 0.022091461 
287 389 20 24 0.021361224 
545 376 26 31 0.0209811 
865 286 12 14 0.02076657 
280 390 12 14 0.020664655 
1012 338 11 18 0.020436618 
103 406 9 11 0.020363254 
271 396 8 11 0.020245131 
224 377 6 7 0.020241389 
564 360 22 24 0.020146096 
