8_Election_Campain_Election_Campaign_8_84
63
122 542 44 56 0.9965509 
35 525 28 36 0.9949851 
209 505 26 40 0.99487346 
310 494 25 34 0.99468553 
289 500 21 30 0.98452944 
534 514 22 27 0.97671604 
489 191 17 22 0.97592497 
976 488 24 28 0.97310627 
446 184 14 20 0.95858246 
879 506 21 27 0.95633376 
76 504 20 28 0.95049673 
93 504 21 31 0.93033963 
127 484 19 24 0.9253133 
256 429 20 25 0.9055207 
525 174 13 20 0.88307846 
921 602 32 54 0.8759372 
631 203 18 22 0.8303632 
673 247 15 20 0.7927644 
562 178 14 17 0.7642014 
185 487 16 22 0.757343 
779 492 17 24 0.6737052 
447 539 24 32 0.59623206 
846 483 12 15 0.5937263 
167 466 11 15 0.55716825 
197 458 11 15 0.3573405 
4 529 21 29 0.31761706 
605 215 14 18 0.30150205 
219 465 12 15 0.29865468 
227 441 12 16 0.24199869 
287 419 13 17 0.19510219 
55 414 9 14 0.15068533 
33 411 9 12 0.14523433 
154 446 12 14 0.13899466 
945 506 16 19 0.10549915 
971 462 18 23 0.1042359 
174 380 8 10 0.10134833 
545 202 16 21 0.09424458 
227 427 12 15 0.08134632 
228 423 10 12 0.076430365 
883 723 42 40 0.07070417 
214 476 15 19 0.06507957 
161 465 12 16 0.05852125 
169 378 8 9 0.055888988 
202 459 12 16 0.04731307 
444 569 23 23 0.038730234 
181 422 9 11 0.03759488 
784 500 17 22 0.033813223 
194 489 15 19 0.029921884 
574 195 13 18 0.028459756 
186 535 22 31 0.028455446 
285 432 13 18 0.02818064 
207 424 8 12 0.027930427 
176 474 12 15 0.027827246 
832 463 9 12 0.025416644 
953 470 11 15 0.025259258 
581 198 15 20 0.024598815 
207 437 10 13 0.024313357 
821 359 9 12 0.022563001 
29 421 10 13 0.022552446 
25 422 10 13 0.022534912 
972 472 25 28 0.022304712 
450 559 20 25 0.020263113 
169 414 9 12 0.020168656 
