8_Election_Campain_Election_Campaign_8_412
682
809 138 28 36 0.99830854 
975 262 31 36 0.99744725 
692 447 41 59 0.99665666 
964 206 31 36 0.9965714 
251 172 26 32 0.9963349 
301 563 42 66 0.996329 
899 352 33 45 0.9962818 
6 259 33 46 0.9962793 
167 245 27 37 0.99593025 
560 551 47 60 0.99574775 
645 305 29 42 0.9944804 
273 257 30 38 0.99447167 
357 233 30 38 0.9943394 
146 549 42 60 0.99338114 
486 256 34 42 0.9928168 
773 595 47 60 0.9926016 
981 317 30 44 0.9921772 
622 386 31 48 0.9918285 
697 205 29 35 0.99182534 
931 318 30 43 0.9907203 
333 395 38 51 0.98962295 
425 419 33 48 0.9881407 
637 424 39 48 0.98700327 
514 179 23 31 0.98678595 
728 496 35 52 0.98640174 
619 511 44 66 0.98611915 
668 239 26 33 0.98570967 
617 289 29 38 0.98369265 
841 317 29 41 0.9821623 
774 124 25 30 0.98053074 
768 432 33 48 0.98038256 
905 593 46 57 0.98005724 
272 489 37 43 0.97652346 
372 65 20 24 0.9755459 
858 453 39 49 0.9752015 
489 137 23 27 0.97309804 
104 345 42 50 0.97252446 
369 492 41 50 0.9723154 
569 213 26 35 0.97195566 
492 217 31 33 0.9704179 
12 505 34 54 0.9703592 
865 265 25 35 0.9694406 
395 112 18 21 0.9664052 
828 622 43 60 0.9657931 
550 147 24 33 0.9646651 
242 124 23 28 0.964533 
551 368 44 59 0.9641515 
280 96 19 24 0.96237445 
292 34 16 20 0.9559288 
800 352 32 43 0.95523083 
276 16 16 20 0.953727 
756 211 30 38 0.95347464 
138 300 35 47 0.9518245 
943 187 23 31 0.9516368 
402 69 16 20 0.95100343 
269 543 42 64 0.9497554 
92 327 29 36 0.9450073 
669 182 22 29 0.9424359 
80 532 38 61 0.9379987 
621 255 28 34 0.93635243 
272 217 23 28 0.92918843 
350 178 22 32 0.92570865 
466 84 13 18 0.9248542 
464 25 19 23 0.9247479 
213 269 23 31 0.9240115 
555 112 20 23 0.92117894 
968 534 35 47 0.9200475 
304 13 13 15 0.917698 
231 66 18 23 0.913196 
796 537 40 53 0.9097229 
561 456 42 63 0.9076646 
455 251 34 44 0.90472925 
360 142 22 26 0.9027705 
544 141 22 31 0.8973567 
113 488 36 48 0.8967935 
779 153 22 27 0.8961064 
372 44 12 14 0.89310133 
863 348 29 39 0.8901074 
30 457 25 37 0.88434833 
624 142 23 26 0.8711899 
356 120 17 23 0.8617011 
336 159 23 30 0.85572773 
84 123 23 32 0.841255 
661 125 20 32 0.8352911 
398 364 32 43 0.8313717 
695 26 14 17 0.8242823 
205 7 14 19 0.819438 
659 276 25 30 0.81889546 
523 82 17 18 0.8167873 
560 185 22 28 0.81523526 
481 575 38 44 0.8125142 
608 76 20 25 0.80577016 
788 267 26 31 0.7798644 
534 259 25 36 0.7784945 
174 381 33 39 0.77631754 
366 578 37 62 0.7663622 
994 319 30 42 0.7570763 
855 577 33 41 0.7552667 
637 116 17 21 0.7481946 
582 85 13 17 0.7481492 
420 68 14 19 0.7446736 
480 400 35 42 0.7446528 
525 30 13 18 0.7272151 
693 84 16 22 0.72655123 
255 149 21 29 0.70273536 
374 187 24 32 0.6975343 
642 77 17 19 0.697444 
304 171 21 26 0.6946545 
587 60 12 16 0.68190277 
851 77 15 21 0.6805011 
882 212 24 33 0.6595052 
321 131 20 27 0.6495191 
369 14 12 16 0.6459643 
804 238 22 25 0.6395131 
662 207 20 26 0.63774043 
87 454 29 39 0.63153464 
181 41 15 21 0.62052876 
997 374 24 30 0.61107916 
115 217 27 39 0.5930844 
810 414 31 52 0.5901494 
419 238 26 33 0.569673 
428 97 16 19 0.5504236 
957 423 37 47 0.5496285 
29 121 15 18 0.54508346 
701 120 15 17 0.54059994 
602 127 17 23 0.5394094 
246 31 16 20 0.5225241 
767 79 9 12 0.52101856 
643 170 20 23 0.5107037 
537 115 18 23 0.50055456 
293 112 15 21 0.49668673 
835 89 12 17 0.49098694 
0 145 17 25 0.48655477 
717 102 15 18 0.48137036 
496 475 35 40 0.47996283 
334 489 31 42 0.4761135 
497 163 21 27 0.4734734 
387 95 15 20 0.45573902 
776 325 34 40 0.45412073 
163 4 15 18 0.45227474 
201 4 12 18 0.4486122 
949 629 34 49 0.4449649 
387 147 21 24 0.43753833 
232 433 28 41 0.41930318 
882 99 14 19 0.41821495 
512 107 21 25 0.4123662 
872 72 13 17 0.41104302 
406 33 12 16 0.39898667 
316 407 30 43 0.3963699 
368 96 15 18 0.39386588 
721 278 32 40 0.38178378 
304 65 14 17 0.3782643 
718 173 21 28 0.36212587 
734 117 16 23 0.3548311 
469 103 13 19 0.3518484 
617 589 41 56 0.3514435 
234 45 14 18 0.3425507 
946 408 36 52 0.34187046 
914 179 15 19 0.3364695 
875 203 23 30 0.32614958 
443 241 27 37 0.3233909 
636 84 15 20 0.314013 
122 296 22 34 0.31230053 
53 103 13 17 0.31051862 
375 400 26 36 0.30987427 
216 500 33 45 0.3073005 
414 30 13 17 0.30546328 
151 616 25 41 0.29658157 
163 212 21 31 0.29612857 
531 34 13 16 0.29562595 
667 101 13 18 0.29248112 
323 85 15 20 0.28850508 
456 169 23 32 0.28848052 
344 78 17 20 0.28213054 
344 23 9 11 0.27649605 
621 45 11 14 0.27555496 
934 190 22 30 0.26977068 
846 41 10 15 0.26389012 
386 352 34 49 0.2630773 
507 15 13 17 0.25994784 
350 491 41 51 0.25405332 
103 259 26 36 0.23832515 
716 366 26 36 0.23746277 
518 425 34 45 0.23522362 
206 359 30 39 0.23378445 
155 98 15 21 0.22778243 
430 239 27 36 0.22543587 
361 183 22 31 0.22089335 
636 364 34 44 0.2206964 
245 537 31 46 0.21784623 
406 207 26 38 0.21725431 
630 294 34 45 0.21544676 
105 21 14 17 0.2126279 
863 193 23 29 0.20986977 
686 366 29 45 0.20799199 
716 271 26 34 0.19977331 
596 164 22 29 0.19720402 
765 307 30 43 0.19439144 
451 138 18 23 0.1941028 
820 46 9 11 0.19387758 
551 57 11 14 0.19224499 
547 115 22 26 0.18955474 
701 409 31 41 0.18431018 
495 2 12 14 0.18155171 
466 366 27 34 0.18129134 
1011 185 13 21 0.1791365 
390 26 11 14 0.17888728 
623 62 15 17 0.17775615 
428 156 22 30 0.17688446 
408 12 11 14 0.17659624 
611 103 16 18 0.17653644 
412 68 15 19 0.17246875 
94 420 24 35 0.16813432 
115 1 14 16 0.16761352 
921 515 31 44 0.16617763 
158 203 21 31 0.1607266 
895 90 11 15 0.16072573 
593 126 20 28 0.15879612 
65 130 13 16 0.15823722 
245 41 15 19 0.15627295 
726 23 12 15 0.15416192 
566 16 9 12 0.15344584 
651 101 14 17 0.15188743 
446 65 13 16 0.15012202 
635 21 12 16 0.14754891 
401 0 11 12 0.1460449 
920 126 22 27 0.1454715 
192 97 21 31 0.14501783 
861 44 11 13 0.14469272 
809 98 16 21 0.1433122 
430 135 20 28 0.14236291 
109 94 14 17 0.1382612 
545 3 13 17 0.13777135 
861 96 13 17 0.13487063 
855 14 11 13 0.13429229 
429 82 14 18 0.13378139 
255 249 22 31 0.13344017 
391 162 23 28 0.13335045 
761 100 12 16 0.13241093 
30 98 16 21 0.13137859 
269 53 14 18 0.12984544 
899 45 11 15 0.12617034 
123 40 18 23 0.12586772 
640 67 15 18 0.12470136 
379 2 13 15 0.1241328 
799 409 30 42 0.12351325 
981 0 11 11 0.12308526 
605 27 10 14 0.12212411 
990 167 15 17 0.119833514 
158 8 13 17 0.119771555 
861 131 12 17 0.1197293 
974 2 11 13 0.11965201 
124 15 14 18 0.119011104 
384 36 11 15 0.11871715 
17 4 13 15 0.118691675 
711 419 33 37 0.11721433 
116 91 15 19 0.116767116 
144 0 12 12 0.11611561 
564 193 26 37 0.1159627 
499 182 22 27 0.11504207 
225 233 28 33 0.11364438 
7 382 34 37 0.11346646 
441 558 39 48 0.11231059 
892 420 26 36 0.11188052 
533 581 31 51 0.11131989 
608 235 22 30 0.108377814 
140 412 29 37 0.1058362 
250 108 16 19 0.1057294 
52 0 12 10 0.10442717 
384 323 42 53 0.10236156 
167 223 25 37 0.102182634 
256 268 21 31 0.09958668 
985 663 30 25 0.098647155 
861 62 11 12 0.09791537 
105 206 27 36 0.09684692 
309 46 12 15 0.09609484 
585 54 11 15 0.09548453 
943 85 12 17 0.09466531 
284 37 16 19 0.0939713 
731 271 38 41 0.09387436 
769 138 23 26 0.09251357 
704 165 20 27 0.09211443 
716 303 35 44 0.09138823 
244 345 40 48 0.09115585 
957 497 31 39 0.08865377 
118 9 14 19 0.08711076 
0 107 17 36 0.08680393 
445 187 25 33 0.08642499 
558 41 10 12 0.08588705 
141 97 13 18 0.08547239 
757 25 10 12 0.084774725 
742 60 12 16 0.084481716 
652 292 29 42 0.08336583 
818 23 10 12 0.08148024 
764 137 17 22 0.08013615 
173 8 13 19 0.07990645 
331 81 19 24 0.079520516 
28 334 27 39 0.07906149 
245 199 21 29 0.07902998 
885 94 13 17 0.07847285 
578 114 15 19 0.078375414 
933 499 39 50 0.07692773 
661 581 40 45 0.07473472 
927 34 12 15 0.07321646 
791 86 9 13 0.07314212 
94 338 35 42 0.07163967 
162 168 20 26 0.071488924 
490 185 17 22 0.07127304 
347 68 15 20 0.07109029 
281 219 24 31 0.070494674 
791 77 9 12 0.06981039 
81 160 22 28 0.06898581 
382 190 28 35 0.068245314 
20 148 22 30 0.06777569 
925 197 20 28 0.067592755 
472 0 10 11 0.066799246 
410 225 30 36 0.066796504 
235 95 16 20 0.0665832 
874 185 14 17 0.06642871 
953 114 16 18 0.064730495 
83 187 15 17 0.06422797 
422 93 15 19 0.06413886 
298 42 15 18 0.063904725 
701 369 34 42 0.06390294 
638 35 12 16 0.063859664 
283 118 19 25 0.06355668 
323 241 21 32 0.06338078 
392 47 11 13 0.06313109 
652 32 14 17 0.06299557 
630 77 13 18 0.062624246 
432 17 12 16 0.06178454 
493 11 12 16 0.061482277 
251 274 17 27 0.061218157 
403 4 13 15 0.061048966 
974 428 34 42 0.060670923 
389 104 17 22 0.06063892 
667 118 14 19 0.06051339 
424 74 16 19 0.06043843 
302 50 13 16 0.060071412 
287 307 29 43 0.05934421 
224 270 23 30 0.059068915 
438 2 11 14 0.05857092 
693 145 16 18 0.058480393 
57 104 14 19 0.05794605 
764 96 11 13 0.05787857 
443 74 15 18 0.05762628 
385 29 12 15 0.057183817 
899 93 11 14 0.056944277 
862 179 23 28 0.05678216 
919 305 24 29 0.056603007 
294 81 14 18 0.056382045 
540 535 29 43 0.05576652 
553 42 10 12 0.055551 
436 13 12 16 0.055488363 
198 1 11 13 0.05536982 
291 227 23 30 0.055163413 
753 28 11 13 0.054937873 
37 13 10 12 0.054902144 
867 99 12 15 0.054041855 
948 165 12 16 0.053353984 
395 22 12 14 0.05312613 
240 171 26 32 0.0527604 
573 87 17 20 0.05271081 
125 405 32 40 0.051901046 
79 174 23 27 0.05154821 
880 95 13 16 0.051148005 
963 95 12 16 0.050600607 
583 536 47 61 0.0503422 
447 36 13 17 0.05006414 
888 203 26 34 0.04997317 
429 129 17 22 0.049689777 
717 85 15 16 0.04952346 
698 76 17 21 0.049123794 
380 42 12 15 0.04905842 
340 118 16 21 0.04894214 
3 149 24 37 0.048892807 
151 95 13 18 0.048669856 
436 81 15 19 0.048480622 
495 37 14 17 0.048352 
959 72 11 14 0.048307367 
122 130 13 16 0.04830588 
687 490 24 34 0.048109215 
410 21 13 15 0.048070073 
390 263 34 40 0.04765948 
645 35 13 17 0.047516353 
271 13 14 18 0.047404375 
397 29 12 15 0.04723596 
389 6 11 13 0.046960354 
868 59 11 13 0.046716556 
854 83 19 27 0.04638871 
36 204 15 21 0.046374727 
710 265 24 30 0.046367727 
319 69 12 15 0.04603704 
442 131 22 32 0.045818403 
174 151 13 17 0.045739237 
747 57 12 15 0.045256052 
48 102 12 15 0.045198303 
965 142 14 16 0.044917203 
472 176 17 21 0.04482198 
196 539 31 41 0.04459394 
648 6 11 15 0.044391446 
278 123 15 20 0.044062212 
76 153 17 22 0.04398838 
688 3 13 16 0.043920867 
0 478 18 32 0.043685175 
146 168 15 20 0.04359714 
475 87 14 21 0.04356242 
890 97 13 18 0.043377373 
348 36 14 16 0.043126795 
589 159 16 24 0.042537533 
699 51 13 16 0.042470794 
911 36 11 15 0.042297404 
547 544 34 50 0.04219488 
421 3 13 16 0.04214846 
600 83 11 16 0.042132005 
573 21 9 11 0.041961547 
709 480 45 56 0.041959956 
799 40 8 10 0.041883636 
0 20 9 18 0.04161828 
981 50 11 13 0.041613128 
572 108 16 19 0.041109268 
447 30 13 15 0.04095733 
161 44 15 19 0.040934402 
926 43 16 20 0.04080738 
283 26 20 25 0.040642083 
428 2 12 16 0.040613722 
491 175 17 23 0.04051018 
952 25 12 16 0.040405493 
466 372 36 48 0.04039103 
656 175 21 28 0.040342666 
588 134 18 23 0.040241875 
43 155 15 20 0.04014766 
222 106 16 20 0.040139724 
405 257 31 37 0.03982191 
253 551 34 52 0.039586626 
518 15 11 14 0.03955738 
93 4 12 15 0.039549936 
915 200 21 27 0.039487395 
108 34 14 18 0.039418485 
392 200 26 35 0.039414573 
697 162 18 24 0.03906048 
245 111 23 28 0.038575828 
472 331 38 46 0.03850862 
182 372 33 37 0.03836396 
953 513 36 50 0.038329408 
512 466 45 56 0.038150076 
735 67 11 19 0.037994012 
434 196 27 35 0.037814904 
92 436 40 47 0.037577912 
791 41 9 10 0.037546784 
725 110 18 26 0.037387967 
959 38 11 16 0.036911998 
796 86 10 14 0.036876976 
133 165 23 26 0.036739223 
38 233 25 31 0.03670919 
114 101 23 30 0.036676675 
326 141 23 31 0.036666535 
654 120 20 30 0.036647674 
571 99 16 18 0.036504444 
234 115 23 30 0.036328364 
652 42 13 15 0.036270358 
299 71 16 19 0.036141228 
347 570 42 67 0.036055576 
132 38 15 21 0.035919663 
178 56 17 23 0.03577729 
523 111 22 27 0.03552523 
482 168 21 26 0.03552329 
237 33 19 24 0.035362255 
142 125 14 18 0.03532012 
222 483 36 43 0.035226624 
240 66 16 20 0.035058554 
717 92 16 18 0.035055794 
607 13 9 11 0.03496042 
402 162 18 24 0.03454753 
238 228 22 29 0.034510523 
527 87 19 20 0.03447505 
641 87 16 20 0.03442653 
566 111 20 25 0.034128353 
540 562 35 53 0.03412715 
176 35 13 19 0.03401736 
632 404 35 53 0.03396584 
30 140 20 27 0.03387759 
474 99 14 20 0.033862177 
255 314 25 34 0.03379032 
68 1 11 10 0.033745226 
19 1 14 13 0.03372366 
927 66 12 17 0.033634454 
399 9 13 16 0.033260815 
785 533 29 42 0.033199776 
301 87 13 18 0.032896813 
543 268 30 38 0.032206126 
935 23 12 14 0.0321418 
196 452 26 32 0.03211774 
643 107 19 24 0.0320022 
908 99 12 15 0.031733632 
307 148 18 22 0.031665523 
620 250 20 26 0.03164111 
510 116 17 21 0.031591374 
902 296 25 32 0.031411562 
102 215 14 21 0.031333957 
413 6 13 15 0.031312566 
1003 29 13 16 0.0312487 
500 29 13 16 0.031188486 
717 205 26 35 0.030958904 
116 117 22 29 0.030891279 
791 230 26 29 0.030860344 
537 451 47 65 0.030826256 
856 43 11 13 0.030804208 
84 0 12 12 0.030500168 
146 325 34 46 0.030469852 
932 27 12 15 0.03038967 
713 107 20 25 0.030102365 
684 145 16 18 0.03005176 
226 412 24 34 0.030046212 
440 165 22 31 0.029988337 
996 258 24 33 0.029972067 
778 32 9 10 0.029954052 
771 77 10 12 0.029772455 
632 12 11 16 0.029761354 
903 96 12 16 0.029751271 
446 102 19 24 0.029730456 
795 295 26 31 0.02972895 
989 37 25 30 0.02972268 
900 13 9 12 0.02963921 
601 24 10 14 0.029455137 
438 285 28 35 0.02932507 
949 5 10 13 0.029315501 
467 346 32 43 0.029299872 
741 72 11 15 0.029235927 
938 107 15 20 0.028916156 
73 36 18 21 0.028910464 
72 182 24 30 0.028746258 
547 9 13 17 0.02873393 
745 104 20 27 0.028670099 
262 9 12 16 0.02856427 
606 166 19 24 0.028392399 
161 104 14 19 0.028326249 
760 295 27 38 0.028171536 
997 68 14 17 0.028018557 
422 49 14 17 0.028013686 
52 133 13 19 0.02777142 
875 80 14 17 0.027718965 
4 -1 14 11 0.027687414 
87 3 12 15 0.027644446 
158 198 14 23 0.027489256 
517 100 23 25 0.027348038 
995 442 27 34 0.027258694 
573 62 12 15 0.0272169 
695 390 30 48 0.027125698 
4 32 14 23 0.027110951 
909 172 16 21 0.027091483 
40 194 26 34 0.027087133 
984 526 30 52 0.027085183 
32 206 25 32 0.027006965 
76 217 17 22 0.026912551 
972 650 36 36 0.026824169 
919 182 20 29 0.026777474 
417 201 32 39 0.026608795 
325 28 11 14 0.02660296 
798 101 20 26 0.026353646 
210 101 24 30 0.026279699 
1 122 24 37 0.026222693 
776 68 9 14 0.026205655 
190 2 13 17 0.026196126 
722 375 31 40 0.026134597 
380 339 31 48 0.026101954 
733 209 27 33 0.026052352 
587 109 14 18 0.02604214 
612 28 9 13 0.026005642 
294 70 13 16 0.025982143 
540 91 15 17 0.02594484 
589 47 11 12 0.025917325 
372 315 28 41 0.025894277 
234 529 32 40 0.025824944 
233 77 18 22 0.025776314 
34 148 21 28 0.025573857 
722 128 14 19 0.02557081 
1 194 27 40 0.025530173 
790 106 13 18 0.02544119 
902 38 11 15 0.025401572 
152 14 12 15 0.025110276 
462 12 11 14 0.025060588 
998 34 15 21 0.025008168 
498 414 39 52 0.024971379 
243 136 26 30 0.024930246 
201 509 40 54 0.024880707 
734 301 39 50 0.024849942 
316 46 12 14 0.02484672 
0 452 22 39 0.024843523 
46 136 15 20 0.02484118 
171 139 16 23 0.024788162 
34 448 42 51 0.024786804 
467 258 34 44 0.02456518 
115 151 14 19 0.024528164 
56 75 10 16 0.024390105 
148 1 13 16 0.02427682 
123 2 13 15 0.024200166 
894 295 21 32 0.024085745 
726 72 12 18 0.023972955 
577 298 15 17 0.023928767 
942 167 15 20 0.023928622 
779 298 29 36 0.023825683 
877 22 10 13 0.023751182 
262 222 26 29 0.023722857 
438 143 22 31 0.02370242 
230 37 15 20 0.02368164 
786 87 9 12 0.023651754 
226 349 35 44 0.023548113 
858 525 34 47 0.02339058 
162 192 23 33 0.02335462 
934 0 10 9 0.023289213 
433 89 16 22 0.023255382 
500 0 12 11 0.023241214 
33 29 12 18 0.023216538 
66 212 25 31 0.023063868 
735 0 10 10 0.022979971 
866 128 15 21 0.022959905 
241 243 24 30 0.022919808 
179 31 16 18 0.022801956 
132 90 16 20 0.022799151 
428 27 13 16 0.022632692 
334 184 14 22 0.02258331 
647 362 41 55 0.022578305 
346 28 12 16 0.022573909 
674 129 16 21 0.022522226 
269 24 15 18 0.022443606 
174 46 17 22 0.022415752 
367 47 14 18 0.02237801 
997 185 13 18 0.022257922 
202 447 41 47 0.022250751 
907 338 36 50 0.022161875 
692 153 21 24 0.022077825 
221 113 22 29 0.022043733 
226 97 18 22 0.022011714 
14 364 33 47 0.021784525 
495 31 12 15 0.021750936 
895 32 8 11 0.021626223 
367 239 34 42 0.021587517 
311 136 21 29 0.0215598 
468 569 37 42 0.02148385 
1004 -1 11 10 0.021451235 
116 37 16 20 0.021414123 
1015 57 9 18 0.02139421 
823 410 31 49 0.021358872 
747 6 11 13 0.021347228 
706 75 15 18 0.021309353 
844 385 38 55 0.021286981 
284 247 28 37 0.021012643 
67 146 21 29 0.02100712 
222 248 26 34 0.020978613 
990 117 13 16 0.02097706 
173 541 41 53 0.020975105 
480 479 41 46 0.020935956 
1012 156 10 15 0.020933209 
172 63 17 22 0.020929525 
811 83 14 16 0.020925114 
189 107 16 23 0.020910755 
122 85 16 22 0.02087109 
864 117 11 14 0.020809105 
488 11 11 15 0.020802936 
787 307 31 38 0.020794662 
41 142 20 26 0.020785516 
633 158 23 28 0.020777484 
912 120 21 27 0.020774167 
429 115 15 21 0.020771602 
294 46 14 18 0.020712843 
892 122 11 15 0.02066785 
263 28 12 16 0.020645555 
584 47 9 12 0.020587979 
108 241 26 37 0.020543689 
132 2 12 14 0.02052188 
1011 265 13 19 0.02047699 
68 102 14 18 0.020453038 
582 144 15 21 0.020370357 
853 39 11 13 0.020330822 
814 41 11 13 0.020328756 
382 9 12 14 0.020300386 
122 113 15 19 0.020278132 
9 146 17 23 0.020189138 
244 432 27 37 0.020164708 
450 203 19 25 0.020093832 
0 584 28 46 0.020065896 
