8_Election_Campain_Election_Campaign_8_148
182
241 368 102 133 0.9998909 
424 289 89 112 0.9995509 
814 289 64 71 0.99937016 
741 265 55 64 0.9991002 
964 299 56 70 0.9990096 
620 352 91 111 0.99895537 
896 574 109 154 0.9984523 
504 212 53 59 0.99835443 
572 317 71 86 0.9981438 
674 256 60 68 0.9980883 
722 455 93 129 0.99774015 
311 270 79 100 0.9973738 
0 209 70 97 0.99721897 
585 189 43 51 0.99715555 
887 425 71 78 0.99668485 
478 150 30 34 0.99662906 
370 241 60 84 0.9947977 
499 284 67 93 0.99430484 
101 206 53 59 0.9939557 
128 84 27 32 0.99357057 
755 218 28 30 0.99194944 
427 232 58 62 0.9913469 
194 112 24 30 0.990164 
372 122 16 21 0.98972535 
0 371 66 142 0.9843443 
482 111 15 21 0.9805399 
860 494 81 109 0.96992457 
636 180 23 27 0.9698794 
170 96 18 22 0.9587315 
781 100 12 14 0.95764244 
753 101 11 14 0.95471436 
509 152 21 26 0.9500843 
724 131 18 22 0.94322526 
552 119 16 20 0.94019204 
660 107 12 14 0.93836534 
614 134 16 19 0.9366281 
322 100 19 24 0.93135744 
567 150 20 23 0.9280411 
764 117 14 17 0.9213391 
807 98 12 14 0.90997577 
798 124 13 16 0.9070003 
687 94 10 12 0.89681685 
220 100 15 21 0.8665891 
6 8 14 17 0.8577343 
996 142 16 22 0.84928805 
300 68 11 14 0.8208634 
267 79 11 13 0.7967377 
36 12 11 14 0.7356389 
215 296 85 101 0.7198883 
687 122 12 15 0.6955371 
160 263 60 83 0.5847584 
891 123 19 21 0.57223064 
620 85 10 11 0.5701619 
649 85 9 12 0.568993 
925 139 16 24 0.5503358 
604 87 10 12 0.5460086 
902 240 30 33 0.51585734 
590 106 11 14 0.48398754 
602 158 19 22 0.47323683 
705 124 12 15 0.41982958 
899 258 25 36 0.4121932 
558 75 8 10 0.41089833 
796 160 13 19 0.40688413 
850 118 13 20 0.40254295 
213 55 9 11 0.3972535 
939 188 15 25 0.39162847 
485 87 9 11 0.38621205 
245 85 14 18 0.38523936 
932 183 17 29 0.34770644 
707 117 12 15 0.3165462 
701 99 11 13 0.30805644 
274 66 11 14 0.3073755 
495 150 24 31 0.294798 
94 15 9 11 0.29394156 
231 53 10 11 0.29316452 
838 130 15 20 0.28087357 
551 101 10 12 0.27186185 
592 327 81 101 0.26366177 
877 536 102 143 0.2600661 
586 91 8 10 0.25764635 
426 252 66 87 0.25479773 
681 86 9 11 0.23209451 
728 96 8 10 0.2243793 
660 147 13 19 0.20162989 
725 115 13 15 0.18525366 
115 23 10 13 0.18289438 
873 154 21 27 0.17277087 
506 96 8 11 0.16317327 
771 116 13 16 0.14201912 
521 70 7 10 0.14028141 
632 96 11 12 0.1238277 
25 53 10 14 0.100616805 
868 454 86 108 0.09802446 
629 100 11 12 0.09495032 
256 31 11 13 0.094051205 
931 135 20 27 0.09096569 
69 29 11 16 0.0833165 
729 80 8 10 0.08234768 
995 177 14 19 0.07510597 
827 107 11 15 0.07402519 
141 16 10 12 0.07376704 
948 143 15 19 0.071971856 
641 80 9 11 0.07167066 
-2 478 45 128 0.07161802 
574 72 7 10 0.06504189 
720 117 11 14 0.064527035 
153 7 11 14 0.06305458 
624 103 10 12 0.062037874 
186 96 14 19 0.06069043 
239 82 15 19 0.059803862 
622 177 28 37 0.05922599 
725 64 9 11 0.05841184 
489 72 8 10 0.05777842 
654 82 9 10 0.05752155 
517 125 12 14 0.056999613 
883 116 15 20 0.05618153 
951 462 48 70 0.055651434 
62 2 14 17 0.055060484 
312 64 9 11 0.05459797 
393 230 76 90 0.051330145 
718 123 13 19 0.050007354 
494 73 8 10 0.049361456 
636 242 30 35 0.049122237 
646 81 9 11 0.04871536 
837 200 24 35 0.04689347 
510 115 10 13 0.04449207 
590 90 8 10 0.043861 
487 91 9 11 0.042453375 
518 78 8 12 0.042096283 
735 105 10 12 0.041159 
773 131 13 18 0.0404263 
682 92 10 13 0.038949322 
601 91 10 12 0.03847732 
179 93 15 20 0.03674172 
183 285 72 85 0.036467057 
665 86 8 10 0.036085796 
584 102 11 14 0.036006317 
545 100 10 12 0.0358521 
576 102 9 12 0.035345417 
533 78 8 11 0.03480448 
494 93 8 11 0.034593854 
244 279 89 107 0.0329844 
899 119 15 22 0.032939885 
595 103 10 13 0.03212509 
525 70 8 10 0.031944077 
55 2 13 17 0.031543836 
1002 175 16 20 0.031189097 
527 83 10 12 0.03065868 
615 102 10 13 0.030355155 
608 124 12 15 0.030043632 
89 19 9 12 0.029514913 
705 109 11 14 0.0293932 
703 167 15 18 0.02910827 
652 90 11 13 0.028026223 
1014 141 10 16 0.027977988 
509 98 8 12 0.027585665 
501 235 60 71 0.026990779 
692 94 10 13 0.026892908 
29 47 13 15 0.026844656 
224 106 20 23 0.026756726 
921 173 20 30 0.02663938 
238 77 13 16 0.02626908 
729 126 16 20 0.025348233 
721 111 9 13 0.025069127 
600 81 8 10 0.02473206 
667 107 11 13 0.024670608 
702 86 8 10 0.024443185 
881 177 23 32 0.023253161 
670 86 9 11 0.023097254 
823 115 12 15 0.022482168 
283 119 13 15 0.022232894 
67 0 13 15 0.022218842 
920 167 14 21 0.022149777 
893 182 15 22 0.021641497 
550 106 13 15 0.021264136 
754 175 14 19 0.02075015 
819 130 13 17 0.020608721 
31 7 12 17 0.020587642 
488 77 8 10 0.020360863 
216 95 13 18 0.020167278 
711 87 8 10 0.020110216 
461 293 78 93 0.020082839 
