8_Election_Campain_Election_Campaign_8_157
59
164 421 34 45 0.99913895 
219 455 21 28 0.9901816 
0 470 20 35 0.9748457 
327 462 21 33 0.9704114 
268 441 21 25 0.966704 
724 413 18 24 0.94658417 
806 461 12 16 0.93195426 
821 452 12 16 0.9224022 
605 458 18 22 0.68719214 
442 459 22 27 0.6119188 
334 434 12 17 0.417268 
666 439 15 24 0.37698376 
1005 447 11 12 0.30959398 
592 437 12 18 0.30790782 
904 453 10 13 0.19248982 
652 439 13 19 0.17831907 
562 462 10 14 0.16545096 
862 453 9 11 0.16427596 
582 454 14 19 0.15339777 
877 448 8 11 0.10404969 
904 445 10 12 0.08914476 
904 440 8 11 0.08646537 
863 449 7 10 0.07436531 
1005 340 14 21 0.07132701 
407 450 19 28 0.07132584 
924 271 10 12 0.06434353 
856 453 8 11 0.061496127 
952 387 9 10 0.06104596 
586 547 20 21 0.057324886 
865 460 9 12 0.052347086 
849 453 8 12 0.050667524 
743 442 13 20 0.04135098 
872 453 9 11 0.041282993 
909 447 9 12 0.039558727 
921 447 7 10 0.03722403 
0 183 7 14 0.03712845 
856 437 8 10 0.036357515 
688 458 13 15 0.035206035 
888 447 7 10 0.034190506 
363 423 17 24 0.03171098 
673 442 14 20 0.028687594 
581 476 14 19 0.02774141 
953 456 7 9 0.027513195 
340 440 13 19 0.027186079 
398 459 15 23 0.02676954 
797 455 14 17 0.026662713 
941 439 8 10 0.025499796 
337 429 14 19 0.025123356 
535 447 12 14 0.025029866 
584 461 17 22 0.024564927 
576 457 15 19 0.024479654 
856 447 9 12 0.024011014 
847 447 8 12 0.023243856 
952 461 8 9 0.023176577 
641 443 11 15 0.022927368 
925 446 8 10 0.022659183 
959 456 7 9 0.022417562 
848 461 9 11 0.021486336 
632 428 8 11 0.020360315 
