8_Election_Campain_Election_Campaign_8_86
24
117 173 56 69 0.99963045 
376 216 45 60 0.9991059 
11 152 52 76 0.998863 
577 231 55 71 0.99860364 
475 277 37 48 0.99250597 
210 230 40 51 0.9922283 
461 250 31 38 0.99120784 
905 276 30 45 0.9832723 
346 260 29 38 0.97687143 
184 2 94 116 0.9574552 
748 251 39 57 0.5014176 
774 -2 131 180 0.16273344 
500 593 13 16 0.10211086 
838 239 14 22 0.068275884 
663 182 52 77 0.056680053 
808 228 27 37 0.04827256 
989 327 34 49 0.03901806 
142 569 26 32 0.033332482 
277 617 12 15 0.029544782 
501 600 13 19 0.026865516 
822 231 21 31 0.025716104 
805 305 29 32 0.024993684 
791 235 32 39 0.023695285 
421 659 14 14 0.021595214 
