3_Riot_Riot_3_199
190
476 275 503 309 0.6521354
644 144 670 179 0.6383376
433 324 460 358 0.5857582
129 280 154 311 0.43702096
200 156 226 188 0.355241
176 254 201 286 0.26254728
74 304 103 341 0.2429976
535 320 565 357 0.21630462
583 150 607 182 0.2016766
238 106 263 137 0.17363966
247 244 278 281 0.16953808
351 273 380 308 0.16340603
902 245 928 277 0.15018958
77 147 103 181 0.14952926
316 201 340 230 0.145545
534 175 560 206 0.14149597
373 224 403 260 0.13790447
567 306 593 339 0.13288155
968 179 992 209 0.12729837
154 257 181 291 0.123681724
133 254 160 288 0.11739776
406 154 430 184 0.1101662
74 126 98 155 0.10678744
391 170 418 205 0.10360696
539 198 568 233 0.09802096
302 357 330 393 0.096831985
401 456 433 495 0.09652536
261 202 286 233 0.09340044
611 336 634 364 0.092824005
122 122 146 152 0.08935848
41 353 69 387 0.0844976
187 232 211 263 0.08097048
458 197 485 231 0.08042839
716 155 742 189 0.0798744
439 148 462 177 0.078559324
254 439 286 479 0.07590653
306 226 334 259 0.07524721
283 228 310 263 0.071498185
445 178 471 211 0.071164176
515 198 541 231 0.0709474
903 179 927 210 0.06949405
439 127 460 154 0.06947302
100 299 132 339 0.06724265
411 303 443 344 0.06707966
620 133 644 164 0.06647855
194 378 223 422 0.06519937
513 228 541 262 0.06454637
536 276 565 310 0.06131423
437 201 463 234 0.061252177
586 225 612 258 0.06111682
590 326 617 359 0.06079467
382 307 410 344 0.06023823
512 123 534 151 0.059886508
197 246 224 280 0.059049178
428 225 454 256 0.05870065
282 206 304 234 0.058438636
559 283 585 316 0.05631669
278 279 311 319 0.056171875
413 275 441 309 0.055741593
490 203 513 233 0.053447854
410 198 436 231 0.05317278
989 327 1019 370 0.052151255
353 327 381 362 0.05213305
740 154 766 187 0.05118488
854 256 877 285 0.05083575
950 197 976 229 0.049964022
563 221 591 257 0.049276233
186 130 208 156 0.048872285
365 157 388 186 0.048763078
973 248 999 282 0.048155487
97 148 123 181 0.046478387
130 178 154 209 0.0461802
283 410 311 443 0.045514897
466 380 493 415 0.045324076
563 172 588 202 0.044804428
465 130 487 157 0.044608995
428 255 453 285 0.044186234
359 177 384 209 0.04404581
876 76 902 111 0.043141566
257 355 288 396 0.042941578
519 150 544 180 0.04268294
109 252 136 286 0.041685726
483 355 510 389 0.041656718
328 184 355 218 0.041063435
871 130 895 161 0.040311337
153 176 177 206 0.039903723
109 101 134 131 0.039431926
333 107 356 135 0.03924012
570 130 594 160 0.039102558
850 204 874 233 0.039022673
334 249 365 287 0.038910132
54 280 82 319 0.038893044
155 330 189 372 0.03837869
869 202 893 232 0.03819687
818 173 841 204 0.03697265
288 102 309 130 0.03696683
391 123 414 150 0.036526535
27 201 53 234 0.036158826
356 299 386 337 0.03598767
897 154 921 184 0.03594974
281 335 309 369 0.035414577
535 221 568 261 0.035219494
490 124 513 152 0.034948822
144 295 174 333 0.03444646
795 156 820 187 0.034215353
664 206 691 238 0.033669837
464 223 493 258 0.033125594
615 279 645 316 0.03292697
174 303 211 345 0.032915734
233 400 265 439 0.03261708
284 371 313 407 0.032613724
481 148 507 180 0.032395963
537 349 566 385 0.032082822
589 383 620 422 0.031911418
462 150 487 180 0.03149041
130 76 151 103 0.031392243
101 199 126 228 0.031263668
461 299 491 337 0.031153312
307 300 335 335 0.031067371
775 126 800 156 0.030911705
70 230 100 264 0.030714946
52 99 76 128 0.03043406
281 153 306 184 0.030258559
925 197 950 227 0.03021586
153 101 175 129 0.030204276
361 199 388 232 0.029933056
225 175 249 206 0.029747555
185 207 208 237 0.029364781
104 176 129 208 0.029138582
693 351 719 382 0.02901905
328 354 354 388 0.028930278
864 273 890 306 0.028832225
918 233 945 266 0.028540894
79 203 104 232 0.028315853
893 98 918 131 0.028092332
588 285 615 321 0.028036118
410 352 440 390 0.0278706
921 156 946 186 0.027633213
358 384 387 421 0.027471952
233 203 256 233 0.027333613
775 225 799 257 0.027312625
150 234 175 266 0.027233759
388 358 416 392 0.027167069
248 304 279 343 0.02712055
202 204 227 234 0.026691383
648 356 674 388 0.026612356
872 227 897 259 0.026347892
699 227 726 259 0.026267579
410 127 432 155 0.026170542
773 154 798 186 0.026145441
151 200 177 232 0.025971087
564 478 594 516 0.025860839
436 107 459 134 0.025404627
513 405 540 440 0.025366275
310 104 331 132 0.025294872
899 273 927 308 0.025086768
771 97 795 127 0.024899747
999 171 1023 205 0.024808068
180 105 202 131 0.024712913
-3 220 23 258 0.02461948
123 319 156 358 0.024335386
617 177 643 208 0.024149198
560 249 587 282 0.024067514
515 378 541 412 0.023977451
382 199 412 235 0.023939077
410 103 432 132 0.023862021
383 278 410 312 0.023645267
658 167 686 201 0.023304539
737 95 763 127 0.02316919
50 203 75 232 0.023032788
185 170 209 200 0.022981815
644 228 669 258 0.022661477
667 335 692 365 0.02245629
853 153 877 182 0.02235897
283 179 306 208 0.022329252
-1 300 24 337 0.022204438
205 272 234 307 0.022149427
613 202 640 234 0.022112845
715 204 744 238 0.021933507
257 148 281 179 0.021899993
888 376 919 414 0.021860206
795 206 820 237 0.021826368
111 76 134 104 0.021734348
644 335 668 364 0.021322522
561 346 589 382 0.02051459
826 250 849 279 0.020510115
741 128 764 157 0.020313816
72 354 107 395 0.020303627
460 352 489 389 0.020218702
539 133 561 159 0.020118266
