3_Riot_Riot_3_710
31
609 77 666 148 0.92044055
493 173 536 226 0.51608694
527 150 565 196 0.19180031
613 204 651 250 0.10739629
583 140 616 182 0.091219306
144 326 176 366 0.091046914
737 281 776 329 0.079803646
976 132 1019 189 0.06535714
379 203 409 242 0.055962764
981 483 1023 543 0.047209267
615 170 651 214 0.042972364
406 200 437 240 0.04137374
740 22 775 65 0.04053133
795 128 891 243 0.0382606
951 116 985 161 0.03565246
433 199 460 235 0.034882993
218 141 266 197 0.02862138
277 63 322 126 0.028408952
125 114 160 160 0.028166145
416 175 443 208 0.024896782
993 310 1024 360 0.02373326
5 181 29 217 0.022999378
452 226 479 261 0.022813024
431 157 458 191 0.02234872
45 434 71 466 0.022016022
546 127 609 206 0.021736834
589 193 624 236 0.021593602
461 171 490 210 0.021373957
452 273 485 319 0.020785246
356 181 391 225 0.020535097
126 344 160 384 0.020495629
