3_Riot_Riot_3_306
57
741 82 806 170 0.96868604
476 189 519 245 0.9536448
270 148 309 196 0.85171247
285 244 326 303 0.74525064
913 68 990 159 0.47833082
648 146 704 221 0.33158016
3 24 85 130 0.2814657
457 287 486 323 0.23475444
430 342 464 388 0.14504017
471 121 504 161 0.14157355
602 96 644 148 0.12536623
175 143 202 177 0.104000516
154 142 179 175 0.092579454
397 73 432 119 0.08290659
486 277 514 314 0.07498777
410 323 444 368 0.0656651
325 121 352 156 0.05951062
170 176 197 211 0.056786973
509 296 543 338 0.055148948
482 94 518 137 0.054698378
237 294 283 350 0.053878136
331 146 360 182 0.049787626
760 572 796 625 0.048280507
412 121 443 160 0.046773512
233 176 258 209 0.045039352
531 275 563 315 0.038986653
133 141 160 175 0.038886186
636 115 670 165 0.038805928
501 430 548 492 0.03763688
532 340 566 385 0.03497443
426 141 458 181 0.033417575
47 175 80 215 0.033026308
330 171 361 209 0.032596674
74 146 103 182 0.031217255
502 76 537 118 0.031128515
425 171 460 215 0.030755827
536 122 570 167 0.030604398
43 143 81 185 0.030403893
657 72 692 119 0.030018853
605 170 640 215 0.028487045
381 338 414 380 0.027970387
104 123 131 161 0.027391162
829 0 870 40 0.02645554
606 13 677 91 0.025893196
448 369 481 414 0.025044596
500 116 539 165 0.023406168
695 179 742 241 0.023299335
350 196 379 234 0.022954429
388 298 421 338 0.022165611
388 171 419 210 0.021734888
649 341 691 390 0.021100122
992 605 1024 661 0.021010987
859 594 903 648 0.02085231
377 389 410 432 0.020586222
840 68 911 167 0.0203396
122 40 153 77 0.020067208
431 69 466 117 0.020055952
