3_Riot_Riot_3_263
33
630 124 762 270 0.33655763
889 153 922 192 0.31970948
28 89 59 130 0.20030244
844 190 894 256 0.16465859
191 84 223 128 0.12212436
800 549 895 663 0.064232334
2 82 31 124 0.0525456
798 133 887 245 0.051528633
106 207 136 249 0.049367458
753 148 805 213 0.034316663
110 125 142 167 0.03309744
885 192 930 253 0.032185894
7 230 51 299 0.02989566
460 151 496 194 0.029346712
487 268 527 312 0.028203858
0 115 31 159 0.027371187
195 316 238 371 0.02689248
181 3 213 37 0.026573671
48 176 80 218 0.026005602
260 122 290 166 0.024768393
228 0 263 35 0.024379926
147 92 182 135 0.02411367
96 48 133 94 0.024056608
228 34 267 84 0.023559485
330 121 363 167 0.02330375
198 137 228 182 0.023298424
967 489 1025 562 0.023242282
358 121 386 159 0.022352194
280 45 312 87 0.02198001
70 62 105 107 0.02185667
158 229 189 269 0.02146257
279 63 365 168 0.021326503
147 141 186 194 0.02079109
