3_Riot_Riot_3_184
81
82 67 120 114 0.64525986
219 91 258 145 0.48885694
919 161 951 201 0.4420117
350 501 382 543 0.40387437
121 171 155 217 0.38386065
176 125 212 170 0.22663052
8 156 50 209 0.17528498
744 170 766 198 0.1258643
7 560 56 619 0.10497681
693 171 714 198 0.10375004
128 254 156 291 0.09455116
40 116 75 159 0.09317321
765 322 794 358 0.089953735
401 131 452 197 0.08530674
320 358 369 416 0.07538058
180 458 211 498 0.074794404
195 73 233 121 0.07454133
972 177 999 210 0.065771446
270 300 303 342 0.06066095
68 301 111 353 0.05900229
149 102 178 142 0.056854468
643 283 671 317 0.056153845
310 580 344 623 0.055392385
124 98 158 140 0.055345286
659 198 685 230 0.055309616
21 296 55 339 0.053942963
589 398 619 437 0.051610388
761 155 786 188 0.050793458
243 577 276 619 0.047746606
175 189 213 237 0.046682227
234 176 262 215 0.04655648
254 281 282 318 0.046440773
917 121 945 154 0.045312565
748 305 778 343 0.045269594
667 258 692 289 0.04517877
895 151 925 190 0.042790327
717 174 740 203 0.04006738
144 276 177 319 0.039781466
568 460 595 496 0.0382116
791 148 821 187 0.037308704
227 274 256 311 0.036768757
124 372 153 408 0.03569968
422 252 459 296 0.03454786
476 333 513 378 0.03440476
169 379 196 416 0.032084815
149 143 186 189 0.031675495
448 96 483 140 0.030593116
939 254 967 289 0.03043267
611 422 643 462 0.030353827
323 603 366 656 0.029911745
95 111 128 150 0.029025322
303 499 335 539 0.028496971
844 147 871 180 0.02779916
49 42 95 102 0.027779197
79 487 127 547 0.0275537
144 188 179 234 0.027435338
-1 375 27 421 0.027248569
2 449 32 497 0.026826847
692 199 717 230 0.026565487
533 194 561 228 0.026310336
125 217 157 259 0.025969638
72 225 103 264 0.02581804
436 125 500 211 0.025048882
345 555 380 599 0.024807297
826 247 853 282 0.02443729
79 434 112 474 0.023641324
644 254 669 285 0.023553457
711 228 735 259 0.023078397
203 248 232 282 0.022995682
74 194 106 236 0.022759737
325 95 368 150 0.022758953
506 299 539 337 0.022753874
149 564 182 602 0.022714682
662 225 688 257 0.022009138
935 196 970 235 0.021535488
534 325 565 364 0.021413784
179 240 211 280 0.021412378
690 230 716 262 0.02134168
382 456 411 494 0.020759014
593 327 619 361 0.020731334
219 295 258 343 0.020030353
