3_Riot_Riot_3_186
22
202 41 273 122 0.29754767
388 44 432 100 0.25088114
424 316 486 386 0.18922505
214 304 270 381 0.087215394
941 5 1011 98 0.07845756
636 70 700 147 0.06114959
304 0 342 38 0.048467185
555 43 598 97 0.048405014
451 2 496 52 0.04411966
789 148 813 179 0.042031474
344 239 619 573 0.039067816
746 97 782 147 0.03245231
146 78 208 170 0.032261044
318 114 353 159 0.029847233
607 -4 652 36 0.029181495
356 37 391 82 0.028900346
229 109 328 230 0.026120454
425 39 461 89 0.023305394
477 91 513 138 0.023259463
373 0 410 35 0.021982905
18 98 54 156 0.020454893
122 16 162 69 0.020080445
