3_Riot_Riot_3_438
27
290 524 383 628 0.20891762
547 609 592 668 0.093563244
387 194 414 227 0.07822356
334 198 356 227 0.07821022
261 219 290 258 0.07620331
508 243 536 279 0.07075557
568 180 594 213 0.06957017
2 246 50 310 0.051940575
198 155 224 187 0.050182033
133 203 161 240 0.049349397
746 173 770 203 0.047439724
838 205 874 246 0.0424113
720 212 979 579 0.036881655
531 230 557 265 0.034389775
231 202 262 244 0.033217173
262 177 288 212 0.03126997
361 181 384 211 0.030987574
269 245 305 289 0.030393684
580 558 624 617 0.02982703
296 217 328 255 0.029246153
613 172 639 204 0.0283004
522 538 627 665 0.02785853
689 173 715 204 0.026310673
526 457 580 518 0.021474639
715 176 741 207 0.020497426
640 150 661 178 0.020480158
169 243 212 295 0.02033485
