3_Riot_Riot_3_542
28
449 406 488 457 0.4219957
629 340 667 387 0.08548506
193 332 230 379 0.074752174
300 258 326 291 0.06565134
409 376 442 415 0.06267418
209 521 279 618 0.05503092
222 328 284 405 0.05314127
447 637 488 689 0.04652675
559 246 590 285 0.043292705
226 257 253 291 0.041915286
392 400 465 484 0.040545974
885 382 918 427 0.037401844
147 243 180 284 0.03601741
246 651 291 701 0.032109495
743 270 774 308 0.029682154
318 389 402 489 0.027741017
246 277 276 316 0.027399631
277 343 311 394 0.027320791
75 246 114 291 0.027145121
36 295 83 353 0.025958579
16 265 103 378 0.024817793
208 406 241 447 0.024501178
940 321 978 364 0.02395664
786 231 813 265 0.023689156
337 303 365 341 0.02271328
942 256 968 288 0.022575097
943 152 969 185 0.021025233
277 473 321 532 0.020840442
