3_Riot_Riot_3_101
94
504 242 549 291 0.50483555
642 127 694 186 0.39779967
948 92 1011 178 0.33095437
788 64 839 122 0.2889851
721 327 776 393 0.20769958
608 9 657 62 0.15476362
848 221 906 287 0.14864525
548 -2 597 54 0.14778486
170 75 216 134 0.14487533
270 119 310 171 0.14314134
124 211 159 255 0.13740066
481 269 519 317 0.1301722
593 241 626 284 0.12880114
709 62 754 122 0.10966309
88 248 121 291 0.10444948
452 589 485 628 0.09791606
455 199 496 255 0.09324967
41 284 74 328 0.090154834
944 7 989 57 0.08331067
228 111 270 164 0.07657234
802 240 845 294 0.07639661
94 173 126 213 0.07028169
123 111 157 158 0.06461743
463 357 491 394 0.058545135
435 298 469 339 0.05557913
207 505 256 563 0.05537057
906 192 948 246 0.05441163
562 589 595 626 0.05283967
483 597 517 636 0.052155912
44 67 91 133 0.051386833
581 430 615 473 0.05050335
101 456 137 499 0.048846647
172 11 212 58 0.043383036
197 49 233 96 0.043106265
2 252 35 297 0.039147854
618 138 653 186 0.038982265
428 474 460 515 0.03897164
411 370 440 408 0.038289092
684 561 720 603 0.0376116
81 140 112 183 0.03628203
553 228 591 276 0.034432445
559 169 600 215 0.034037177
508 58 546 105 0.03293057
60 376 92 415 0.03238429
684 344 721 387 0.031750534
114 330 155 379 0.031340163
633 591 666 629 0.031229028
1 454 28 495 0.030992271
362 474 393 512 0.029683562
487 528 518 568 0.02961431
424 504 461 552 0.029208528
118 535 154 580 0.029119808
267 474 316 534 0.029088022
147 408 175 447 0.02899693
351 502 390 547 0.028897218
0 22 59 125 0.028387398
917 0 954 35 0.028215043
704 14 747 64 0.027966466
405 301 439 342 0.027670518
603 329 632 364 0.026311152
742 195 777 240 0.02624583
761 11 810 67 0.025992962
460 242 498 294 0.025895074
299 162 332 204 0.025757598
244 73 288 131 0.02537956
104 87 138 135 0.025142653
458 514 492 557 0.025009073
234 17 265 56 0.024778305
502 282 545 335 0.024598116
581 215 647 293 0.02417462
116 178 150 220 0.023804348
378 296 410 340 0.023674035
549 291 587 339 0.023192786
713 142 746 186 0.022403784
652 8 697 64 0.02226204
483 322 516 362 0.022260055
201 61 261 148 0.021993047
511 15 576 89 0.021856185
40 129 78 178 0.021661168
533 588 570 629 0.02162212
148 137 179 177 0.021431709
147 497 181 542 0.021302126
670 245 701 285 0.021298172
73 480 102 517 0.02129496
514 402 550 445 0.02127174
640 427 668 463 0.021238474
71 14 108 64 0.020997372
583 561 619 604 0.02076681
810 103 855 158 0.020724809
473 136 520 188 0.02041741
250 -6 291 34 0.020383665
2 291 34 337 0.020376574
73 292 105 336 0.020365393
667 523 701 565 0.020196665
