44_Aerobics_Aerobics_44_629
27
323 91 364 145 0.9875514
551 259 604 328 0.98448193
352 265 404 330 0.9633311
826 246 868 301 0.9422388
715 291 760 348 0.8924052
893 347 932 396 0.1902468
177 87 232 166 0.14240181
663 75 710 142 0.12370619
413 96 448 141 0.11752048
251 89 286 132 0.090538934
224 97 260 145 0.070825614
397 130 447 198 0.052289758
655 627 697 684 0.04995539
270 308 319 366 0.044395212
758 289 798 344 0.042908255
794 602 844 666 0.04162023
830 634 873 685 0.03913413
612 114 657 174 0.038780805
359 137 397 187 0.03047419
833 321 886 378 0.029492348
664 311 702 364 0.029021725
679 132 718 182 0.026372667
705 254 746 306 0.025132231
88 460 130 516 0.021638779
232 135 313 223 0.020819357
470 477 556 584 0.020559508
185 140 322 308 0.02002464
