44_Aerobics_Aerobics_44_610
28
390 109 476 226 0.8499775
116 421 169 489 0.40339357
740 532 796 602 0.33170715
686 623 742 695 0.20196606
337 704 390 764 0.12149866
662 747 719 819 0.09427646
166 699 266 812 0.09357777
687 532 764 623 0.093489714
890 666 932 722 0.08505754
618 702 660 758 0.0394349
58 730 111 795 0.037476614
398 709 449 772 0.034723397
305 672 369 743 0.0331321
30 588 104 675 0.033116292
339 550 388 614 0.031095132
822 688 857 735 0.030202126
870 590 904 633 0.029707994
423 28 534 176 0.02948739
81 766 131 832 0.02852985
635 681 722 793 0.028489674
113 675 164 736 0.027505731
809 610 849 661 0.025938302
455 554 549 685 0.024175804
384 829 484 954 0.023853725
293 520 391 644 0.02319122
40 699 148 815 0.02287611
226 401 403 610 0.021945331
677 448 740 529 0.020196414
