44_Aerobics_Aerobics_44_332
47
425 308 449 338 0.66732985
873 250 900 284 0.16115358
714 282 736 310 0.123301625
178 301 200 329 0.11778444
302 304 328 336 0.092485145
284 328 310 360 0.09107316
253 328 278 360 0.085644476
946 351 975 388 0.07875302
533 284 557 317 0.074289754
76 312 98 340 0.073553786
724 352 749 386 0.07183331
234 284 258 314 0.056357067
386 301 409 330 0.05393075
290 282 313 311 0.051857237
886 232 913 266 0.04932549
971 334 996 366 0.047208536
514 149 542 184 0.04220845
46 356 69 385 0.038628086
819 330 846 362 0.03801232
929 303 952 333 0.034502313
256 353 283 387 0.033161845
735 335 765 372 0.032691956
327 328 352 359 0.03208194
851 252 879 286 0.031453684
28 351 53 383 0.029765684
881 274 911 312 0.02966023
326 305 351 336 0.026724609
156 386 184 419 0.025917165
158 284 180 311 0.02584876
742 284 765 314 0.02579956
790 282 814 313 0.025604757
947 280 972 312 0.024820596
714 259 737 287 0.02479336
411 287 440 321 0.024426706
304 260 331 292 0.024197923
18 335 42 363 0.024146179
565 279 591 314 0.02398907
173 325 198 356 0.023697242
178 379 205 411 0.02252041
976 406 1005 446 0.021912254
276 350 305 386 0.021524109
995 348 1022 384 0.021424148
107 308 130 338 0.021397326
692 301 717 330 0.021347037
223 148 253 185 0.02103604
869 299 894 330 0.02006399
770 281 795 312 0.020033285
