44_Aerobics_Aerobics_44_17
64
824 347 876 408 0.46654543
267 323 312 375 0.38753176
203 188 234 227 0.3342747
335 291 372 341 0.2619983
385 252 422 298 0.24062106
377 65 405 101 0.23031452
489 126 513 156 0.22140817
157 143 185 180 0.14744611
327 113 366 165 0.13909751
35 68 88 127 0.118556805
71 14 111 65 0.08022968
181 174 212 214 0.07660824
141 268 175 310 0.07635969
285 155 315 194 0.0748232
722 149 759 193 0.07416375
547 263 585 308 0.07355162
149 28 188 77 0.07104704
432 20 461 57 0.06681378
9 7 57 64 0.062248804
502 148 530 185 0.057700183
536 128 566 166 0.053151492
121 245 155 287 0.0526932
501 231 539 275 0.05075211
379 90 414 136 0.050146032
486 168 519 207 0.048764374
98 316 135 361 0.048287433
176 225 206 264 0.047393452
38 165 110 256 0.04606767
357 171 392 215 0.044830248
252 203 283 242 0.04437197
129 120 163 164 0.044239175
422 125 457 165 0.04221059
274 217 311 258 0.042033363
128 170 162 216 0.041989572
587 288 630 342 0.04135036
102 221 140 270 0.04110145
204 148 240 191 0.03965713
655 92 687 131 0.03895757
413 43 443 84 0.038636766
323 215 356 255 0.038569584
307 6 345 49 0.036829416
354 220 388 261 0.035639353
487 12 517 48 0.034477353
253 75 283 114 0.03432061
304 71 335 109 0.03282871
1 77 36 131 0.029780554
555 144 591 188 0.028017199
273 94 304 136 0.027841581
306 201 335 237 0.027833983
459 149 489 189 0.027722139
220 218 252 258 0.026638407
292 282 354 358 0.026060151
2 38 70 141 0.025043938
429 64 458 101 0.0249609
467 124 494 159 0.02389897
788 320 883 432 0.02217143
500 193 536 237 0.021404177
431 163 469 208 0.021394325
104 71 136 116 0.021264944
617 123 646 160 0.0208025
619 93 645 127 0.020621821
77 292 110 334 0.020330844
710 216 747 269 0.020134013
207 269 242 311 0.0200422
