44_Aerobics_Aerobics_44_194
44
447 337 500 403 0.15022893
191 251 240 307 0.1290656
640 121 667 157 0.124716714
540 158 568 192 0.11397994
642 148 671 185 0.10027256
666 228 696 266 0.082270496
660 167 690 204 0.06279694
573 217 622 270 0.060905892
367 64 402 111 0.060799565
685 200 719 245 0.05516364
732 172 776 218 0.046249818
387 332 435 390 0.0441353
0 12 42 73 0.044010423
457 195 490 234 0.041736227
578 92 608 131 0.04107812
663 104 689 136 0.040371045
296 91 335 139 0.04027626
747 56 769 81 0.039374348
767 156 797 191 0.037885454
362 95 397 144 0.037383642
726 300 756 340 0.035730064
586 122 613 155 0.034706794
409 141 440 181 0.03396278
327 308 359 347 0.0326394
481 180 512 217 0.032509726
620 126 643 157 0.032058552
588 174 629 220 0.03181986
514 231 550 279 0.030177651
459 121 486 155 0.029407807
127 322 158 361 0.027922861
687 150 713 183 0.027666658
245 330 283 378 0.027513256
848 198 881 239 0.027338829
435 146 465 185 0.027284237
593 146 622 181 0.025681864
809 246 850 288 0.02376105
755 218 795 264 0.023017088
532 323 562 361 0.022010036
535 264 567 306 0.02193628
623 101 646 133 0.021785876
225 294 257 336 0.021481197
583 384 620 430 0.02108483
609 267 641 307 0.020827029
726 176 805 261 0.020722961
