44_Aerobics_Aerobics_44_216
24
75 387 163 498 0.09832601
439 214 503 297 0.09770731
737 58 771 101 0.09101568
141 510 234 643 0.057698403
338 242 390 301 0.053226884
245 278 339 394 0.043170597
470 448 556 571 0.040470008
904 141 1013 289 0.038866285
579 128 611 168 0.03795678
557 166 598 221 0.029801082
347 199 393 250 0.027369276
201 369 237 417 0.02643377
403 175 431 210 0.02642574
709 86 743 129 0.025765017
722 43 793 126 0.024655277
610 137 649 183 0.024262931
172 371 210 418 0.023892032
633 174 674 227 0.02326667
497 220 599 326 0.022091012
585 157 664 259 0.021781685
240 540 455 765 0.02154453
806 191 849 244 0.021530692
355 244 439 335 0.02095773
171 402 215 455 0.020809526
