44_Aerobics_Aerobics_44_339
25
136 41 190 111 0.99010676
809 53 857 117 0.98978806
509 143 542 186 0.94631207
364 144 405 197 0.8717137
208 166 253 228 0.22815432
318 192 359 245 0.19183186
666 172 692 209 0.1875559
637 132 675 181 0.13629995
697 216 731 260 0.10945244
248 153 280 197 0.099992454
605 183 642 229 0.077691734
74 190 105 232 0.075673215
711 303 742 342 0.069322936
682 171 716 216 0.051919572
526 197 562 238 0.051834263
36 82 84 141 0.051736336
588 251 620 294 0.037744287
639 191 674 239 0.03469159
348 177 392 233 0.031085862
198 60 240 114 0.025373185
402 209 438 256 0.02480647
560 194 592 234 0.02459408
691 284 724 325 0.023732482
609 214 646 264 0.0236235
891 158 931 213 0.0225299
