2_Demonstration_Demonstration_Or_Protest_2_420
182
820 223 850 261 0.3538041
607 177 635 211 0.34124154
728 173 752 206 0.31214848
745 266 772 302 0.30894908
559 232 586 266 0.2606119
491 301 518 334 0.2554166
913 175 938 208 0.1894312
825 305 854 342 0.17880222
873 227 897 258 0.16714354
797 129 820 160 0.16138189
840 318 873 358 0.15023778
823 126 848 156 0.13377975
210 158 233 188 0.12933418
920 104 947 137 0.12684761
314 179 340 212 0.12447577
595 104 616 131 0.12049289
979 147 1002 179 0.12041809
616 105 638 132 0.12023572
487 175 510 203 0.11882117
698 81 719 108 0.11795102
409 234 447 285 0.11421033
775 131 797 159 0.11047096
641 250 670 285 0.109035596
229 155 253 187 0.10380011
822 149 847 179 0.10015305
775 73 797 101 0.09812547
846 104 868 132 0.09498976
647 52 673 84 0.09347061
543 105 564 131 0.09102564
845 223 874 260 0.090036094
740 152 764 182 0.08995379
925 226 950 258 0.087204635
280 211 308 246 0.08617072
695 155 717 183 0.08486539
846 172 871 203 0.0818984
277 305 305 339 0.081614606
645 124 669 154 0.080849044
954 320 987 361 0.079378515
716 101 739 130 0.07747773
283 147 308 178 0.07379793
801 195 832 235 0.07352001
544 282 573 321 0.07350135
976 175 999 205 0.071278475
669 273 698 310 0.068007074
586 45 610 74 0.066148475
748 296 777 333 0.06505594
871 78 895 109 0.06338882
253 171 277 202 0.061943874
921 201 947 233 0.061929286
545 158 570 190 0.060508505
821 176 845 208 0.060329724
255 132 278 159 0.06007044
875 251 900 282 0.059854258
903 155 928 187 0.059596688
871 273 899 308 0.059535924
900 229 924 260 0.059520777
209 282 235 318 0.057671674
366 175 391 206 0.054484826
671 151 694 179 0.05426201
956 121 979 152 0.0532191
669 177 693 206 0.051724393
466 153 490 184 0.04867827
592 77 614 104 0.048373066
950 201 973 233 0.048147175
931 300 959 336 0.0478398
432 149 456 179 0.047294617
284 74 308 106 0.046823226
155 306 185 341 0.04669077
4 198 30 238 0.0466435
751 131 773 158 0.04599874
312 259 337 289 0.045694068
997 196 1022 232 0.04505359
508 223 536 258 0.04432104
617 254 642 287 0.0442875
570 29 594 57 0.043431453
736 189 766 225 0.04293405
73 179 99 213 0.042919286
1 305 24 339 0.042744022
587 252 619 289 0.042658184
876 155 901 187 0.04236021
389 101 411 130 0.042186778
327 199 354 233 0.041995145
159 127 181 155 0.041476052
212 99 235 128 0.041391965
130 95 153 124 0.041007616
511 176 537 207 0.039984997
659 229 685 260 0.039536297
508 49 531 78 0.03922326
563 75 585 102 0.038983524
235 124 257 151 0.038699422
669 98 691 126 0.03862374
44 79 66 107 0.03815051
615 305 644 340 0.037647236
494 75 517 103 0.037622556
126 270 152 303 0.037295803
262 207 287 240 0.037290264
747 100 769 128 0.036510475
564 170 590 202 0.035858415
406 104 428 131 0.035206422
665 77 687 105 0.03462538
619 50 642 80 0.0345837
718 125 739 152 0.03451914
719 77 740 104 0.034494694
409 304 439 342 0.034445655
102 81 128 112 0.034019522
459 278 490 319 0.033811886
771 178 798 211 0.033676986
385 202 411 235 0.0334545
690 298 726 339 0.03338625
307 153 330 181 0.032939654
865 303 897 342 0.032788698
616 230 640 260 0.03265053
999 42 1024 80 0.03211615
958 153 982 186 0.032037225
515 107 538 135 0.031767003
391 274 421 315 0.031633124
543 48 566 77 0.031546544
589 159 615 190 0.031421177
355 126 381 159 0.031263765
747 73 769 101 0.030439783
904 120 930 152 0.030400593
566 103 588 131 0.030222775
105 150 132 183 0.029888146
30 96 56 128 0.029663043
410 129 434 159 0.02963973
643 175 670 209 0.02945912
663 199 689 231 0.02940483
849 276 877 311 0.029351542
431 204 458 237 0.02906538
975 97 1000 131 0.029046386
643 202 668 232 0.028941426
306 125 330 156 0.0288804
893 276 922 313 0.028481081
491 197 520 233 0.028273877
459 127 481 154 0.027982159
944 280 972 316 0.027455943
850 52 874 84 0.0274214
48 125 72 155 0.027413854
326 225 353 257 0.027247097
513 250 539 283 0.027130384
362 148 389 181 0.02705499
773 3 802 32 0.02693201
495 97 518 127 0.026646052
434 176 460 206 0.026285863
903 78 926 108 0.026161114
771 99 793 126 0.026155073
458 103 479 129 0.026148112
573 123 595 151 0.025768338
584 300 618 335 0.025743552
413 179 438 209 0.025555616
361 102 384 130 0.025418457
124 224 149 256 0.025399296
424 323 459 361 0.02535818
30 124 54 154 0.025309708
725 55 746 82 0.025219193
974 224 1006 264 0.024929393
436 77 457 102 0.024897484
824 52 852 87 0.024689231
260 75 284 107 0.024241682
366 223 395 258 0.024237726
160 178 182 205 0.023965225
790 18 815 48 0.023755137
179 208 203 238 0.023572018
227 298 256 333 0.023194997
692 258 722 293 0.023102874
79 131 104 161 0.023060499
695 51 718 79 0.022754695
82 75 104 104 0.022640191
791 54 817 88 0.022180488
99 175 128 209 0.022173481
297 300 329 338 0.022136368
645 149 670 180 0.02197951
944 248 972 283 0.02186731
799 303 829 338 0.021795796
179 97 202 125 0.021435754
614 77 636 104 0.02134731
440 130 464 161 0.0213447
341 104 366 135 0.021206941
409 201 437 236 0.02094646
468 175 493 206 0.020699548
157 101 178 127 0.020596743
924 53 950 85 0.020462956
