2_Demonstration_Demonstration_Or_Protest_2_453
53
477 231 557 341 0.98398155
381 255 433 320 0.7842893
571 321 603 362 0.3662405
906 304 943 352 0.16044904
214 288 256 343 0.15516853
819 284 847 322 0.13667406
274 263 315 314 0.12392689
57 300 90 342 0.11398194
748 303 774 336 0.098811865
936 273 993 348 0.09336506
783 328 814 366 0.09187579
651 179 679 216 0.057920244
786 299 814 334 0.05517508
406 245 475 337 0.054208856
640 284 665 318 0.051198255
612 282 638 317 0.048064698
808 119 847 165 0.043705225
274 69 323 131 0.043695774
10 293 44 342 0.043591574
720 328 744 359 0.042576883
665 323 695 362 0.04213758
80 331 139 403 0.040925875
712 353 739 387 0.04038194
216 474 267 534 0.037770145
216 387 259 440 0.035417236
511 143 545 184 0.03493893
171 279 222 351 0.03356645
768 282 800 321 0.032867484
3 358 32 397 0.032721262
553 306 614 380 0.032681376
899 363 945 423 0.031693824
549 193 584 246 0.029724468
662 379 693 417 0.029574933
814 399 849 449 0.02904102
249 17 300 67 0.028961387
692 379 720 414 0.027901996
135 69 242 184 0.027873814
692 301 718 337 0.02747583
240 248 318 341 0.026824879
717 300 744 338 0.025484778
875 363 958 479 0.024978837
452 135 489 179 0.024544338
151 369 189 420 0.024496764
784 375 818 420 0.024039205
871 224 905 271 0.02385287
46 405 76 449 0.023678675
9 519 52 574 0.023412008
671 233 701 267 0.022243876
818 214 857 260 0.022192173
814 331 842 372 0.02152892
986 220 1023 279 0.021137191
593 272 623 311 0.020612774
793 258 823 296 0.020013765
