2_Demonstration_Protesters_2_57
90
711 191 741 230 0.89156544
71 228 110 273 0.86583155
228 232 257 267 0.773785
515 271 539 301 0.39523467
393 246 417 278 0.20646809
948 274 972 306 0.17448685
26 230 56 269 0.1723505
89 524 122 567 0.128545
100 206 132 247 0.12558983
925 272 950 305 0.12138592
2 360 38 413 0.11571819
241 298 269 333 0.11192441
940 349 968 385 0.09260885
938 9 980 55 0.09005239
533 262 555 291 0.08673605
966 275 991 308 0.086232536
873 327 897 361 0.081109405
489 274 513 304 0.0765195
874 222 905 263 0.07377593
314 231 339 263 0.06561199
437 463 464 498 0.059103854
27 535 56 575 0.05674401
409 511 436 546 0.05355938
492 359 514 388 0.051672634
569 277 591 304 0.050162062
121 223 149 260 0.04979367
177 258 203 289 0.04837401
819 228 847 264 0.046220336
819 509 844 541 0.045196008
156 301 182 335 0.04389244
271 274 301 310 0.043678276
249 249 281 287 0.043211933
436 275 462 307 0.04176083
329 250 353 281 0.04119403
667 231 694 264 0.040732004
357 517 389 559 0.04056825
839 228 872 270 0.039710864
129 280 161 320 0.039665353
749 336 774 367 0.037735313
872 181 898 215 0.036331628
780 306 806 340 0.036041383
739 517 761 544 0.03580143
696 181 755 252 0.033722967
844 178 869 210 0.033420254
406 126 433 159 0.032858852
356 224 382 258 0.032749183
305 324 332 357 0.03243533
466 276 489 306 0.031476367
410 477 438 512 0.030883001
635 195 663 230 0.030409899
152 225 181 262 0.029891035
610 224 637 259 0.029530555
764 354 790 387 0.029312266
640 247 668 281 0.029144537
568 412 590 441 0.028987614
895 248 920 281 0.028384734
570 224 594 253 0.028188128
898 278 927 314 0.028183213
777 125 804 159 0.027555164
616 251 641 283 0.027504724
279 227 306 260 0.027397357
380 330 404 358 0.027324852
587 428 611 460 0.026872253
439 229 462 259 0.026618633
390 209 416 241 0.026400588
995 254 1021 291 0.026004115
870 125 896 158 0.02552591
721 513 743 542 0.025382055
790 152 821 189 0.025309818
415 412 438 439 0.025197307
440 168 468 204 0.025048219
694 509 716 536 0.024912506
376 358 401 389 0.024683101
587 205 614 239 0.024142621
490 151 515 181 0.023966279
359 253 385 284 0.023655785
479 303 506 334 0.023085387
333 279 358 310 0.022809425
785 379 813 411 0.022561535
615 199 641 234 0.022527609
544 435 566 465 0.022389641
571 306 596 336 0.022337884
819 154 845 189 0.022213621
580 325 605 358 0.021597244
209 224 271 296 0.021426389
43 541 81 586 0.02075792
496 490 518 519 0.020757835
257 206 281 237 0.020624427
790 191 823 232 0.020617725
783 407 814 445 0.020321859
