2_Demonstration_Political_Rally_2_659
28
38 238 145 360 0.99797064
504 191 629 330 0.9767387
729 232 780 294 0.9071111
961 240 1021 315 0.75148094
190 264 233 321 0.6564194
-5 305 33 370 0.23341288
151 267 190 323 0.15879536
134 711 196 766 0.08637859
251 235 294 290 0.08143585
859 246 899 302 0.066241905
459 241 504 302 0.06595877
910 273 957 334 0.06317934
273 355 331 434 0.06287829
896 182 942 242 0.056084856
773 208 825 279 0.047454312
305 676 384 763 0.04398001
151 32 190 80 0.037242994
636 235 672 282 0.033437986
578 125 620 178 0.030949606
820 172 857 219 0.027936446
69 59 117 120 0.027563753
220 332 264 389 0.026140781
816 164 890 258 0.021061562
246 287 292 344 0.020956714
444 231 527 346 0.020755688
174 110 215 161 0.020512166
997 113 1026 154 0.020287082
990 148 1023 194 0.020140575
