2_Demonstration_Demonstration_Or_Protest_2_655
70
468 41 498 82 0.60479474
225 103 248 132 0.19938792
648 16 683 59 0.17514022
689 59 716 94 0.14928575
170 222 203 267 0.13696499
26 208 54 242 0.09741098
11 237 51 291 0.087294556
513 97 539 130 0.086752884
337 382 372 424 0.08104766
175 149 200 180 0.079362415
379 172 404 206 0.07629382
433 16 464 57 0.06418402
122 140 152 177 0.06404816
43 119 75 158 0.058559354
281 105 305 136 0.058267377
125 244 164 291 0.054652136
158 176 189 214 0.05228137
732 9 767 48 0.05202626
76 184 104 219 0.05102175
848 29 873 61 0.04851013
312 404 347 447 0.047333088
365 144 397 184 0.045065615
285 303 312 337 0.04097911
660 94 687 128 0.040466055
446 22 507 98 0.039435424
315 0 355 38 0.03909377
314 102 339 134 0.03887591
509 15 546 62 0.03852503
206 150 230 181 0.035986558
906 49 931 82 0.03465162
142 219 210 303 0.034182098
207 123 232 155 0.033720486
205 207 231 241 0.033472776
258 105 282 137 0.031595476
487 120 514 153 0.030070018
49 174 76 207 0.029909208
532 76 560 111 0.0294905
131 178 160 213 0.029446837
336 304 368 343 0.029149827
230 155 255 186 0.029046142
230 206 256 238 0.028936796
157 128 183 163 0.028555088
328 200 357 236 0.028494444
334 102 356 133 0.028464573
593 101 621 137 0.02843707
208 81 230 109 0.02637764
380 74 409 112 0.025028463
995 49 1021 90 0.024663914
358 93 387 130 0.024327043
539 41 570 78 0.023698203
256 155 282 187 0.023427404
28 178 56 212 0.023117881
30 70 58 103 0.022803135
235 325 264 365 0.02243024
560 20 589 56 0.022402393
564 176 590 211 0.021875197
920 120 946 155 0.021638347
178 75 203 106 0.021633836
540 124 568 158 0.02145897
30 144 62 183 0.021299092
359 43 393 81 0.021131068
484 1 514 36 0.020939223
124 76 147 105 0.02089632
381 257 406 291 0.020851081
208 173 233 205 0.020707836
124 97 150 130 0.0206564
71 122 96 157 0.020159489
77 224 107 263 0.020070992
358 257 382 288 0.020044874
776 49 805 85 0.02000254
