2_Demonstration_Protesters_2_156
84
432 319 480 383 0.99138814
254 320 292 371 0.95802677
614 342 648 387 0.782473
56 289 92 334 0.7717945
747 445 785 488 0.4086239
127 328 160 369 0.32630408
719 384 749 420 0.24451031
661 266 692 307 0.105069526
263 447 302 495 0.07736738
511 489 537 524 0.076965705
982 -1 1019 47 0.07538018
796 384 825 420 0.07278573
824 434 857 473 0.06996842
41 409 70 444 0.06933842
328 324 371 375 0.062863804
98 146 125 180 0.060361948
582 377 611 413 0.057579175
380 348 409 385 0.050091878
272 576 310 622 0.04969642
717 119 743 152 0.049242157
180 351 209 387 0.047665127
694 404 723 442 0.04581989
824 151 849 184 0.04451068
34 519 79 571 0.043896012
705 248 741 292 0.04360745
664 376 689 409 0.042994246
693 102 719 135 0.042248853
360 375 391 411 0.040952016
743 147 769 182 0.03870453
775 102 803 138 0.038258463
661 93 689 131 0.03740763
306 197 339 238 0.03460291
269 488 312 540 0.034394607
71 381 105 425 0.034118682
253 177 282 216 0.03340678
663 526 688 559 0.033359606
346 500 375 540 0.03324475
-1 304 22 337 0.032249175
770 326 799 363 0.032213144
27 299 55 335 0.032169055
719 426 751 466 0.032016113
152 407 190 452 0.03132182
675 149 698 180 0.030903988
683 508 710 541 0.02982414
296 557 328 598 0.029645039
558 101 583 134 0.029596124
487 217 514 256 0.029196965
786 430 817 470 0.028471136
630 372 662 413 0.02821886
330 530 362 573 0.027836332
785 249 825 296 0.027759578
791 66 826 106 0.02774522
298 347 330 389 0.026735494
84 475 139 540 0.026675735
281 270 310 309 0.025800085
380 686 423 735 0.025754098
102 428 138 470 0.025517775
151 370 187 411 0.02516882
128 407 157 444 0.02503454
691 528 719 563 0.024837714
659 294 692 340 0.024355676
539 14 574 55 0.023954447
582 431 615 467 0.023724368
56 127 84 161 0.02369115
636 304 666 343 0.023556804
328 265 375 324 0.022996187
688 171 716 207 0.022741811
483 249 514 292 0.02256684
794 180 818 210 0.022403965
742 249 773 290 0.022344932
387 585 419 626 0.021805426
721 146 750 182 0.021716649
817 46 846 87 0.021609
737 306 764 340 0.021241117
875 455 905 494 0.020992871
204 333 232 372 0.02072976
614 431 643 464 0.020651491
150 311 179 346 0.020650232
470 321 508 372 0.020496428
592 104 615 134 0.020437406
422 1 457 36 0.020318346
484 449 515 488 0.020292822
97 301 127 340 0.020251323
736 125 763 158 0.020012245
