2_Demonstration_Demonstrators_2_672
25
647 197 774 348 0.991093
142 241 213 328 0.8702941
261 160 298 210 0.46906534
61 170 99 218 0.37251294
353 270 388 314 0.34368432
608 21 681 108 0.3196231
221 149 263 205 0.19202459
830 187 873 247 0.1563338
438 169 470 209 0.09928465
569 248 624 318 0.09767238
840 213 900 299 0.08391857
502 258 549 312 0.0759961
794 38 881 177 0.06727745
41 118 72 160 0.0638325
495 28 536 86 0.047465686
429 -4 520 93 0.037957624
171 159 209 205 0.036552567
296 173 339 222 0.033032127
989 466 1020 520 0.03049482
195 254 260 329 0.024596663
298 219 340 270 0.023963707
93 257 141 322 0.023134982
89 183 131 241 0.022054896
678 7 733 73 0.021807278
153 168 237 278 0.020430814
