2_Demonstration_Political_Rally_2_545
27
195 85 243 145 0.9865737
108 69 178 165 0.9823254
671 184 723 250 0.9764222
346 88 394 148 0.96515554
454 103 513 179 0.92386985
722 140 764 195 0.8800698
536 153 575 200 0.6969913
600 135 635 179 0.55559856
661 137 697 180 0.2482021
962 43 1013 130 0.1504952
918 4 968 58 0.11986578
0 133 37 190 0.09722932
942 160 988 235 0.07209702
758 135 801 196 0.06495878
287 138 330 186 0.0564166
736 238 770 283 0.046647497
630 142 665 186 0.036480922
288 301 322 345 0.03496187
193 154 231 202 0.031394854
578 89 614 134 0.02975565
734 182 770 234 0.027177626
920 77 968 136 0.025989888
829 65 876 124 0.023497337
817 -12 893 76 0.022861391
907 60 1009 200 0.022080269
636 185 677 242 0.021127544
297 647 331 687 0.02101943
