2_Demonstration_Protesters_2_901
73
902 669 976 773 0.9747635
579 169 615 215 0.9289422
512 642 601 753 0.853552
674 336 718 394 0.8415573
795 342 847 407 0.802416
444 337 499 402 0.79883754
119 342 167 402 0.5717295
17 342 68 405 0.571192
746 368 784 414 0.48804885
374 351 424 414 0.39726606
827 97 870 153 0.29402632
277 356 322 414 0.2725151
587 369 626 416 0.27065036
539 185 571 225 0.17954719
247 717 291 778 0.13014309
954 532 1018 629 0.124523506
-4 562 34 625 0.102629
629 366 673 427 0.102303214
232 234 280 292 0.08802192
552 473 616 553 0.0750434
187 669 227 729 0.07445741
2 179 46 244 0.07330905
4 255 52 319 0.072808675
67 646 144 738 0.06892117
888 -2 935 38 0.06703204
179 449 226 508 0.060124416
763 130 802 179 0.0592366
153 334 201 401 0.056314748
92 597 135 649 0.055690363
282 598 324 649 0.05044921
461 510 541 615 0.048728906
66 305 114 367 0.045772452
723 200 757 243 0.044821795
228 116 262 157 0.04167687
785 225 829 274 0.037685886
330 567 379 634 0.03759671
709 258 750 312 0.03736303
488 340 532 398 0.03680263
285 658 343 726 0.03678287
83 497 132 557 0.036547642
912 500 953 551 0.036321945
631 252 665 296 0.03623729
524 442 569 499 0.034754783
84 243 155 325 0.034293238
137 730 189 805 0.034199037
789 479 851 555 0.033161998
734 168 765 206 0.03243193
600 388 651 452 0.032302808
557 394 597 446 0.032169852
887 8 963 93 0.032087263
315 322 357 375 0.031145576
310 365 355 420 0.030977832
204 270 247 327 0.02981923
958 628 1000 691 0.028402345
401 388 448 450 0.027135104
677 378 719 433 0.026853574
429 488 482 551 0.026578102
88 417 134 477 0.025967015
456 577 552 704 0.025162278
893 512 964 603 0.024937445
240 619 286 687 0.024781756
-3 413 36 475 0.023995318
223 142 269 203 0.023983423
651 302 692 351 0.02384175
38 593 89 659 0.023725886
649 422 698 485 0.023253575
625 503 669 559 0.02233858
688 203 715 236 0.021767206
210 654 271 741 0.02156502
933 335 1005 442 0.021488952
162 159 218 234 0.020955624
197 394 241 449 0.020914461
281 704 361 800 0.02035885
