2_Demonstration_Demonstrators_2_28
199
659 602 710 667 0.85777885
594 494 629 538 0.85109985
842 519 875 561 0.81622225
177 508 220 561 0.56323266
889 431 919 470 0.5254822
43 389 73 429 0.51974475
442 475 476 519 0.44422606
73 484 111 530 0.37620282
175 379 202 414 0.3643953
567 357 590 387 0.31295854
511 442 538 477 0.30279568
382 431 409 466 0.2832208
309 429 337 465 0.25370708
250 376 281 416 0.24998347
452 396 480 432 0.23530884
193 611 234 671 0.21660475
903 359 924 387 0.18786931
752 431 774 460 0.18111354
609 382 633 412 0.17729653
339 378 361 406 0.15253723
848 332 871 359 0.14530197
555 533 589 575 0.13958704
342 516 369 550 0.13856249
176 326 199 354 0.13524984
430 356 451 383 0.13149065
201 435 226 466 0.12872325
953 352 980 386 0.12847926
483 378 508 411 0.1266424
380 361 405 392 0.11522663
913 423 943 466 0.11122238
232 404 257 436 0.10406758
471 359 492 386 0.10282864
52 561 78 596 0.10234816
51 330 75 360 0.10207119
277 489 305 526 0.09853404
260 255 286 284 0.0920596
330 450 356 485 0.09048077
151 407 179 441 0.08935551
804 355 826 384 0.087175444
105 335 130 366 0.08665263
333 297 361 330 0.08617104
852 430 881 468 0.08318487
128 361 154 392 0.0826551
281 377 309 412 0.08226896
739 302 763 332 0.07970157
357 380 379 408 0.07767967
750 408 775 438 0.07709875
868 406 896 439 0.07640809
48 353 73 383 0.07470491
688 436 710 465 0.07350001
305 379 328 409 0.072988056
464 329 486 357 0.07197191
186 452 216 489 0.06849452
927 535 951 570 0.06807148
17 45 42 80 0.06756792
361 455 390 493 0.067554474
801 334 824 362 0.06545235
715 404 739 434 0.06531916
538 569 577 619 0.06498835
284 335 309 365 0.0646724
545 363 566 390 0.06421542
308 221 337 253 0.063137405
204 408 227 438 0.062410675
153 364 178 397 0.062067013
616 361 640 392 0.060322054
798 379 824 411 0.060123757
228 327 252 357 0.05987314
541 406 567 437 0.059470452
286 434 311 467 0.05878812
746 335 770 365 0.056228716
765 353 787 381 0.05610665
695 356 716 383 0.054899354
921 378 945 407 0.054662
706 581 742 629 0.053240385
643 356 663 385 0.053190798
419 335 444 366 0.052667286
405 431 431 464 0.05143405
518 360 538 386 0.051342677
999 435 1026 472 0.051180553
291 406 316 436 0.050983705
769 385 791 414 0.05040261
486 485 516 525 0.048550844
415 253 440 285 0.048358507
79 351 102 380 0.048231866
741 384 766 416 0.047854014
69 407 98 442 0.047655765
198 381 224 417 0.045430187
670 357 692 385 0.04467499
981 513 1019 570 0.044473175
669 310 693 338 0.043802157
512 376 536 408 0.04336847
310 282 335 314 0.04263104
326 571 370 628 0.041947667
699 333 721 360 0.0412082
867 474 902 516 0.04093301
696 410 719 439 0.04019722
852 383 875 412 0.040039133
208 333 229 361 0.039432473
867 332 890 361 0.03943237
129 460 157 497 0.039408613
228 457 257 495 0.03872345
225 489 257 531 0.038699657
260 438 284 468 0.0386349
926 307 951 337 0.03781861
978 377 1002 409 0.037804086
971 454 1000 493 0.03734466
334 408 359 441 0.0371947
692 488 717 521 0.036893994
377 509 405 547 0.036838643
951 410 977 442 0.036110952
997 353 1021 388 0.03603061
104 382 127 412 0.03560977
28 329 53 360 0.035132416
948 509 979 551 0.035112634
562 406 586 436 0.034727555
227 429 252 461 0.034656163
949 306 974 336 0.034347627
233 356 262 393 0.03431495
949 455 977 493 0.034314528
0 385 22 417 0.03403274
723 458 748 489 0.033975236
362 405 386 437 0.03385539
620 328 643 356 0.0338489
896 529 928 572 0.03381486
639 331 662 361 0.033741713
302 480 333 520 0.033464573
672 381 695 408 0.033419956
410 455 437 490 0.033414837
612 308 637 337 0.03336457
358 279 384 312 0.033316057
820 401 846 434 0.032184944
690 380 713 410 0.031994082
139 597 214 687 0.031790257
946 376 973 408 0.03164314
398 628 442 681 0.031598378
543 505 570 541 0.031591702
987 561 1024 617 0.031113256
257 643 299 695 0.030959355
6 333 27 364 0.030389223
455 428 482 461 0.03037623
95 552 127 590 0.03033657
98 405 123 438 0.030052897
352 302 381 335 0.02974915
669 412 691 440 0.029738333
898 721 944 777 0.028702555
719 433 743 462 0.028630309
644 414 668 443 0.02862325
414 407 438 438 0.028064178
249 303 276 334 0.027622676
506 577 537 621 0.027326785
390 277 416 310 0.02702838
286 300 314 332 0.026976317
415 380 439 410 0.02682475
205 353 229 386 0.02664297
48 420 78 457 0.026321903
736 576 775 623 0.02619115
716 482 742 515 0.026169164
432 279 454 308 0.026036588
583 336 608 366 0.025956307
76 534 106 571 0.025814358
309 250 334 279 0.025742687
564 452 590 486 0.025545651
928 275 953 308 0.025512524
277 273 309 309 0.025271984
608 556 645 599 0.024931673
683 558 721 605 0.024901167
261 232 287 263 0.024680851
593 181 615 208 0.024587799
767 450 794 487 0.024509886
137 426 165 461 0.024442583
74 304 96 333 0.024436194
998 403 1023 436 0.024129277
302 332 327 362 0.023739893
749 506 776 542 0.023696626
613 431 638 464 0.023648437
876 357 898 386 0.023574622
640 378 663 406 0.0233224
384 332 412 365 0.02317919
3 245 26 278 0.02310862
591 404 617 434 0.023015391
866 427 927 499 0.022628745
760 528 791 566 0.022477433
822 336 844 364 0.022402152
277 197 357 278 0.02235809
434 310 456 337 0.022246877
196 229 223 262 0.022044834
149 549 192 601 0.022006605
923 478 952 518 0.021943117
334 479 360 514 0.021476803
744 481 769 516 0.021422297
974 408 998 439 0.021321293
639 483 666 519 0.021301383
843 482 873 520 0.021075854
49 124 73 154 0.020954475
515 337 537 365 0.02041705
437 427 461 457 0.020381775
51 171 78 207 0.020324223
967 331 993 365 0.020214012
713 533 741 567 0.020018864
