2_Demonstration_Political_Rally_2_224
29
611 119 687 216 0.990203
101 180 175 277 0.9585197
780 253 843 336 0.9099404
342 106 411 191 0.8573737
608 278 651 333 0.67871165
904 261 951 321 0.4105483
941 395 976 438 0.18296291
172 109 217 164 0.100013606
452 314 492 363 0.06381797
834 238 878 295 0.052660253
499 302 549 362 0.05233032
906 351 940 395 0.051974706
556 244 622 326 0.04853188
694 188 739 246 0.04576628
226 114 266 161 0.04096246
305 111 348 170 0.040671878
633 249 674 299 0.04028064
968 232 1001 275 0.040045105
965 279 1003 333 0.036444858
184 129 242 205 0.035597395
480 369 522 418 0.034346998
430 121 486 185 0.03386934
276 114 315 164 0.03375101
948 165 987 214 0.03218485
863 266 899 316 0.031914853
237 102 303 183 0.028682657
767 74 799 117 0.022503823
6 424 35 470 0.022166513
910 226 947 273 0.020035004
