2_Demonstration_Protesters_2_213
53
371 308 436 393 0.8883673
776 602 816 653 0.8754842
589 544 654 627 0.8076777
969 598 1012 658 0.79582983
752 542 791 594 0.5703624
265 300 310 356 0.19029884
4 407 30 445 0.1582262
60 11 110 68 0.15537757
527 561 564 608 0.119977534
911 629 942 669 0.09792694
884 688 920 734 0.09574336
461 255 533 345 0.0832736
857 699 896 748 0.07830655
808 555 841 595 0.07674985
791 534 823 578 0.07309098
203 121 250 182 0.069425665
612 478 650 524 0.06800884
103 428 133 469 0.059519194
763 509 795 547 0.056072995
434 422 473 473 0.055396426
836 625 868 667 0.050375804
796 730 833 767 0.048079565
986 564 1019 610 0.047706556
52 398 83 436 0.04346679
227 309 276 370 0.040589854
531 471 577 524 0.040497
71 428 103 470 0.039257385
198 387 269 480 0.03652239
99 250 142 301 0.03649344
578 453 615 498 0.036151983
947 582 980 626 0.03607911
897 654 932 699 0.034770206
164 107 216 169 0.033788305
514 580 582 667 0.03285121
582 505 619 554 0.032033175
3 455 30 503 0.031949382
119 456 146 489 0.03193259
473 331 517 386 0.031108057
637 200 669 244 0.030603299
703 98 1023 561 0.03031246
119 297 170 363 0.029244293
53 444 87 488 0.029046405
861 608 897 653 0.027367495
9 1 86 106 0.025725627
588 377 627 424 0.025722373
406 453 437 492 0.025371194
687 562 727 611 0.024032963
567 398 602 439 0.023581894
520 675 575 743 0.022237644
767 683 805 733 0.022020895
26 385 59 424 0.02178862
20 421 55 467 0.020441506
659 507 694 547 0.020421932
