2_Demonstration_Demonstration_Or_Protest_2_586
171
794 224 820 256 0.45601735
330 125 361 163 0.43319628
836 203 863 237 0.4162239
696 147 721 179 0.4119599
514 128 537 156 0.39119524
424 69 453 106 0.29385686
269 199 299 238 0.22270319
771 170 798 204 0.22253455
772 106 797 137 0.21605109
374 6 412 47 0.21008106
487 177 514 209 0.20893386
638 172 665 206 0.20447284
611 363 649 410 0.18854302
510 26 534 57 0.17045622
411 94 433 124 0.1592103
775 224 799 255 0.15204135
558 67 582 99 0.14844745
821 173 848 207 0.14599393
893 150 919 184 0.13227838
461 24 487 55 0.13111255
594 328 622 363 0.1277829
995 145 1022 183 0.12255454
539 99 561 128 0.12175418
487 28 511 59 0.1213772
817 218 844 253 0.11278386
687 97 710 126 0.11271775
741 223 767 255 0.10987598
714 247 742 280 0.10454033
352 329 421 407 0.09124157
334 96 362 129 0.08800851
435 150 459 181 0.085237436
720 77 746 110 0.085224725
733 375 762 411 0.0811502
562 159 586 188 0.080447696
665 144 689 176 0.079665944
865 200 891 232 0.07652115
764 51 788 81 0.076310605
581 397 616 439 0.07511353
483 152 509 184 0.07485179
789 330 817 366 0.07228468
561 105 584 134 0.07218749
590 106 613 135 0.069342524
946 120 972 152 0.068362445
166 204 192 238 0.06802513
691 249 723 286 0.06720912
746 47 771 78 0.066581294
534 227 563 265 0.06598591
710 132 735 163 0.06472908
457 126 482 156 0.06351886
109 12 143 53 0.06072837
916 144 942 179 0.05939547
741 77 764 107 0.0570118
716 28 741 58 0.056892626
382 77 408 109 0.05534404
618 153 641 182 0.054219194
619 74 643 103 0.053815227
615 27 643 60 0.05354244
738 248 765 282 0.052976936
972 120 998 154 0.05258325
588 30 613 61 0.05154941
327 225 358 263 0.05078415
673 356 700 389 0.049824633
355 198 383 232 0.049402844
767 243 798 280 0.049112502
785 122 809 153 0.048950497
137 147 160 178 0.04871912
517 104 542 134 0.047978982
381 196 406 228 0.047763668
104 45 134 82 0.04717868
748 152 776 188 0.046938043
392 96 418 129 0.046816114
494 127 518 157 0.04596198
671 81 695 110 0.044596363
283 100 307 130 0.044185787
158 99 182 130 0.04338823
680 431 713 469 0.04306418
875 28 901 60 0.042006273
436 2 465 36 0.04124939
708 167 734 201 0.0407321
139 461 187 510 0.040609233
692 27 720 60 0.040512424
872 176 897 207 0.03977776
645 128 670 158 0.039699428
636 79 661 110 0.03908205
894 197 919 228 0.038176008
658 171 686 205 0.03801839
813 331 840 365 0.03790034
813 279 839 312 0.037508458
538 150 562 181 0.03733759
546 173 571 205 0.036945168
844 301 869 333 0.03670432
82 126 108 160 0.03579384
274 52 298 83 0.035660084
637 27 664 60 0.03552101
753 124 777 155 0.035358477
390 124 414 154 0.035229474
944 144 974 181 0.035061315
468 201 497 236 0.035021085
154 123 179 155 0.035004783
309 95 336 128 0.033736903
542 203 570 239 0.03356552
644 275 671 311 0.03343605
613 201 640 235 0.03294685
203 100 227 129 0.032632437
786 152 812 187 0.032603204
380 155 404 187 0.032560963
74 5 108 46 0.032352883
722 207 748 238 0.032095343
299 18 331 55 0.031119796
666 29 693 62 0.030930037
570 26 595 57 0.030866029
613 126 636 154 0.030508358
282 121 307 154 0.030396208
415 154 440 187 0.030123048
794 303 819 335 0.029077169
21 15 55 57 0.028991489
666 253 696 289 0.028801853
176 118 201 150 0.028751565
772 384 800 418 0.027959269
714 274 744 310 0.027929768
481 215 515 254 0.027902827
257 98 282 128 0.027874218
687 334 713 366 0.027698053
993 23 1020 64 0.027665418
923 74 948 107 0.027404752
589 155 614 185 0.026961982
877 129 902 162 0.026938915
941 249 972 290 0.026910337
360 74 385 107 0.02688849
77 53 103 88 0.02675157
330 176 358 209 0.026745941
687 203 711 232 0.026559893
432 206 460 242 0.026518976
498 195 529 233 0.026449205
739 430 773 469 0.025963275
611 3 640 34 0.025503183
810 251 838 285 0.025109898
506 245 538 284 0.02509717
925 48 950 81 0.024837183
355 144 383 180 0.024607256
597 222 625 260 0.024295893
637 435 664 470 0.024067337
818 42 846 76 0.02404663
667 226 693 256 0.02394871
666 201 693 235 0.023886966
153 77 178 108 0.02385293
815 94 842 127 0.023590723
303 199 331 237 0.023587827
927 229 955 264 0.023238381
766 433 796 472 0.0229623
258 72 283 103 0.022818444
135 94 160 126 0.022628462
771 345 801 381 0.022562137
863 67 891 101 0.022340478
202 120 227 151 0.022051357
786 427 820 466 0.02189369
796 47 820 78 0.021718172
722 397 754 434 0.021499678
210 225 237 259 0.021458806
533 23 559 56 0.02119344
789 397 825 440 0.021062251
233 49 258 79 0.020904915
32 168 113 261 0.020792646
797 78 820 108 0.020748902
922 -2 952 28 0.020626565
3 74 26 107 0.020377373
920 98 945 132 0.020355256
950 171 979 206 0.020350635
98 100 125 134 0.02023038
657 299 688 338 0.020151373
457 68 484 102 0.020056833
