2_Demonstration_Political_Rally_2_114
189
640 310 674 353 0.5396388
443 428 476 471 0.48932236
949 343 981 384 0.4469248
431 362 459 396 0.2733576
146 247 173 281 0.22380574
871 202 897 234 0.19956869
148 168 176 202 0.19760275
925 212 949 244 0.19061777
51 248 76 281 0.1769813
361 281 384 311 0.16691902
776 209 799 239 0.1633038
679 252 705 283 0.16200173
485 300 508 330 0.15345308
796 276 822 310 0.13540083
510 257 534 288 0.12526836
819 252 844 284 0.11840221
895 271 919 302 0.1165349
178 229 202 260 0.11447854
75 386 106 424 0.110512465
264 227 287 257 0.0985394
829 230 852 259 0.093668
973 174 999 209 0.092876725
433 310 462 346 0.09155714
996 275 1024 316 0.08918933
200 298 227 334 0.0858802
438 260 458 286 0.08411532
489 359 517 394 0.08265133
510 375 537 409 0.08181032
927 258 952 290 0.076764636
106 330 135 368 0.07501403
73 253 98 284 0.071932144
468 307 493 341 0.071566775
889 326 923 371 0.070023574
313 334 338 365 0.06967457
718 229 740 257 0.06809753
915 307 943 342 0.066674955
947 276 970 306 0.06592808
67 227 94 259 0.06563339
72 203 97 235 0.06305131
689 232 711 261 0.06139474
619 252 645 285 0.059172124
26 227 54 260 0.058612134
384 280 405 308 0.057808492
901 205 927 241 0.05726784
49 178 73 209 0.057146817
261 253 286 285 0.0564664
103 253 129 284 0.05590649
125 302 154 338 0.0527958
118 344 152 390 0.05276402
258 155 283 186 0.052440923
26 201 51 232 0.052382104
842 252 868 284 0.050063074
557 328 587 367 0.049725108
789 347 823 391 0.04957125
309 227 329 254 0.049140126
623 125 649 158 0.049120698
146 273 176 310 0.049009375
358 335 384 367 0.048284583
589 282 612 312 0.04803922
614 181 635 209 0.047767285
233 298 260 331 0.047637235
233 119 256 148 0.047105834
69 275 98 310 0.046687357
854 172 880 205 0.046099465
333 352 359 386 0.04595061
209 255 233 284 0.045765337
455 375 485 412 0.04560561
29 176 52 205 0.045345046
797 178 819 206 0.045219854
99 178 122 209 0.045169182
512 307 536 337 0.044744406
380 376 410 416 0.04432163
688 271 713 304 0.043752566
198 362 231 406 0.04360665
814 298 856 349 0.04294636
47 269 75 308 0.042705555
513 234 535 261 0.042614914
489 205 511 232 0.042037763
468 176 490 205 0.041996796
388 333 412 365 0.041929603
570 255 590 282 0.041669197
66 307 100 349 0.04062417
416 202 438 230 0.03994801
331 376 362 416 0.039771166
363 259 386 287 0.039395865
79 177 105 211 0.03932831
5 279 33 319 0.03930045
669 275 696 307 0.039292432
844 396 875 432 0.039129037
414 259 436 288 0.03866238
411 406 443 450 0.038460426
693 307 718 341 0.037166566
746 176 767 203 0.036878772
744 258 768 288 0.036049195
153 328 185 370 0.035994153
358 379 386 418 0.03551969
411 330 437 362 0.03543843
539 346 572 384 0.035290696
335 305 360 338 0.035054862
975 295 1005 335 0.03494062
825 205 847 234 0.03484534
247 386 291 441 0.034551587
633 150 655 178 0.033876076
772 331 802 371 0.033729233
468 279 492 310 0.033726875
644 280 669 311 0.03343073
724 250 749 281 0.03341246
483 174 508 205 0.03328371
685 358 718 402 0.033175375
228 253 253 285 0.03293496
176 173 201 205 0.0329069
607 356 641 399 0.03269935
260 278 283 309 0.03263214
772 128 791 155 0.03242853
231 170 254 200 0.032154635
693 205 714 233 0.031972196
677 181 699 209 0.031860247
282 208 305 238 0.031372502
946 470 984 517 0.031343903
342 280 366 311 0.031189786
820 378 858 422 0.030925475
993 31 1023 75 0.030497175
539 172 564 203 0.03047998
591 326 619 363 0.03046854
774 280 800 314 0.03029996
773 179 795 207 0.030237572
311 254 334 283 0.0302259
83 129 107 157 0.030138617
382 302 406 333 0.029741466
209 228 234 259 0.029454753
147 299 180 338 0.029430388
459 255 482 285 0.029162236
80 151 104 181 0.028972564
798 155 821 184 0.028946351
229 228 250 256 0.028922822
151 202 176 232 0.028905224
994 166 1021 205 0.028624203
820 176 841 205 0.028419375
104 275 131 308 0.028330272
510 329 535 362 0.027782409
639 208 660 235 0.027716935
540 254 563 284 0.027495446
286 330 314 364 0.02739685
27 355 56 395 0.027313253
588 253 611 283 0.02712776
180 282 207 315 0.02669384
51 379 86 420 0.026634464
357 204 379 232 0.026538273
538 307 563 338 0.026499674
212 172 237 203 0.026164265
617 401 645 437 0.025868796
360 228 383 256 0.02564361
619 201 639 227 0.02553965
438 157 460 186 0.02541553
773 153 794 181 0.025367377
388 180 410 207 0.025184436
232 207 255 236 0.024909757
749 204 770 233 0.024560107
546 205 567 231 0.024529653
808 327 889 412 0.02449478
715 156 738 185 0.024394503
75 348 109 389 0.024301097
617 321 652 363 0.024162062
459 233 480 258 0.023909252
948 204 973 236 0.023800526
442 231 465 259 0.023703143
569 279 594 309 0.023696918
281 176 304 206 0.023576176
143 374 179 424 0.023546852
952 301 979 336 0.02354255
568 307 592 337 0.023317
674 201 698 231 0.02307737
469 202 490 228 0.022790143
387 259 410 288 0.022767052
772 256 797 287 0.022628667
842 274 875 312 0.022351986
337 206 358 233 0.022340372
18 289 54 339 0.02213679
124 426 154 464 0.021605879
98 420 132 462 0.021435786
571 234 590 259 0.02142339
407 450 442 491 0.021102883
100 152 125 184 0.020985777
312 277 336 308 0.020771315
276 275 302 307 0.020575026
302 375 341 423 0.020117572
280 305 307 339 0.020105194
952 26 986 65 0.02007346
70 414 108 461 0.020033324
