2_Demonstration_Protesters_2_268
95
72 208 118 265 0.96254927
172 227 209 273 0.7182603
600 219 627 254 0.6407384
852 221 878 253 0.32638353
990 239 1021 283 0.28787234
384 242 415 281 0.2752227
771 204 796 236 0.2531685
221 300 253 339 0.20384586
328 207 355 240 0.17218947
541 255 565 285 0.15172814
814 153 842 190 0.14984404
17 243 46 279 0.14917754
282 326 309 360 0.14376244
647 302 675 337 0.1354435
284 249 309 282 0.12064756
466 224 492 255 0.11742331
233 231 262 267 0.10585144
900 255 926 287 0.09729211
737 227 765 261 0.09126749
820 228 848 260 0.088119864
307 251 333 283 0.08596671
648 231 672 261 0.07743709
904 279 930 310 0.07667982
150 200 186 243 0.07468007
310 225 337 259 0.074674584
303 309 330 343 0.07191441
538 228 565 261 0.06806878
798 224 824 257 0.06398718
458 250 490 288 0.063217446
537 181 561 212 0.061370954
254 245 280 279 0.057489607
359 230 388 268 0.055189632
746 277 776 313 0.051503118
332 307 357 338 0.05105138
329 251 353 282 0.050736427
615 273 639 302 0.050728377
695 198 719 228 0.05015816
479 209 506 240 0.049694214
405 235 434 271 0.04903083
608 252 634 283 0.048463017
513 308 537 339 0.046684332
407 280 433 313 0.043515034
919 253 945 286 0.042974353
568 228 591 260 0.042972736
362 207 384 236 0.041926485
919 223 946 258 0.040545408
591 273 618 304 0.03888767
536 326 561 358 0.037841972
564 148 588 179 0.036522917
413 200 435 227 0.035935204
199 206 231 248 0.035057604
950 342 989 390 0.034857545
484 304 509 335 0.03483186
519 222 546 257 0.03376762
872 326 906 367 0.033628594
897 171 922 203 0.03325885
750 207 775 238 0.03282476
437 277 466 312 0.032315623
523 254 547 285 0.032027483
722 245 749 280 0.03136732
697 229 721 259 0.030753082
868 250 896 285 0.030544175
310 276 336 307 0.030217633
843 151 873 187 0.029918376
563 306 590 340 0.029533489
479 277 504 308 0.029489212
383 332 410 366 0.029287169
223 354 259 396 0.029284192
252 306 281 344 0.028710177
15 29 49 71 0.028467946
873 156 898 188 0.028119782
909 294 943 336 0.02778712
438 228 462 258 0.027544035
560 175 584 206 0.02732455
461 299 492 334 0.026979212
947 249 972 281 0.026022675
561 274 588 307 0.025700217
695 252 720 283 0.025484443
512 355 539 387 0.02393758
17 272 47 309 0.023691654
918 173 943 204 0.023597192
951 297 988 341 0.02346614
179 276 213 317 0.022937417
435 206 458 234 0.022352302
255 199 279 230 0.021962857
359 305 384 336 0.021817025
717 279 741 310 0.021710154
231 178 261 216 0.021347817
902 199 930 235 0.021346513
439 330 468 365 0.021280268
531 356 561 391 0.021132963
716 205 740 235 0.020997122
891 345 929 390 0.020759426
972 231 1029 310 0.02046268
617 304 646 338 0.020354941
