2_Demonstration_Political_Rally_2_137
83
228 297 301 392 0.99630994
9 369 93 481 0.99400556
768 282 800 321 0.71121716
175 275 224 335 0.5703916
657 280 684 315 0.4328261
305 299 361 378 0.33631465
916 274 945 310 0.31618577
620 329 646 365 0.2885784
56 296 92 339 0.26583087
578 330 607 368 0.18284693
441 330 476 377 0.18230154
511 323 546 368 0.16024859
841 277 864 305 0.14690173
4 302 36 350 0.14211974
555 379 593 427 0.12352926
362 342 409 401 0.11783954
388 273 414 306 0.0945915
716 278 737 306 0.09267528
579 303 605 335 0.09206057
793 335 819 368 0.08934476
393 625 429 668 0.08502909
486 250 519 292 0.08450592
762 333 789 367 0.08316943
687 610 718 652 0.080159135
640 295 670 334 0.0795167
619 303 646 337 0.06714215
764 383 791 417 0.06689993
921 332 944 361 0.06320365
822 275 848 308 0.061100498
939 277 966 311 0.06052151
468 280 494 314 0.056787055
550 582 581 624 0.055048704
633 352 660 384 0.05502155
953 383 977 414 0.052014813
714 298 739 331 0.051208436
743 257 766 287 0.048544057
395 405 440 464 0.048182696
444 145 477 187 0.046708442
788 379 815 413 0.04090623
19 309 88 391 0.040509146
559 220 587 256 0.04035305
748 351 772 381 0.040080678
645 253 668 284 0.03978546
987 218 1015 257 0.039387785
896 255 926 296 0.038508333
950 298 976 331 0.03756258
664 319 696 360 0.037140433
844 356 871 390 0.0363943
869 303 896 335 0.033953145
899 298 926 332 0.033509217
812 331 840 367 0.033477828
453 401 482 440 0.03328469
526 451 559 493 0.031458978
697 350 725 385 0.031416655
757 535 782 568 0.030555468
98 500 140 550 0.030357895
247 393 294 451 0.030203538
792 261 822 298 0.030088687
948 459 970 488 0.029101316
226 251 264 303 0.02870914
92 334 134 391 0.028222041
973 325 997 359 0.028010273
943 328 967 360 0.025562994
532 176 558 208 0.025266847
689 302 717 337 0.025256332
612 2 647 35 0.025207674
747 299 774 333 0.024989825
478 346 508 388 0.024820095
997 407 1020 440 0.024802612
947 355 971 384 0.024511363
379 303 413 348 0.02429175
692 275 720 310 0.024199776
643 373 673 408 0.024102006
715 329 743 364 0.02388941
658 350 689 385 0.02347513
614 558 650 602 0.022774778
714 376 744 414 0.022724906
510 383 548 434 0.022646891
430 281 457 316 0.02252216
532 302 562 341 0.02244704
872 278 896 308 0.022161508
845 299 871 332 0.021364566
457 301 486 340 0.020585109
