2_Demonstration_Demonstration_Or_Protest_2_117
170
698 446 727 482 0.82255036
789 516 815 549 0.45993266
969 423 996 459 0.40472066
917 611 946 646 0.28244945
889 503 915 535 0.26129696
840 479 864 509 0.23005788
939 474 965 507 0.20957986
24 524 51 555 0.19300781
520 436 543 464 0.18711635
613 453 637 483 0.18564102
22 408 42 435 0.17584229
839 580 862 611 0.1542391
7 140 82 249 0.15262099
442 412 462 438 0.1485568
508 506 531 535 0.12375348
814 376 836 404 0.11137323
535 377 557 404 0.11020787
458 431 481 458 0.10997542
663 412 685 441 0.10707541
819 458 843 490 0.10170069
762 458 790 495 0.10139151
771 525 799 561 0.09944894
582 137 611 172 0.09916311
876 173 902 206 0.09716133
740 260 762 286 0.0952169
72 404 93 430 0.08967807
484 331 505 358 0.089200474
799 301 823 331 0.08394963
788 559 820 599 0.08242538
943 278 967 307 0.08018943
644 411 664 438 0.07961651
128 434 147 458 0.07758341
611 480 634 508 0.07570976
887 530 914 566 0.07444557
995 256 1020 292 0.07421333
284 437 306 465 0.06946065
642 516 668 547 0.067815565
299 507 323 538 0.06744752
161 413 183 441 0.066625364
725 385 748 413 0.06585808
892 228 916 256 0.06316524
434 327 455 354 0.060227193
991 454 1019 496 0.05995377
484 437 506 465 0.059489165
645 311 667 339 0.059413716
842 505 868 537 0.059154972
767 305 790 333 0.05865963
798 454 822 486 0.0574753
667 278 691 305 0.05691947
665 308 687 336 0.054556683
842 414 866 444 0.0531941
20 579 60 630 0.053173345
663 330 686 359 0.05125486
182 329 203 355 0.05078368
131 355 153 384 0.04982531
811 180 836 213 0.04936737
817 509 844 544 0.049114045
890 588 919 625 0.049070463
597 436 620 466 0.048924584
176 429 198 456 0.048741717
877 551 909 593 0.04748787
108 504 130 533 0.045639448
742 205 768 237 0.04519077
925 174 953 209 0.04514922
362 503 384 531 0.04495696
799 362 822 393 0.04409579
714 334 737 361 0.042946145
380 488 406 520 0.04284629
818 563 849 601 0.042678818
811 284 835 314 0.04238511
43 558 70 592 0.042210046
818 434 843 465 0.041497458
26 430 48 458 0.041068714
389 353 412 381 0.040859595
799 255 823 283 0.040545713
765 280 786 307 0.039230864
399 66 431 106 0.038852587
569 437 592 466 0.038663875
29 457 51 485 0.03844684
970 525 1002 571 0.038412467
621 410 643 438 0.03816354
50 281 78 311 0.037324023
922 223 947 253 0.037202094
531 407 552 433 0.03619182
99 586 121 613 0.036024738
84 563 108 594 0.03585039
891 196 922 234 0.035504688
181 507 204 534 0.034726333
763 557 793 596 0.03460327
365 412 388 442 0.034505043
735 405 759 435 0.034266368
285 353 304 377 0.034221977
636 429 660 460 0.034078818
631 459 655 490 0.034026306
718 355 741 383 0.033562448
867 201 893 233 0.033493415
534 487 559 518 0.033319235
48 430 69 456 0.033034906
467 334 488 362 0.032699667
739 360 762 389 0.032597758
618 531 644 562 0.032051917
694 334 716 361 0.03200203
380 460 404 488 0.03101034
230 409 250 434 0.030879863
923 255 948 284 0.030776342
798 229 822 258 0.030427663
108 434 130 461 0.030017577
585 232 606 260 0.02949371
945 507 973 543 0.029379677
489 491 513 520 0.02936785
666 352 689 380 0.029324077
419 312 439 337 0.029183526
777 379 800 408 0.028939744
767 258 789 287 0.028768942
988 600 1018 645 0.028505009
503 225 529 257 0.028320123
658 260 684 289 0.028246924
582 176 611 212 0.028094064
464 491 488 520 0.027663376
896 253 920 281 0.027391793
377 432 401 461 0.027257035
761 222 787 253 0.02722461
496 309 516 335 0.027015924
689 305 711 332 0.026831225
793 482 819 515 0.026653793
566 253 588 280 0.02629498
530 456 553 484 0.02559935
591 282 615 312 0.02532143
507 282 529 310 0.02520011
130 414 150 440 0.024927512
746 434 770 466 0.024861308
414 333 436 361 0.02409058
559 377 583 406 0.023873478
83 512 107 542 0.023828939
918 531 944 566 0.023641843
47 511 71 543 0.023619087
7 430 28 460 0.023552204
439 388 460 413 0.023503525
612 282 636 310 0.023481369
774 406 798 436 0.023146886
845 225 868 254 0.023089662
840 529 866 562 0.022752253
639 557 665 587 0.022231828
61 388 83 418 0.022200763
765 143 796 182 0.022047723
853 178 878 210 0.021989437
684 433 743 502 0.021578461
825 408 848 437 0.021405535
463 453 486 481 0.021345817
123 491 145 519 0.021342926
128 457 150 484 0.021316549
503 530 528 560 0.021285076
792 70 820 110 0.021261001
110 413 130 438 0.021188278
486 562 510 590 0.021181153
845 258 870 287 0.021180514
2 556 38 605 0.020956539
332 257 358 286 0.020933582
745 329 768 356 0.020924523
743 477 769 511 0.02081796
868 607 901 645 0.020775557
490 410 513 439 0.020766482
947 294 975 330 0.020734198
843 603 875 641 0.02068357
748 529 777 566 0.02062396
460 353 483 382 0.020516785
688 408 711 437 0.020398246
871 383 897 414 0.020227354
947 405 1009 480 0.020226574
796 200 821 230 0.020153796
