2_Demonstration_Protesters_2_56
99
882 283 941 362 0.9855371
391 401 457 487 0.97479886
632 339 683 404 0.97122544
809 194 871 273 0.9335445
493 471 554 544 0.87947845
235 389 287 462 0.7642948
748 440 814 516 0.575705
506 302 560 364 0.380678
632 235 674 288 0.32224697
292 554 338 614 0.3108529
805 57 851 116 0.24025203
76 381 114 429 0.19313945
182 350 208 383 0.15511979
973 227 1019 291 0.14926304
686 223 715 262 0.14753571
270 345 312 396 0.14500317
394 298 427 337 0.13760477
717 669 795 756 0.12104399
792 150 829 198 0.11329503
868 19 900 63 0.09939224
955 377 995 430 0.09719302
34 289 88 350 0.08930442
985 284 1023 348 0.085453585
196 407 248 480 0.081621945
441 300 474 341 0.07991628
43 674 86 728 0.07660532
442 72 472 111 0.07652523
25 623 72 678 0.07157158
93 0 136 45 0.0678746
111 143 141 182 0.06777976
116 411 157 478 0.06523597
487 77 518 117 0.062353544
427 350 474 404 0.060054004
571 299 627 375 0.0580838
641 66 676 107 0.054560818
535 16 572 56 0.054113764
278 70 305 104 0.053747844
70 628 135 707 0.052184973
96 244 129 290 0.051258642
362 163 390 197 0.050897736
887 191 925 242 0.050590374
535 67 570 107 0.050574213
151 242 188 286 0.050233584
663 206 694 247 0.047960617
324 53 360 98 0.047240183
347 348 383 394 0.047228467
198 348 234 391 0.045418493
36 158 69 199 0.045412414
607 45 639 83 0.042751245
389 319 432 371 0.042296767
96 289 136 348 0.042243022
174 722 217 770 0.04206353
662 507 709 567 0.037851233
554 39 590 78 0.037634496
176 361 215 416 0.035922028
123 54 161 100 0.034962807
974 89 1005 127 0.03478643
259 93 287 127 0.033940688
743 341 792 401 0.03354195
230 128 255 159 0.03333408
694 45 723 83 0.033111095
889 16 929 63 0.032582298
305 717 348 764 0.032289136
847 580 917 671 0.03166984
260 145 289 180 0.031259358
924 244 997 338 0.031173453
726 385 778 453 0.030861601
631 21 668 63 0.030622477
518 43 548 80 0.029781193
813 125 848 168 0.029079258
570 437 623 507 0.028616771
504 570 549 629 0.027962292
702 241 740 290 0.027014952
588 242 627 290 0.0267339
909 653 949 714 0.026442735
582 194 611 229 0.026077881
45 366 117 455 0.02606236
430 4 467 41 0.025785726
280 16 310 53 0.025202172
160 575 205 636 0.024906525
277 305 308 347 0.02482922
260 47 289 85 0.024660995
121 228 153 270 0.02376292
506 69 543 114 0.02355918
354 65 382 102 0.023528876
714 27 744 66 0.023476891
449 42 483 86 0.023318417
333 615 429 712 0.023282468
385 62 416 103 0.023253478
568 224 599 263 0.02287172
854 166 896 220 0.022819895
580 23 615 60 0.022789868
844 1 876 37 0.022115717
421 286 485 364 0.02162524
584 56 626 102 0.021214377
296 324 336 375 0.021202883
566 139 599 181 0.020912705
76 222 111 266 0.020401204
514 1 548 36 0.020103626
