2_Demonstration_Protesters_2_54
99
19 206 43 236 0.41045302
78 74 102 104 0.2750227
407 81 431 112 0.20860322
867 128 890 160 0.12308977
278 52 304 84 0.11147775
529 144 551 173 0.10917602
434 130 456 159 0.09998903
260 77 286 109 0.09546412
608 149 633 180 0.094860144
666 105 690 135 0.09472556
104 94 131 130 0.092421085
538 72 561 100 0.091807395
278 97 303 127 0.07590253
17 174 42 204 0.073890746
210 49 235 80 0.07183331
257 22 282 53 0.067005426
517 56 539 84 0.06495249
593 130 617 161 0.064613484
673 156 698 187 0.061241895
24 282 50 316 0.058441143
389 74 413 106 0.056701627
144 208 167 237 0.055970095
312 53 337 84 0.05514361
332 100 354 127 0.055025034
792 151 818 182 0.05299538
127 256 155 290 0.052128103
331 75 354 104 0.05125468
614 171 639 201 0.048637565
158 156 183 188 0.04792153
800 123 823 152 0.047716048
256 145 282 178 0.046426337
181 170 204 199 0.045646653
311 129 334 157 0.04288495
456 174 480 203 0.042588145
233 123 259 156 0.04182146
155 73 184 110 0.04174444
412 130 435 160 0.04147591
20 103 47 135 0.03890682
98 153 123 186 0.03815143
201 102 230 137 0.03725687
385 53 408 82 0.036672782
994 14 1020 55 0.036215793
60 100 83 130 0.035694618
979 74 1006 112 0.035406888
392 151 415 180 0.0345082
106 207 129 234 0.03350565
412 256 436 286 0.03341165
46 283 72 315 0.03279043
11 54 38 89 0.03219215
367 51 389 78 0.031494256
569 130 593 161 0.031406604
54 230 81 263 0.03110523
129 223 155 254 0.030596945
124 309 152 342 0.029586108
645 125 668 155 0.029087747
995 152 1020 188 0.028890071
336 329 359 360 0.028578704
428 224 451 254 0.028416615
51 148 77 181 0.028253106
4 256 28 287 0.02813443
70 246 98 280 0.027849987
135 174 161 206 0.026670331
928 46 953 78 0.026654067
355 93 380 124 0.026510315
415 206 440 237 0.025948282
233 73 261 106 0.025804274
692 205 716 235 0.025775751
687 123 710 154 0.02538034
208 154 232 183 0.025189413
328 126 350 155 0.025185691
487 151 511 182 0.025111526
157 276 182 306 0.024886753
556 76 577 103 0.024574928
310 180 335 210 0.024058104
233 153 256 182 0.024001203
284 127 308 158 0.023712581
353 224 379 257 0.023624916
431 256 454 285 0.02276823
821 71 845 102 0.02261853
312 103 336 132 0.022195416
48 206 72 235 0.022013398
283 177 305 206 0.021914419
811 143 836 174 0.021756487
153 413 179 445 0.021689678
688 100 713 132 0.021639513
332 25 355 53 0.021434935
737 246 768 286 0.021361498
275 26 305 61 0.0212428
662 16 692 52 0.021189889
394 254 417 283 0.021039806
869 2 897 32 0.020916363
281 150 304 179 0.020873277
73 121 99 152 0.020858714
486 176 509 203 0.020730967
110 276 135 307 0.020649808
638 178 661 206 0.020549448
429 102 452 130 0.020516362
182 95 209 130 0.020126153
81 175 106 205 0.020015527
