2_Demonstration_Demonstrators_2_518
64
939 417 998 502 0.9214173
221 199 266 255 0.8899628
88 255 151 332 0.8661231
392 146 438 203 0.85839146
684 148 723 194 0.8044995
468 148 517 204 0.7139548
319 156 362 212 0.68534124
547 135 586 183 0.6851171
973 254 1022 320 0.65884954
931 45 967 91 0.61477804
736 124 776 174 0.6101374
622 415 678 481 0.5478952
177 295 216 344 0.41982526
820 79 858 126 0.4131502
350 145 398 209 0.39302427
758 56 792 98 0.25755274
742 240 778 287 0.146895
857 191 893 236 0.121572174
200 483 247 547 0.10178562
202 1 230 32 0.09220055
791 3 827 44 0.09153108
285 276 332 331 0.08980726
626 144 662 188 0.0847191
870 14 909 63 0.07888218
3 78 32 125 0.07214214
586 233 617 271 0.05807847
143 270 186 324 0.056293685
273 146 307 190 0.04914204
593 372 630 419 0.048444077
663 217 693 255 0.04731129
661 66 697 112 0.04723586
998 76 1024 115 0.039043978
4 170 58 254 0.037849195
778 247 815 296 0.03767379
34 368 82 428 0.037395004
753 317 799 373 0.036395375
168 93 203 137 0.035568636
770 579 822 641 0.034804877
579 137 622 190 0.034241013
21 496 93 596 0.03386527
895 99 935 145 0.03373327
630 561 667 609 0.031327263
680 -2 716 34 0.031138148
612 64 641 101 0.030177023
640 275 672 315 0.028105523
400 57 445 110 0.026725985
354 37 387 79 0.025630848
412 0 447 39 0.025304588
711 380 751 427 0.025070956
356 239 401 293 0.024409551
357 0 389 34 0.024408985
686 194 725 242 0.023888262
654 326 692 371 0.023490466
138 194 180 246 0.023129098
791 50 821 89 0.022924079
895 44 934 90 0.022707563
756 88 795 140 0.022607114
525 88 567 140 0.021938585
971 584 1007 634 0.021780541
296 442 342 500 0.021094764
382 0 413 35 0.021053782
607 546 680 633 0.020790974
684 398 722 441 0.020635262
661 19 694 59 0.020125326
