2_Demonstration_Demonstration_Or_Protest_2_606
69
217 296 260 353 0.9803079
336 286 407 371 0.9598426
541 299 630 405 0.9546424
638 239 687 303 0.93331695
897 254 966 333 0.88903093
758 257 825 331 0.77936727
830 227 869 279 0.77734226
713 251 746 295 0.7145594
47 258 86 305 0.38085902
195 239 232 286 0.35075927
990 281 1022 330 0.3447972
495 237 537 292 0.31982768
121 300 151 339 0.2350716
222 230 252 268 0.21446216
701 203 734 245 0.14860795
70 213 104 255 0.13928647
101 243 132 284 0.09679693
750 152 779 189 0.09653611
452 216 487 259 0.0918734
6 280 34 321 0.09046108
861 222 897 267 0.089327484
121 231 151 270 0.08289817
154 249 180 283 0.06827361
99 196 135 241 0.061146945
908 403 941 445 0.060100682
425 238 461 286 0.053775724
143 280 173 318 0.052009515
125 101 151 135 0.050962545
694 172 726 214 0.046657193
793 179 824 218 0.04429446
249 228 281 267 0.042008854
226 150 252 182 0.04081233
254 522 298 577 0.03949576
279 176 308 213 0.039149676
257 174 284 207 0.03901868
-1 251 25 289 0.03652401
43 95 70 132 0.035585713
766 171 793 206 0.035204284
639 153 668 191 0.032910537
818 174 852 218 0.031953383
455 225 523 306 0.030914828
123 475 150 511 0.030908331
301 243 340 292 0.029985318
748 395 789 447 0.029596776
686 310 734 373 0.02878735
745 202 772 236 0.028767554
588 176 617 210 0.028586248
24 228 57 268 0.02802238
610 176 638 212 0.027499152
898 174 925 207 0.027428862
992 203 1022 243 0.026772218
-2 322 26 364 0.02581485
228 203 254 235 0.025432613
797 145 827 184 0.02491929
965 141 1008 191 0.02484683
275 287 317 346 0.024266193
209 176 233 207 0.0232582
256 198 283 231 0.023067106
71 287 109 335 0.022787884
19 322 54 364 0.022365548
962 266 1030 352 0.02230057
229 174 254 205 0.022269897
73 177 100 212 0.022190806
28 123 55 156 0.021795277
918 154 946 189 0.02118238
737 227 768 267 0.020901315
74 354 107 394 0.020326551
969 378 1017 434 0.020171635
682 232 741 311 0.020032272
