2_Demonstration_Protesters_2_178
72
266 498 332 586 0.96889067
757 99 817 170 0.9485056
591 88 648 159 0.8853658
555 518 612 586 0.83715516
743 506 806 587 0.8207735
630 506 694 587 0.7876009
68 552 131 634 0.74334794
666 22 725 92 0.73357964
356 65 406 122 0.43713054
463 52 513 108 0.3683237
395 342 438 403 0.34827545
4 75 46 131 0.348098
129 52 173 107 0.31451914
60 60 108 119 0.19321123
230 27 283 84 0.19092119
924 537 977 602 0.18372196
418 488 481 559 0.16973564
741 433 807 517 0.15919526
892 218 952 293 0.15359968
848 282 893 343 0.14132589
533 173 572 220 0.14112249
962 258 1014 327 0.123766124
541 548 626 647 0.11033309
230 180 274 237 0.1006438
279 380 328 437 0.088231385
37 0 77 38 0.08078507
339 475 396 547 0.07453418
883 559 927 618 0.06659236
935 570 1004 659 0.06647613
139 155 182 209 0.06572434
73 505 120 562 0.063930266
412 436 464 500 0.061316337
674 77 722 143 0.060084675
588 437 633 488 0.058571167
199 190 232 235 0.050389774
272 131 311 179 0.049510647
3 171 36 217 0.04816162
412 308 484 404 0.047821585
412 2 461 52 0.04622227
180 21 219 66 0.045323674
373 99 422 163 0.044084426
781 399 822 452 0.04152366
884 0 921 34 0.041294258
326 198 362 247 0.040863268
629 64 683 136 0.038833756
505 34 547 88 0.03799777
278 -1 319 37 0.03641123
5 549 48 607 0.036159232
425 158 466 210 0.032884616
447 528 500 595 0.03225382
122 217 161 266 0.032198604
831 422 877 479 0.030585628
401 143 439 194 0.030327545
655 234 705 296 0.030172272
382 203 415 247 0.027676199
1 425 31 472 0.027476134
821 186 859 236 0.027231928
296 211 337 266 0.025268722
434 82 505 170 0.024959829
502 520 559 601 0.024815131
46 427 77 469 0.023802813
400 219 437 264 0.02358783
444 19 500 78 0.023554344
503 -3 549 41 0.023519028
315 -1 357 39 0.022792023
36 156 79 212 0.02223629
757 22 794 66 0.021906663
456 213 489 257 0.021682967
255 454 299 513 0.021435311
941 39 980 94 0.021304872
603 472 655 539 0.020732893
72 428 103 470 0.02030564
