2_Demonstration_Demonstrators_2_545
113
64 431 95 471 0.81795436
266 502 300 546 0.77298534
248 399 274 433 0.6804724
55 492 95 544 0.6728323
413 450 441 486 0.35951608
159 503 205 559 0.32982406
293 432 324 472 0.29811153
107 331 134 365 0.249428
105 383 134 420 0.21115339
387 357 414 393 0.17951448
154 427 183 463 0.17462541
664 270 696 312 0.165409
185 406 212 443 0.16172759
361 428 387 462 0.14075996
918 376 951 420 0.1392129
748 306 771 334 0.1382447
436 300 461 332 0.13759144
337 298 361 327 0.12255535
312 353 337 385 0.11165278
906 284 930 315 0.1114667
201 378 227 411 0.10078566
128 308 155 342 0.09966656
398 378 427 415 0.094966196
330 335 356 366 0.09377517
208 311 233 341 0.09313261
819 285 842 314 0.08862387
151 298 177 333 0.07983063
358 454 385 488 0.07484265
355 298 379 329 0.074757144
47 359 73 391 0.07458181
460 275 493 319 0.074072145
483 236 550 317 0.070830576
254 306 277 335 0.06427435
838 195 866 230 0.061367385
746 328 772 361 0.058772083
311 300 332 326 0.057785586
385 428 411 463 0.0577021
767 335 792 367 0.056944676
916 224 941 256 0.056904525
281 382 306 413 0.0563055
690 299 715 330 0.055573642
82 352 107 383 0.052793812
878 307 901 335 0.051597483
723 306 746 335 0.051267732
49 302 74 334 0.049426705
413 329 439 362 0.047382463
126 400 155 439 0.046788927
126 256 149 283 0.04578908
418 303 443 334 0.043987907
118 350 146 385 0.042672284
331 374 356 405 0.042599633
284 357 308 386 0.042588618
178 303 202 335 0.042061023
227 329 252 359 0.04151901
287 405 316 444 0.041237924
795 331 822 364 0.04104808
871 421 907 467 0.040911935
224 353 251 387 0.039890185
927 152 952 185 0.03791079
365 355 389 388 0.03720066
292 498 329 547 0.035392508
79 282 103 311 0.03507073
804 301 828 329 0.034714915
282 285 308 318 0.034675866
384 283 409 315 0.03412116
47 327 73 359 0.033513263
850 305 874 335 0.033267345
904 204 929 237 0.033077992
262 286 286 318 0.031211399
949 253 975 287 0.030986866
338 413 362 445 0.030968975
976 275 1004 313 0.03049123
106 257 128 284 0.030335525
337 229 361 260 0.03033365
71 301 96 333 0.030265227
15 427 50 475 0.029914074
817 330 843 361 0.029366093
179 329 202 358 0.029247379
825 377 859 422 0.029209465
155 324 182 357 0.028961217
201 422 232 462 0.02865159
32 233 57 264 0.028174292
473 197 512 248 0.027519803
851 129 875 160 0.027330957
802 367 874 460 0.027110927
793 483 830 528 0.026907872
283 250 307 279 0.025595115
86 255 108 282 0.025580602
33 377 60 411 0.024690919
931 124 955 156 0.02433744
698 330 725 363 0.023985144
921 334 947 366 0.023794793
546 256 595 310 0.023702279
937 388 974 441 0.022937154
433 553 465 591 0.022848725
157 383 182 415 0.022795932
425 430 459 475 0.022480598
232 400 280 460 0.022409799
359 331 383 363 0.02230042
843 282 868 313 0.02225337
134 280 160 312 0.022031596
159 355 185 388 0.021979548
262 358 284 386 0.021778258
898 399 932 444 0.021206249
1000 234 1022 266 0.021194639
129 455 159 493 0.020953296
362 535 388 569 0.02089389
428 347 458 386 0.020754308
30 278 62 319 0.020752216
327 484 361 527 0.020730589
409 251 436 284 0.020435635
380 513 409 551 0.020343853
720 281 743 312 0.020315107
