2_Demonstration_Demonstration_Or_Protest_2_512
80
126 269 201 361 0.5435038
731 398 802 490 0.5023036
343 301 378 347 0.47192913
574 353 609 395 0.37329623
710 299 748 344 0.22869782
254 398 302 471 0.2230674
63 112 138 231 0.21972774
432 295 469 340 0.2168708
637 249 663 284 0.18467566
447 324 494 381 0.18141657
547 304 580 347 0.16852787
339 242 374 286 0.15841924
976 378 1018 439 0.15464078
512 221 540 257 0.14977285
220 210 257 263 0.10241456
535 373 569 416 0.0993893
913 259 957 310 0.097994484
120 177 192 272 0.08308165
645 309 672 343 0.0794326
959 274 999 321 0.0775033
3 599 43 661 0.07505571
567 199 591 231 0.07351928
711 230 737 262 0.07273229
604 297 633 334 0.07035563
662 204 685 236 0.06927116
405 231 430 266 0.06563393
588 205 612 236 0.06133646
910 428 948 476 0.06017381
606 200 630 231 0.05972199
279 240 312 286 0.05354817
813 326 845 366 0.053491514
714 200 740 231 0.0518453
505 246 535 287 0.05129274
692 179 714 208 0.05114048
739 175 761 204 0.04991249
666 281 692 314 0.049195025
411 369 443 414 0.04875446
300 350 334 394 0.048744272
926 259 1006 347 0.044607054
531 200 558 235 0.043033857
432 224 459 257 0.042239342
513 378 540 414 0.041314308
531 249 560 288 0.039993662
528 420 570 472 0.038744606
681 433 755 536 0.03760299
492 222 519 258 0.03677232
790 298 819 335 0.036567416
350 170 382 210 0.03646544
253 235 288 285 0.036061652
839 447 907 526 0.036020648
817 252 845 289 0.035411637
770 254 796 288 0.03425226
567 222 592 257 0.033458043
528 444 596 536 0.03339398
608 351 639 391 0.032241188
372 316 408 366 0.029851818
760 301 789 338 0.027881492
350 340 393 393 0.027469164
864 316 903 370 0.027448757
306 201 336 239 0.02637402
409 281 441 325 0.025859928
4 168 55 256 0.025477769
428 250 459 288 0.025476819
772 178 796 210 0.025420088
408 323 443 375 0.024967797
815 121 846 158 0.024867631
635 343 670 387 0.02422858
484 270 516 312 0.023859182
739 200 763 231 0.02340666
607 229 635 264 0.02292484
303 294 338 338 0.02268656
506 349 536 392 0.022315687
933 349 1012 450 0.022197548
459 221 484 254 0.022080604
220 293 258 346 0.021490833
481 603 587 719 0.021083597
682 283 715 327 0.021044368
381 202 406 236 0.020548956
683 368 725 419 0.020153329
506 302 536 343 0.02005227
