2_Demonstration_Demonstration_Or_Protest_2_242
22
170 527 220 597 0.44083008
839 439 986 600 0.24517205
-1 586 30 645 0.2333209
257 530 290 574 0.08644022
789 314 865 435 0.08138326
569 348 611 399 0.075238936
993 201 1019 241 0.073014535
306 530 342 574 0.0637823
823 274 949 425 0.06333678
118 552 188 630 0.04331731
68 443 101 486 0.042517845
177 432 205 469 0.037619784
16 480 49 530 0.0346856
361 336 394 378 0.029629989
303 321 338 364 0.029485356
0 449 29 496 0.029194627
243 519 310 608 0.024341105
413 349 446 390 0.022439104
452 58 499 115 0.022353617
760 367 793 423 0.020989073
263 412 420 584 0.020805929
253 157 291 211 0.020115795
