2_Demonstration_Demonstrators_2_413
33
125 230 158 272 0.3814487
276 202 306 239 0.26904163
31 227 68 271 0.1656055
348 199 372 230 0.16004711
510 155 539 193 0.13482289
904 113 955 176 0.1227081
486 171 510 202 0.07378368
382 180 408 212 0.069047466
3 242 33 284 0.05699031
463 147 489 180 0.054999262
530 171 557 207 0.054781828
59 299 105 361 0.054095477
255 220 286 258 0.048359487
626 56 709 160 0.040880177
989 97 1026 152 0.03640015
97 299 133 350 0.035922665
437 178 464 209 0.03439548
464 172 490 205 0.034386475
407 198 432 229 0.029744348
67 226 96 264 0.027648253
8 292 81 385 0.026625212
7 202 75 291 0.025799787
228 229 258 269 0.025541117
556 167 584 205 0.023398649
837 33 883 93 0.02265432
253 281 283 321 0.022572182
511 194 538 227 0.02237573
697 102 784 201 0.021733332
175 248 208 287 0.021697763
853 349 1011 608 0.021508498
944 94 980 142 0.02063212
466 198 494 233 0.020479849
350 219 379 254 0.020021157
