2_Demonstration_Protesters_2_91
39
964 211 993 249 0.69709283
912 250 941 288 0.47050047
790 232 816 265 0.19977114
528 248 554 283 0.11151557
382 230 409 263 0.11140334
850 220 875 254 0.102264084
813 225 839 259 0.075144716
813 250 840 284 0.0516556
926 309 952 341 0.051639676
605 225 632 258 0.04266387
335 232 364 266 0.04188715
948 243 982 286 0.04079026
591 304 618 339 0.035966717
800 206 823 234 0.03262481
665 307 690 341 0.03225333
723 251 746 282 0.032130547
825 384 847 413 0.031012062
835 334 864 369 0.029332887
551 222 582 263 0.028834518
771 404 797 439 0.02863361
822 274 848 307 0.027821476
570 179 594 211 0.02766628
918 458 956 501 0.027485726
942 322 968 356 0.027209451
948 202 1007 274 0.027169747
774 329 800 362 0.026161283
596 248 621 281 0.026089616
486 183 513 216 0.025986921
645 305 672 340 0.025853882
759 462 789 499 0.025535557
920 357 947 391 0.02491867
871 387 897 420 0.024528513
734 223 760 258 0.024154307
919 195 951 232 0.024007052
870 245 899 282 0.021745516
610 283 634 315 0.021340685
785 310 811 341 0.020862615
561 199 587 233 0.02071278
690 305 714 337 0.02003706
