2_Demonstration_Protesters_2_519
22
551 117 608 191 0.9911144
793 101 847 169 0.9650887
159 128 225 208 0.8065652
901 157 946 212 0.7787127
351 151 376 183 0.04125967
840 411 878 459 0.032601893
407 156 431 187 0.0325376
979 409 1019 466 0.03238401
798 278 831 322 0.032266796
324 279 353 315 0.031830303
306 131 333 166 0.0286978
315 198 342 235 0.02854569
404 257 437 298 0.028510557
722 129 763 182 0.027911052
648 183 697 243 0.027163567
499 241 541 289 0.02714715
8 167 35 205 0.02685286
822 340 865 391 0.02575217
698 323 740 376 0.025661632
4 355 31 393 0.023685418
288 149 315 182 0.020983951
896 99 930 143 0.020552298
