2_Demonstration_Protesters_2_840
28
907 153 931 184 0.13686578
252 243 282 280 0.12199276
788 211 823 256 0.0964744
669 182 692 213 0.056053728
401 151 428 184 0.050843045
229 310 259 349 0.04986947
911 168 943 205 0.04545727
281 71 310 106 0.04182318
841 147 875 187 0.039856073
796 172 824 208 0.039372697
765 255 794 292 0.038757056
302 304 327 337 0.03620913
99 180 120 207 0.034218255
68 63 99 102 0.034125775
383 336 414 373 0.032171976
996 169 1021 207 0.030335832
993 355 1025 409 0.029223913
713 227 741 261 0.02918841
78 182 101 211 0.027965583
256 15 302 67 0.027315764
46 232 73 265 0.025041057
994 280 1023 327 0.02498177
516 248 540 278 0.02446153
303 349 339 391 0.023484059
253 198 277 228 0.023327606
57 198 84 229 0.02318813
868 169 895 202 0.022060938
829 128 857 164 0.021983704
