2_Demonstration_Demonstrators_2_268
47
977 263 1010 307 0.5447119
267 251 294 286 0.1453178
364 258 388 290 0.13988467
839 270 864 301 0.10708947
670 284 694 312 0.10314281
437 282 460 312 0.070126966
922 252 948 285 0.06613544
582 296 611 330 0.06074311
945 260 970 292 0.05922161
488 276 510 303 0.058352336
900 252 927 285 0.05546853
940 357 974 396 0.05540926
687 281 712 310 0.053752344
888 277 918 315 0.052893173
460 281 483 310 0.051881265
695 253 717 280 0.05143468
614 259 638 287 0.049233343
668 234 691 263 0.045817595
534 257 561 291 0.04395573
592 234 614 260 0.039854866
590 254 614 283 0.039181333
720 310 745 340 0.038568772
566 256 588 283 0.037576284
753 258 776 289 0.03709679
641 254 664 283 0.03629733
891 346 920 383 0.035108216
874 333 900 367 0.03466671
512 273 537 306 0.03352138
610 200 635 232 0.0313256
229 255 253 284 0.029666947
567 234 590 262 0.029631853
925 331 954 368 0.028688442
791 277 815 307 0.02858483
766 272 790 303 0.028462777
438 257 459 284 0.028389158
570 277 594 306 0.028275454
644 231 666 258 0.027935708
76 285 102 319 0.027553353
461 256 484 284 0.027357407
441 229 463 257 0.027063726
640 207 663 236 0.025933653
159 272 186 304 0.025847744
895 398 930 443 0.02379518
871 254 895 285 0.022867853
926 300 952 333 0.020889701
988 295 1015 336 0.020480279
307 255 332 287 0.020056877
