2_Demonstration_Demonstration_Or_Protest_2_816
104
138 277 192 347 0.992722
684 200 723 252 0.9478669
859 170 902 224 0.9326887
352 273 397 328 0.90338004
350 382 393 435 0.87287897
792 219 832 271 0.8663519
305 149 350 206 0.86103106
176 199 222 255 0.8424673
14 166 58 219 0.84111625
572 116 612 166 0.8210637
98 59 137 110 0.80622506
498 156 539 208 0.72856396
719 2 763 53 0.7122338
446 57 480 104 0.621917
811 77 848 126 0.6214972
631 157 667 205 0.56344867
654 271 693 321 0.41171736
460 237 503 289 0.4109914
218 267 263 325 0.40662527
592 245 629 290 0.39930245
318 213 355 258 0.3629551
428 195 462 239 0.3274368
350 1 381 35 0.30527568
544 280 587 334 0.2482728
154 89 186 130 0.23774461
323 72 355 112 0.20021844
684 63 717 107 0.19562161
773 282 822 341 0.18927717
304 15 339 57 0.16476573
485 1 515 34 0.14810437
716 108 750 152 0.13486941
609 192 643 236 0.11863101
879 98 918 148 0.11127902
640 23 671 62 0.08792888
313 489 383 570 0.086715005
413 270 447 316 0.07289041
159 3 189 35 0.06926282
374 0 408 35 0.06591894
866 64 904 113 0.065186635
274 161 316 213 0.056361392
659 44 694 89 0.056033976
482 299 519 343 0.055700134
121 1 151 32 0.050514787
842 2 876 37 0.049032696
181 41 209 78 0.04897617
225 16 260 58 0.048832476
400 12 437 54 0.048681404
192 143 226 185 0.04840475
247 0 287 41 0.044045366
814 401 845 441 0.043752376
477 44 511 89 0.04046328
96 491 156 555 0.04012069
631 219 667 266 0.039200377
171 113 206 157 0.037526194
917 328 953 376 0.037488356
918 18 952 57 0.0355083
732 420 775 473 0.035038598
860 217 896 264 0.034516476
820 20 852 60 0.034332536
505 12 536 52 0.034268495
508 97 542 139 0.033946853
962 141 1005 191 0.03367271
152 47 184 89 0.03361409
16 19 51 59 0.032709785
76 44 109 87 0.032707445
97 108 134 153 0.032558113
605 433 657 490 0.032297898
352 44 389 90 0.032262012
937 0 975 37 0.031200722
409 172 449 218 0.03009466
40 567 89 625 0.02988094
454 287 493 336 0.029607411
223 524 284 598 0.029357102
579 163 620 215 0.028900037
786 40 818 80 0.028867517
987 90 1021 140 0.028257554
890 -3 922 33 0.027856706
320 238 364 296 0.027694302
119 196 164 253 0.027202727
736 197 774 245 0.026322512
716 270 750 315 0.025276138
656 -2 689 31 0.025071632
256 194 295 244 0.02491339
656 371 693 421 0.024819318
326 122 362 168 0.02457195
881 333 930 399 0.02448856
430 18 463 58 0.02414264
837 38 873 83 0.023532853
593 505 641 564 0.023368426
665 86 704 135 0.023296146
694 17 726 58 0.023203788
304 90 340 136 0.02313166
607 119 642 167 0.023028297
457 19 491 59 0.023024987
556 364 598 420 0.02283137
902 425 950 482 0.022581052
530 2 565 39 0.022459434
271 64 307 108 0.022261515
406 68 443 113 0.021908635
101 18 135 58 0.021805223
-2 93 26 134 0.02152827
43 19 77 62 0.021306891
840 235 878 284 0.020087173
352 137 391 189 0.02005474
