2_Demonstration_Protesters_2_796
29
406 238 550 427 0.9966877
678 80 728 144 0.88415045
608 126 646 176 0.70529205
346 67 388 121 0.29629877
599 47 631 88 0.2770217
513 90 548 133 0.15745814
392 24 424 66 0.10783784
562 94 596 138 0.08334808
48 147 76 184 0.08191872
599 162 649 225 0.08173824
485 124 525 174 0.07813221
287 67 312 99 0.05606014
357 153 401 211 0.03726279
429 51 458 86 0.034137383
75 171 101 203 0.033394165
247 69 274 104 0.032705177
506 34 541 79 0.032195445
399 0 434 37 0.030180115
81 97 106 129 0.024918903
357 3 386 33 0.02417943
196 104 222 137 0.024030795
709 4 743 41 0.023167495
638 10 674 53 0.02307789
253 175 285 216 0.022390813
581 172 676 297 0.022015017
556 2 591 41 0.021033276
72 121 99 155 0.020406405
251 96 281 136 0.020130988
188 215 225 260 0.02003441
