2_Demonstration_Demonstrators_2_654
48
589 174 619 212 0.22684778
300 145 328 181 0.17724161
429 219 469 270 0.17600064
31 274 199 499 0.17379297
715 185 744 222 0.11290552
447 159 482 200 0.093938805
507 281 585 390 0.08777599
97 65 130 109 0.08081097
196 67 226 103 0.0604778
945 177 990 232 0.05609542
150 142 188 190 0.052017596
378 261 411 307 0.051278446
699 128 728 166 0.048200294
256 195 293 239 0.04775263
304 74 329 106 0.04686874
202 12 236 49 0.046227943
238 124 263 156 0.041866686
298 168 332 210 0.04079126
361 152 388 186 0.038697712
432 318 527 444 0.038637828
589 110 616 144 0.034991708
3 0 66 64 0.033644017
175 103 204 140 0.032960307
284 95 308 124 0.032939285
704 398 754 469 0.031679973
755 338 848 474 0.028737752
832 108 902 199 0.028250076
631 102 668 146 0.028103653
332 65 359 99 0.027986629
183 48 213 86 0.027488442
255 55 279 86 0.026200876
506 226 538 266 0.024872413
59 145 111 201 0.024519065
916 93 949 134 0.023737438
391 129 423 166 0.023687001
67 92 100 133 0.023373496
478 244 522 299 0.023068875
692 225 729 273 0.022787733
813 190 859 250 0.022501541
283 129 313 167 0.022377279
670 223 698 260 0.022308659
399 229 462 310 0.021108726
916 276 1011 388 0.021020338
284 16 314 52 0.021010788
41 221 90 294 0.02026813
606 51 637 90 0.020212106
567 158 628 235 0.020156529
129 125 160 165 0.020060789
