2_Demonstration_Demonstration_Or_Protest_2_771
17
468 131 571 264 0.99805593
342 175 387 237 0.17356326
202 355 229 389 0.07038794
132 442 159 478 0.060403578
671 464 701 500 0.04849314
174 77 205 113 0.039824486
175 271 201 305 0.03979671
639 388 667 424 0.036175247
178 377 204 413 0.03135057
583 10 624 56 0.027087266
305 122 398 235 0.02675427
102 348 137 393 0.026027784
891 307 923 347 0.023422958
103 434 135 475 0.022302732
180 126 209 160 0.021765897
157 403 183 436 0.021423217
341 -3 387 40 0.020172173
