2_Demonstration_Protesters_2_24
56
662 1054 740 1149 0.97121507
499 656 563 735 0.96283185
364 268 470 412 0.95512587
451 1122 516 1207 0.92105013
480 759 554 851 0.90488666
899 1123 987 1227 0.8352341
813 656 873 735 0.82784134
154 793 240 899 0.78921247
609 634 666 704 0.77465165
372 590 434 664 0.5677772
551 267 646 396 0.50212485
635 677 691 746 0.32502946
685 469 738 545 0.31479788
640 133 722 230 0.31284326
18 402 110 531 0.25890774
866 1019 925 1092 0.24878599
958 744 1005 803 0.14137208
839 1132 895 1207 0.07700102
195 439 237 494 0.07129192
945 321 983 370 0.06982657
404 812 461 878 0.0650116
221 1119 265 1176 0.06383198
874 598 914 647 0.060789842
969 513 1006 562 0.054731205
353 497 395 553 0.05096044
935 568 976 624 0.04823792
447 39 485 88 0.044305556
214 144 312 268 0.03779591
845 506 883 555 0.037431743
130 523 165 568 0.033476025
586 496 641 561 0.031650465
445 626 500 699 0.030988451
940 84 978 135 0.029696379
710 980 767 1056 0.029434666
831 977 888 1052 0.029424923
188 1033 233 1090 0.028757937
896 573 935 627 0.028305791
616 469 705 579 0.028111348
159 288 244 417 0.028082386
459 532 507 594 0.02762165
827 115 872 179 0.027150145
699 702 744 764 0.027041541
154 1023 191 1073 0.025917253
869 316 907 362 0.025083946
985 314 1020 362 0.025014767
858 1075 925 1158 0.024751367
385 934 439 998 0.023342611
594 108 646 176 0.02312083
751 624 799 685 0.022831473
803 759 845 813 0.021692805
988 563 1027 623 0.02163794
374 23 417 73 0.021561101
888 635 928 688 0.02126098
963 702 1006 754 0.02109747
900 536 937 587 0.020558728
567 600 619 668 0.020490697
