2_Demonstration_Demonstration_Or_Protest_2_306
20
819 212 929 351 0.9852535
667 211 730 293 0.8856002
177 162 307 328 0.8751692
350 180 405 248 0.4863652
736 209 793 287 0.32330647
453 201 506 262 0.2500409
475 147 515 200 0.14694913
2 229 101 382 0.14349285
591 225 634 278 0.13196555
301 200 345 259 0.11400809
981 261 1022 320 0.1030502
743 255 831 380 0.056563772
329 103 360 145 0.049330108
345 329 392 386 0.049229033
557 222 589 262 0.040947817
451 290 489 338 0.039100222
628 194 666 245 0.030197365
423 256 501 353 0.02898172
321 255 362 307 0.021583045
322 326 412 433 0.020458737
