2_Demonstration_Demonstration_Or_Protest_2_441
96
233 152 269 198 0.92018116
930 151 966 197 0.7470691
108 183 151 234 0.73226583
854 169 884 208 0.62771153
788 164 820 204 0.58078074
328 211 361 250 0.40299445
6 182 40 229 0.39663076
405 160 434 198 0.32724646
502 582 533 621 0.31537917
295 175 327 215 0.30468222
350 65 376 100 0.15899573
609 181 643 219 0.1390863
971 356 998 392 0.120129414
503 159 533 198 0.11006628
353 558 377 586 0.089980185
490 102 514 134 0.08870434
713 176 737 207 0.083504006
902 598 935 638 0.082727514
44 169 80 213 0.08220709
306 152 337 190 0.07969502
568 175 600 215 0.07847046
170 164 199 200 0.07197627
32 425 62 469 0.07050513
525 524 556 565 0.0694222
455 525 485 563 0.06806602
849 352 876 386 0.06497109
415 65 442 100 0.06258375
431 120 458 155 0.060029212
332 97 361 135 0.055826712
808 303 834 334 0.051751986
865 219 892 254 0.048965335
814 222 840 255 0.04715175
284 146 313 184 0.046598054
685 122 711 158 0.043363832
145 117 173 154 0.041768014
714 565 741 598 0.040310055
332 537 357 568 0.03993805
420 146 455 193 0.039641254
358 586 387 621 0.03720822
666 15 709 61 0.036123704
207 123 232 156 0.035479657
992 70 1017 107 0.03495062
451 636 482 673 0.03357756
207 399 234 433 0.032209482
745 54 770 84 0.032113366
77 194 114 234 0.032103628
382 20 409 54 0.032038707
511 227 546 268 0.031758606
383 199 409 233 0.030689636
694 179 719 210 0.030481707
991 273 1018 314 0.030477956
897 125 922 159 0.03014182
659 560 690 599 0.029939827
735 580 766 616 0.029816328
568 92 595 128 0.02718095
352 153 380 190 0.026697915
308 102 337 137 0.026241949
789 561 814 592 0.026160778
770 564 796 596 0.026035536
408 100 435 136 0.025961176
180 526 206 560 0.025614154
66 261 104 309 0.02500368
353 118 382 155 0.02492363
615 530 640 562 0.024881773
319 236 358 280 0.024869526
940 191 971 229 0.024638103
505 118 535 155 0.024406724
275 68 304 105 0.024078023
507 77 534 110 0.023915429
736 174 764 210 0.023871012
946 221 974 257 0.023481434
303 66 330 100 0.023471726
457 171 487 209 0.023266962
587 561 618 597 0.023111241
564 407 587 435 0.022746082
255 189 287 228 0.022742728
463 100 494 139 0.022544175
32 385 63 423 0.022493375
364 459 388 486 0.022420611
-7 137 55 237 0.022347048
970 301 1000 343 0.02226212
643 227 673 263 0.021742305
212 336 235 365 0.021734998
959 147 990 188 0.021533266
428 25 456 60 0.021236962
479 450 508 485 0.021056302
489 496 565 585 0.020991804
672 96 701 135 0.020870065
486 200 513 233 0.020737937
887 198 921 240 0.020564396
973 532 1006 577 0.020391142
686 558 718 598 0.020222751
514 409 539 438 0.020166196
383 96 416 139 0.020158911
283 564 309 597 0.020097973
815 324 840 356 0.02006118
