2_Demonstration_Political_Rally_2_641
46
8 141 54 203 0.99206525
431 180 481 243 0.9911732
574 158 629 232 0.9653329
117 123 172 194 0.95760006
731 158 772 210 0.83136326
202 128 243 179 0.78643477
819 153 856 201 0.77002347
647 156 689 210 0.7052115
292 142 336 205 0.6487415
915 151 954 205 0.60433805
711 93 742 133 0.25461614
518 162 557 214 0.19361888
327 175 368 227 0.17885631
641 56 682 109 0.17841256
992 221 1022 268 0.1585767
421 119 453 160 0.13331951
323 226 357 266 0.115678854
529 92 570 144 0.09708805
942 169 974 217 0.08481081
694 74 725 116 0.08029296
357 330 391 377 0.07383457
607 51 638 95 0.06811478
347 250 381 295 0.059865296
655 437 683 475 0.05726637
487 216 520 258 0.04766997
429 2 469 48 0.047458414
264 163 306 216 0.047364805
793 102 821 140 0.047085106
861 135 902 186 0.042431466
680 155 722 206 0.037714455
223 76 256 120 0.036327098
46 421 78 465 0.031373806
216 216 258 266 0.031274725
604 125 640 171 0.030725371
324 45 358 87 0.029602451
559 505 590 543 0.025454925
201 418 234 463 0.025110818
172 91 224 153 0.022858348
322 123 362 182 0.022768576
-1 181 37 237 0.022719497
889 94 925 139 0.02174074
253 114 295 168 0.021543117
560 46 591 87 0.02147195
408 144 442 186 0.020789525
812 94 843 136 0.020559317
886 220 922 265 0.020313501
