2_Demonstration_Protesters_2_542
37
603 172 670 261 0.97410154
17 101 76 181 0.86507547
403 276 442 326 0.37680334
918 94 941 124 0.25814745
272 302 306 341 0.2022352
173 390 222 446 0.12768099
9 3 50 52 0.12275568
757 96 784 132 0.08207925
357 402 403 453 0.07777889
542 197 590 260 0.061133023
355 10 396 62 0.059705514
254 69 306 131 0.044518843
850 79 873 109 0.041199837
610 419 699 506 0.040611032
635 120 663 154 0.038294796
327 0 368 42 0.038125552
40 706 80 753 0.03633306
218 354 257 399 0.036226988
613 102 644 140 0.035554286
403 200 443 262 0.03485586
346 135 392 195 0.028552217
588 114 622 154 0.027750429
714 343 751 391 0.027517872
427 101 459 139 0.026890546
609 3 641 35 0.025354043
692 43 724 82 0.024352906
454 104 486 143 0.022074642
700 302 738 350 0.022029892
174 107 212 158 0.021719709
67 272 100 312 0.02099192
449 141 485 184 0.020828154
96 112 139 167 0.020752054
430 -1 467 38 0.020694759
501 65 540 114 0.020442978
475 262 514 310 0.020228965
426 311 467 365 0.020169504
501 190 539 241 0.020089192
