2_Demonstration_Demonstrators_2_314
104
237 397 277 445 0.8030385
492 424 538 483 0.5709419
385 383 422 430 0.5647288
610 378 644 424 0.47045976
109 248 144 289 0.42268914
577 301 607 341 0.4038283
324 339 368 394 0.39966765
402 249 438 294 0.3774901
8 398 40 442 0.34450394
198 264 227 303 0.34397992
252 261 281 298 0.33496892
637 281 664 314 0.32456133
42 201 74 246 0.2805636
750 338 792 387 0.25067684
895 377 944 432 0.22564527
162 317 201 365 0.21349446
56 491 110 552 0.21309128
68 328 98 368 0.20221436
227 306 256 344 0.19857605
48 294 83 338 0.16189739
487 295 519 337 0.15999195
1 308 29 349 0.1534325
475 560 542 641 0.13888286
149 280 183 325 0.1289682
297 327 338 379 0.12783547
666 251 699 295 0.118185766
531 303 559 340 0.11696619
689 387 726 441 0.11455997
720 282 752 322 0.1125606
173 227 201 263 0.11140357
385 274 418 315 0.10919703
130 449 176 501 0.108583085
99 295 131 334 0.103953466
517 254 542 285 0.10216178
871 428 924 495 0.10059585
350 299 379 334 0.0989245
179 251 210 290 0.088637166
42 347 78 393 0.08862417
295 434 345 489 0.08779554
785 402 848 477 0.08284144
535 375 571 421 0.07882226
256 530 292 575 0.07801057
251 694 299 755 0.07720383
172 395 205 434 0.07370696
503 374 538 418 0.07348094
75 298 106 338 0.071084216
68 396 100 437 0.06996848
593 588 684 688 0.06898659
229 454 264 499 0.068675
452 478 490 525 0.068298094
593 347 629 396 0.06760735
275 275 303 310 0.055444177
197 576 234 614 0.05507474
181 200 208 237 0.05032612
533 277 560 312 0.046402454
351 490 396 544 0.0452599
677 439 718 502 0.04336764
205 301 237 342 0.04299655
632 346 678 404 0.042925622
434 395 469 440 0.040729392
0 457 33 505 0.040344518
195 502 236 554 0.039568342
117 506 156 561 0.039104152
54 425 89 469 0.034184236
63 220 94 261 0.03382052
587 256 613 288 0.0334391
460 300 493 342 0.03336906
286 301 317 340 0.03259902
254 323 286 363 0.03142274
202 198 230 237 0.03136691
354 203 394 253 0.030180318
292 494 339 546 0.03011966
270 382 310 429 0.029737564
563 319 594 357 0.029611535
507 277 537 317 0.029368976
156 374 190 418 0.02930972
567 278 596 314 0.028197443
930 58 1001 136 0.027666198
20 318 55 363 0.027181335
198 373 229 414 0.026870053
233 270 262 308 0.026554856
510 315 544 356 0.026194982
833 115 878 168 0.026120123
680 490 718 541 0.025057156
815 329 849 376 0.024611622
426 271 456 309 0.024252232
732 393 773 451 0.024168562
382 329 416 371 0.023702819
229 200 257 238 0.023599865
652 292 689 337 0.023052735
454 428 491 475 0.023031738
434 320 472 367 0.02303015
228 353 261 395 0.022807784
959 416 1029 509 0.022316232
255 224 284 261 0.022004971
523 443 573 508 0.021322673
610 294 642 336 0.020919425
94 395 132 442 0.020854011
152 199 184 241 0.020813473
-1 252 23 290 0.02067447
709 321 751 375 0.020446429
614 257 638 289 0.020362508
118 322 152 364 0.020171687
92 345 134 397 0.020082163
