2_Demonstration_Demonstrators_2_486
46
375 396 471 506 0.9779579
546 403 618 492 0.96764237
684 463 728 507 0.3494318
156 460 198 511 0.24874379
699 323 736 370 0.17698695
940 330 972 374 0.11038702
282 380 317 427 0.08479213
506 232 548 289 0.07328588
200 417 232 455 0.064605944
865 224 893 259 0.055902824
181 325 206 358 0.05103707
17 295 44 333 0.048199844
896 376 929 416 0.048032057
991 344 1022 392 0.046942074
151 330 176 362 0.044122577
276 423 312 475 0.043834966
187 279 212 311 0.043046523
202 326 229 359 0.042724404
424 306 453 341 0.042590167
691 377 730 424 0.040347572
967 345 997 388 0.03994272
738 466 777 506 0.035960454
4 324 30 361 0.035916995
314 425 358 483 0.03291173
999 278 1022 312 0.03176486
180 356 203 384 0.030877039
132 324 157 355 0.030398287
779 296 811 337 0.029948832
271 180 303 222 0.029156582
402 208 432 249 0.027148172
233 302 260 338 0.026752565
256 300 284 338 0.026431352
178 377 205 410 0.026139157
207 353 231 383 0.026074564
946 362 976 404 0.02499905
227 327 253 360 0.024902644
796 249 830 290 0.024157662
460 325 490 361 0.024030248
206 381 232 413 0.023839189
98 359 128 395 0.02333125
278 322 311 360 0.022594506
133 357 159 389 0.022161085
322 201 356 244 0.021328807
348 343 379 383 0.021044157
73 328 99 361 0.02076179
794 99 827 137 0.020729234
