2_Demonstration_Demonstration_Or_Protest_2_385
287
283 534 319 579 0.8937409
79 452 105 485 0.5273839
321 460 347 494 0.52186453
14 555 40 590 0.50136936
29 475 60 514 0.48555502
821 601 850 640 0.42759448
216 459 242 492 0.3881204
225 477 255 514 0.3676305
744 470 773 506 0.3589536
151 403 176 435 0.3459506
612 494 639 526 0.33819082
610 425 634 457 0.3187628
391 529 422 567 0.3095094
878 473 907 509 0.30157325
22 377 46 406 0.29825577
802 409 826 439 0.29596674
580 454 606 486 0.25392598
389 500 421 539 0.2533558
476 584 508 627 0.2515736
122 506 148 538 0.25155663
458 387 482 415 0.24614124
41 507 72 546 0.24159744
177 511 207 547 0.24142292
668 383 691 411 0.24019998
509 478 538 514 0.23839816
788 324 813 353 0.2205493
685 463 709 495 0.21328975
333 386 356 414 0.18763097
362 452 388 486 0.18354535
380 356 402 382 0.17538364
991 397 1016 434 0.16873586
397 403 420 431 0.16673248
738 275 760 302 0.16332401
486 377 508 406 0.15492976
864 402 887 434 0.15392312
590 431 614 461 0.14982486
563 410 585 439 0.14823948
53 412 77 442 0.14270672
675 561 698 590 0.14160465
541 409 564 438 0.141191
82 380 104 408 0.14051405
279 329 300 356 0.13826089
836 327 858 355 0.1360368
949 322 971 350 0.13363102
564 304 585 330 0.13187183
685 577 711 609 0.13077396
889 331 913 360 0.12687144
191 526 226 565 0.12468688
99 382 123 412 0.1241028
917 281 939 309 0.12350391
856 433 882 465 0.12235684
921 304 942 330 0.12174447
356 382 379 411 0.12101044
720 356 742 383 0.1176276
311 406 335 435 0.116722904
342 583 373 621 0.11581262
490 560 518 594 0.10760546
922 376 948 406 0.10327607
387 385 410 414 0.10124607
587 380 608 406 0.10121048
898 429 926 464 0.09889061
942 406 966 436 0.09883049
642 384 665 412 0.097618744
387 337 409 363 0.09702922
279 353 300 379 0.09645807
232 309 254 337 0.09633766
993 457 1020 497 0.09585017
660 362 684 390 0.09508522
644 330 665 357 0.09271764
586 357 608 385 0.08963776
328 332 347 357 0.08787857
130 432 154 463 0.08778341
237 355 258 381 0.08683376
693 308 714 335 0.086288
511 538 535 569 0.08564563
717 329 739 356 0.08473586
430 614 459 652 0.08439841
379 433 406 466 0.083882
639 455 664 488 0.08212255
486 303 506 329 0.08088759
944 460 969 493 0.080356546
509 332 529 357 0.07967726
976 278 996 304 0.078427196
337 531 363 564 0.07814358
246 501 276 540 0.07757529
564 533 588 564 0.07707418
555 331 577 357 0.07655835
99 435 123 466 0.07636592
438 335 458 361 0.075618714
144 599 181 647 0.07405643
543 382 565 409 0.07227839
359 305 381 332 0.07213144
566 284 586 308 0.071711995
408 429 434 461 0.07113388
336 554 363 589 0.0709304
50 459 79 496 0.07072322
765 382 786 409 0.07031392
285 311 305 337 0.069139704
253 355 276 383 0.06848336
747 381 769 409 0.0684715
739 359 762 387 0.06814772
738 408 761 436 0.06732483
108 526 135 559 0.06729709
919 458 946 493 0.06729395
734 429 760 460 0.06708621
311 430 337 460 0.067082204
612 334 635 363 0.0669596
72 355 98 387 0.06655622
812 452 839 485 0.06523153
505 359 527 386 0.064036265
922 405 948 438 0.061844364
529 507 555 541 0.061276324
356 283 379 310 0.061028767
224 438 249 469 0.060666483
178 381 200 408 0.060608804
440 354 462 380 0.06028165
74 333 98 362 0.059766095
462 564 487 596 0.05852821
51 281 75 312 0.05846082
671 306 692 334 0.058303464
812 379 834 408 0.056637745
773 311 797 342 0.056354977
891 352 915 383 0.055902496
822 361 845 390 0.055447225
948 426 974 459 0.05400567
793 453 818 486 0.05381728
477 430 503 460 0.053746037
10 349 36 386 0.05363315
147 554 177 590 0.05352829
620 390 642 417 0.053284816
975 335 996 363 0.053100556
718 477 742 507 0.051438715
823 311 845 340 0.05137238
360 510 388 546 0.051134467
465 302 486 329 0.051030647
590 477 617 511 0.050924513
205 385 227 412 0.0509109
543 555 567 587 0.05081269
564 357 586 385 0.050221164
256 379 280 406 0.04981153
543 356 565 383 0.048946112
280 456 303 486 0.04847129
260 331 282 360 0.048409577
921 325 942 352 0.048342608
444 398 468 428 0.048299532
409 336 430 362 0.048268646
94 484 123 520 0.047797944
612 561 638 595 0.047147147
129 385 153 415 0.046197686
73 408 96 436 0.045642618
26 402 51 433 0.045452546
636 402 658 431 0.0448483
477 630 507 665 0.044738535
455 530 480 562 0.04449816
430 456 457 488 0.04433788
155 505 181 540 0.04432343
458 360 480 386 0.044100046
557 637 584 668 0.043794088
2 504 27 537 0.043757357
181 360 201 384 0.043492727
540 306 561 334 0.043486785
533 530 561 568 0.042824734
686 536 711 567 0.04271585
920 259 943 289 0.042324632
181 482 207 513 0.041731924
696 328 717 353 0.041595604
899 306 920 333 0.041259255
973 426 999 461 0.041218594
220 556 254 595 0.04119855
203 404 228 434 0.04000847
565 383 588 412 0.03973967
328 353 352 382 0.039451487
437 305 457 331 0.0392908
78 508 104 541 0.038963962
726 256 752 289 0.038895242
661 330 683 357 0.03797785
283 479 308 510 0.037959598
583 536 609 568 0.037848867
637 432 663 464 0.037715666
719 512 743 543 0.037649646
458 334 480 360 0.037611447
299 511 329 548 0.037085645
281 383 303 410 0.036886767
720 379 742 407 0.03671522
741 331 764 358 0.036708917
493 329 514 355 0.036670856
739 308 761 336 0.035548892
435 282 456 308 0.035333887
3 455 26 487 0.035159465
206 356 226 381 0.03512967
306 125 332 158 0.035061773
104 403 128 432 0.034626555
693 358 714 385 0.034561634
635 508 661 541 0.03429095
254 310 275 338 0.034087013
478 404 502 434 0.034040038
284 433 309 465 0.034001887
849 477 877 511 0.03391575
876 309 898 336 0.033900835
940 381 966 413 0.03381098
864 503 896 539 0.033622287
586 280 606 307 0.033364017
561 609 586 640 0.03309986
286 404 310 434 0.033098362
585 306 605 332 0.03293696
204 332 225 360 0.03287935
664 509 690 541 0.032744054
231 380 253 408 0.03265314
686 429 710 459 0.03258483
971 305 992 332 0.032551747
441 556 466 589 0.032310918
363 330 385 356 0.03225347
515 306 537 333 0.03194806
770 433 795 464 0.031787544
161 309 183 337 0.031344686
103 557 132 592 0.03122086
179 550 213 591 0.03119538
26 300 51 331 0.031105569
767 359 790 387 0.030675773
979 258 1000 286 0.030345963
541 283 561 308 0.03030876
767 403 789 431 0.030291405
588 610 612 641 0.03028557
130 357 154 387 0.0302127
403 577 432 613 0.030184213
660 610 688 644 0.030108953
174 402 202 436 0.030031158
181 331 202 358 0.029661108
714 559 736 590 0.029458173
519 407 545 440 0.029388087
528 457 555 490 0.028308785
783 505 813 543 0.028153645
992 331 1015 362 0.028062638
816 477 843 510 0.028053274
373 632 407 671 0.028005412
743 532 768 564 0.027957762
386 312 406 337 0.027894588
337 309 357 336 0.027854193
418 281 438 306 0.02777035
337 281 357 308 0.027553525
681 405 707 437 0.027541265
487 505 515 540 0.02747955
350 402 374 431 0.027168492
198 568 235 613 0.02695374
153 328 174 356 0.026942689
772 638 800 672 0.026864426
516 285 537 311 0.026819974
95 326 119 356 0.026685419
83 308 107 336 0.026636375
542 583 566 614 0.026410095
257 403 282 433 0.026185257
585 633 612 664 0.026045892
849 378 874 411 0.025868116
792 359 814 386 0.025756095
642 311 662 336 0.025750976
764 533 791 567 0.025596699
158 357 181 384 0.025574371
355 476 384 511 0.02551898
257 433 285 468 0.025330205
687 509 713 541 0.025007006
783 479 811 514 0.024814183
511 633 542 668 0.024804471
688 283 709 309 0.024631238
683 600 714 639 0.024305413
507 604 537 640 0.024262141
620 278 643 307 0.02367657
833 616 869 661 0.023472488
459 455 485 488 0.023171391
639 280 660 307 0.023021132
74 559 106 597 0.022984684
488 456 516 491 0.022936834
545 259 567 285 0.022812646
611 607 638 639 0.022761855
612 530 638 562 0.022252483
414 308 435 334 0.02213927
858 608 893 647 0.022087814
148 456 176 489 0.022012275
892 379 916 409 0.02200468
590 587 615 618 0.021967243
593 506 621 541 0.021792807
947 356 974 388 0.021411868
638 584 664 616 0.020789836
69 278 95 309 0.020730613
591 259 613 287 0.020516703
0 434 22 463 0.020400861
788 650 825 693 0.020183755
671 281 693 309 0.02014037
