2_Demonstration_Political_Rally_2_171
41
850 656 904 730 0.63770014
625 671 674 732 0.32812974
427 599 459 640 0.31318375
308 501 332 533 0.18366186
347 678 386 723 0.18049261
435 660 462 694 0.179545
97 633 136 676 0.16496702
305 654 332 690 0.13884291
459 608 489 646 0.11462389
42 713 88 763 0.10348601
458 656 488 696 0.096760534
580 683 617 726 0.085225314
422 679 458 724 0.07578991
888 689 957 761 0.07431967
123 584 152 623 0.067587666
515 684 548 727 0.066598825
150 716 189 761 0.06337446
199 646 227 677 0.062802196
438 531 463 564 0.058735684
894 394 936 453 0.053562693
736 715 790 770 0.036420524
555 703 601 759 0.03306585
838 597 1003 750 0.032542814
324 663 358 706 0.03163923
479 592 515 634 0.031028086
279 681 311 723 0.030559622
422 722 461 763 0.029762166
382 496 413 534 0.028973056
249 680 287 726 0.028614266
53 652 81 686 0.027154887
412 632 441 670 0.025453756
362 502 386 534 0.025003258
367 689 432 753 0.024079982
75 631 151 709 0.023924112
564 634 589 666 0.023288451
536 669 568 707 0.022299075
142 603 172 639 0.022189146
139 184 189 244 0.022104466
293 635 318 668 0.021483479
449 512 473 543 0.021440923
441 434 465 467 0.020094343
