2_Demonstration_Protesters_2_369
31
536 370 644 505 0.9780914
961 200 1024 306 0.8006033
270 437 378 581 0.78115195
786 324 831 387 0.31267333
611 255 647 303 0.3124818
760 285 807 355 0.2001216
799 177 885 279 0.17215692
654 295 692 344 0.14797714
852 0 914 62 0.12200629
989 59 1020 106 0.11157452
926 117 963 165 0.09981165
97 333 138 389 0.08860196
177 61 243 148 0.07584488
19 486 139 647 0.06100641
729 407 827 535 0.053490825
610 289 647 340 0.04959475
823 308 878 372 0.04273854
638 353 672 398 0.040052563
654 408 701 467 0.03654061
818 321 911 447 0.035125367
752 238 808 309 0.031377465
71 277 157 396 0.027688997
326 350 358 389 0.026151706
8 281 105 425 0.024402285
356 348 388 388 0.022754233
760 196 799 242 0.022330869
317 372 361 429 0.021503601
906 -1 989 106 0.020274315
310 276 345 321 0.020253858
93 382 137 438 0.02016441
687 318 723 367 0.020047193
