2_Demonstration_Demonstration_Or_Protest_2_368
45
875 247 902 282 0.5447335
742 229 767 260 0.27025855
641 229 664 257 0.116674155
728 248 753 278 0.0636817
956 266 992 312 0.059109103
857 250 880 280 0.047297325
672 256 700 289 0.047131803
620 229 641 255 0.04708219
761 227 787 261 0.04636504
377 208 414 252 0.04386622
865 87 895 125 0.042022854
670 230 697 261 0.03989735
157 226 187 261 0.03741808
971 132 1013 189 0.03559144
789 152 818 185 0.03494813
5 12 49 65 0.03304088
921 116 951 158 0.031007063
950 172 979 210 0.030510066
871 123 900 160 0.030084651
438 411 460 441 0.030002536
615 250 640 281 0.029982472
968 223 999 261 0.029433023
639 248 665 281 0.02938683
898 197 926 231 0.02822597
563 351 588 383 0.027343644
896 115 928 156 0.024743617
889 271 918 307 0.024121493
919 303 946 338 0.023547467
726 209 750 240 0.02349494
820 252 842 280 0.023349483
838 411 868 448 0.022209644
666 180 689 207 0.022139933
565 229 589 257 0.021994831
955 200 982 234 0.02193464
406 295 438 334 0.0218013
486 434 508 462 0.021723755
779 178 803 208 0.021568974
640 204 664 234 0.021070035
589 254 616 285 0.021008944
746 386 770 417 0.02081407
616 129 645 165 0.020596344
951 352 982 392 0.020398544
274 403 305 438 0.020275757
770 2 799 33 0.02005242
924 247 951 284 0.020001128
