2_Demonstration_Demonstration_Or_Protest_2_450
60
461 370 498 415 0.6304252
593 274 629 318 0.335198
748 330 773 362 0.2742662
192 259 254 336 0.2517844
885 330 909 361 0.21041003
691 295 719 331 0.16188423
409 322 438 360 0.14709671
429 316 462 360 0.118698224
454 303 481 338 0.1171712
785 395 813 432 0.09581769
849 353 873 382 0.09149742
305 348 334 387 0.08408256
722 323 748 357 0.080528945
920 429 948 464 0.07220935
947 360 970 391 0.07140377
926 359 951 391 0.06781722
619 257 664 310 0.06729601
486 335 516 372 0.06698072
29 383 56 417 0.058095604
869 352 894 383 0.055848755
388 324 416 360 0.055017978
475 430 513 477 0.049138017
995 351 1019 385 0.0488925
823 378 848 410 0.046534836
629 424 754 576 0.04577577
327 354 356 391 0.045303345
795 358 821 389 0.040817063
434 346 471 393 0.040694613
360 325 385 358 0.040184077
210 917 265 973 0.037775468
765 313 789 345 0.037222218
672 279 703 322 0.037077595
789 330 814 360 0.03676868
945 451 975 491 0.03449351
372 434 452 544 0.03402564
952 329 975 357 0.030187689
567 291 597 334 0.029112346
898 380 922 410 0.02775781
644 882 697 943 0.027544877
404 375 439 422 0.025406178
925 330 947 358 0.025325356
760 345 791 382 0.024395457
976 355 1000 388 0.024180306
281 340 315 386 0.024034962
966 377 993 412 0.023593592
718 281 745 316 0.023560863
825 403 850 436 0.023452405
502 449 539 499 0.023233434
828 333 851 362 0.022256944
351 352 382 393 0.021775749
997 275 1023 313 0.021765642
345 497 432 625 0.021443384
877 407 903 439 0.021298809
460 466 498 517 0.021111337
383 348 416 391 0.02084922
450 433 524 524 0.02076772
995 424 1023 464 0.020754516
971 329 995 361 0.020640513
818 430 845 464 0.02044396
494 614 596 728 0.020292621
