2_Demonstration_Protesters_2_351
32
231 108 265 151 0.52110064
555 0 621 71 0.3811699
105 4 157 66 0.28388909
374 -3 420 40 0.22564732
530 97 573 150 0.1602401
627 48 663 90 0.13657196
908 10 948 55 0.13471337
429 54 466 101 0.13043146
51 246 81 281 0.095361724
246 267 277 307 0.064403675
159 226 190 264 0.05992525
732 5 776 48 0.04303523
102 217 138 257 0.042556886
395 563 439 621 0.03697281
16 -4 63 43 0.03554701
515 136 550 182 0.032675017
218 89 279 165 0.02924443
118 239 155 282 0.027415559
841 281 882 338 0.02642635
3 54 33 100 0.026348747
-1 272 28 323 0.025251616
963 64 1013 133 0.024762375
572 96 611 142 0.02474699
478 38 521 98 0.022965737
171 199 206 240 0.022915948
892 2 965 91 0.02253659
673 8 731 67 0.022003712
345 27 394 84 0.021357495
197 171 227 208 0.021098103
500 108 570 194 0.02099242
206 270 240 311 0.02080444
66 -1 114 52 0.020012917
