2_Demonstration_Protesters_2_163
57
523 326 572 384 0.31766424
704 398 756 461 0.14841302
508 256 534 289 0.11243198
711 341 749 388 0.095645934
640 323 673 363 0.07957093
802 404 852 469 0.079275265
200 109 239 156 0.073854096
489 253 514 285 0.056245394
661 344 698 389 0.056064803
411 452 444 495 0.053655323
600 496 673 582 0.052051164
742 409 802 484 0.051652104
579 388 627 451 0.05081437
513 361 594 459 0.049338527
771 102 791 128 0.049170736
26 234 54 267 0.046445537
128 179 155 215 0.04373238
636 120 660 150 0.040708464
649 441 693 499 0.038656287
521 471 593 569 0.03827181
311 202 337 234 0.03824418
535 156 559 185 0.03756985
661 176 686 207 0.037489653
514 156 536 186 0.037009038
589 397 670 498 0.03641965
363 303 390 339 0.03615138
147 171 175 210 0.036115214
125 252 158 295 0.034033515
488 324 518 366 0.032869983
945 515 1027 614 0.031670503
82 202 107 234 0.030478079
667 153 692 185 0.02989247
960 19 985 50 0.029857216
601 208 628 240 0.02912762
684 438 728 498 0.027567713
464 231 491 264 0.027316434
809 468 858 528 0.026583426
796 126 817 153 0.025904719
558 309 593 351 0.025758507
654 385 713 457 0.025398161
786 371 827 424 0.025275074
854 447 902 504 0.024619613
102 197 129 231 0.024114579
596 107 617 133 0.02408732
429 433 469 482 0.024038244
535 273 564 308 0.023709418
254 154 280 188 0.02334555
742 151 767 181 0.023134792
85 223 113 258 0.022504678
413 155 435 182 0.021873035
-1 196 21 229 0.02085572
991 97 1016 136 0.020846516
343 131 362 157 0.020774394
463 197 488 228 0.020673659
324 171 352 207 0.020653833
618 102 641 131 0.020519065
283 151 309 186 0.020382086
