2_Demonstration_Political_Rally_2_5
340
314 227 343 263 0.48988464
866 441 893 474 0.40215477
752 404 777 435 0.34505123
818 103 844 135 0.33951578
386 100 413 133 0.30767065
606 380 629 409 0.29859236
641 349 662 375 0.28079578
669 260 690 287 0.22886191
790 147 813 175 0.22344996
443 122 469 155 0.18884109
642 123 664 151 0.16791725
759 103 783 134 0.16252433
921 77 945 108 0.16165304
687 258 709 285 0.15503219
255 250 279 281 0.15055595
464 360 489 392 0.14328906
948 407 973 439 0.13113214
719 235 739 261 0.12757269
799 406 822 434 0.12546016
668 206 688 232 0.12185211
459 103 482 134 0.11894213
460 40 486 72 0.11803267
622 303 643 330 0.1176129
740 230 762 256 0.11609835
441 25 466 58 0.115429714
689 202 710 228 0.11237925
594 360 617 389 0.111752294
197 146 226 182 0.109547265
508 354 531 384 0.10833859
967 401 992 434 0.1059412
664 335 687 363 0.10560413
483 96 509 128 0.10482121
205 254 227 284 0.10431678
585 207 606 233 0.103953294
920 432 941 459 0.101519264
258 228 284 259 0.10143996
771 277 795 307 0.10064991
868 231 893 262 0.10059379
816 327 836 352 0.10040193
332 125 354 152 0.1001924
993 431 1015 463 0.09940149
949 42 972 70 0.097922474
515 148 540 180 0.09677854
587 124 608 150 0.0964273
483 254 505 281 0.096192956
943 153 965 180 0.09608959
897 334 918 361 0.096072204
482 353 508 386 0.09528934
612 71 634 99 0.09417155
868 355 891 384 0.09375325
899 279 924 311 0.09245441
897 43 921 72 0.09205625
691 124 713 152 0.091211505
845 248 868 277 0.09091137
970 353 991 381 0.09016635
744 120 767 149 0.08960377
791 354 813 381 0.08929993
895 246 920 277 0.08816813
563 100 585 129 0.08744602
796 96 821 128 0.08720502
554 256 577 284 0.08708682
850 336 870 361 0.086012356
535 229 556 255 0.08573783
812 276 834 304 0.08475672
351 306 376 338 0.08380295
350 225 377 258 0.08306581
512 228 537 259 0.082981825
925 150 947 177 0.08027533
537 169 562 199 0.080258794
864 281 885 309 0.07973219
715 126 738 154 0.079068474
308 154 332 185 0.07746703
849 407 871 435 0.077463455
870 96 893 125 0.07725919
769 254 792 282 0.076471925
792 383 815 412 0.0754333
950 381 971 407 0.07521464
833 122 856 152 0.07511536
890 434 916 468 0.0749237
232 255 257 286 0.07484265
669 101 691 130 0.07479083
611 397 636 429 0.07453538
763 180 785 209 0.072776854
940 79 964 108 0.07266495
865 77 887 103 0.07245338
587 155 611 186 0.07235953
711 428 734 455 0.07194666
991 197 1016 231 0.0718238
864 378 887 407 0.07091943
234 77 254 102 0.07005261
948 334 971 365 0.068783544
514 307 536 335 0.06831516
268 176 295 209 0.06819862
923 252 947 282 0.067946486
616 172 639 199 0.066894695
971 179 995 211 0.06631022
817 76 843 107 0.066188134
714 331 738 363 0.06618692
488 174 513 205 0.06584823
698 406 720 433 0.06506919
562 75 584 103 0.06492959
767 18 792 47 0.06475093
688 102 712 131 0.06382757
357 203 383 236 0.063624814
638 384 659 411 0.06353236
330 20 354 49 0.06350615
588 103 610 131 0.06348859
814 196 837 225 0.06335599
940 272 963 303 0.06313481
638 177 660 203 0.062087122
849 354 871 382 0.061304096
820 52 844 80 0.061274175
848 381 870 408 0.060635194
796 178 821 208 0.06049813
738 252 763 282 0.06019578
818 255 840 283 0.060056906
847 74 869 102 0.060046673
919 277 942 306 0.059726574
798 334 819 360 0.059708916
508 174 532 204 0.059057333
556 277 580 306 0.05880748
561 175 583 202 0.058702346
848 304 869 330 0.058655594
872 156 895 183 0.05828917
482 50 507 81 0.057762317
920 46 942 74 0.05731508
487 331 510 360 0.057121374
329 150 354 181 0.056849215
284 24 306 51 0.05669189
569 205 590 231 0.056254175
845 202 867 228 0.056167673
333 46 356 75 0.056143686
488 229 511 259 0.055462006
662 226 683 253 0.054912236
841 152 863 180 0.0545363
893 354 915 381 0.054524668
226 148 253 182 0.05432721
179 250 206 283 0.053978473
946 229 969 257 0.05377335
842 178 864 205 0.053708192
331 101 354 131 0.05348573
532 127 556 157 0.052416913
715 101 738 129 0.052313697
866 48 890 77 0.051776398
504 72 529 103 0.05153523
638 155 660 182 0.051216125
663 19 687 49 0.051052455
944 129 967 156 0.05102721
32 284 56 313 0.0509464
587 333 609 359 0.050836217
763 386 788 418 0.050696
819 383 841 411 0.05055362
922 351 944 380 0.05031536
279 101 302 129 0.049978018
793 278 816 307 0.04947737
846 51 868 79 0.04927736
565 227 587 253 0.049031906
973 230 995 259 0.04833447
566 123 589 151 0.04825845
692 54 713 82 0.047984622
614 255 638 284 0.047650196
276 74 298 101 0.04733858
740 154 763 180 0.046818543
637 283 658 309 0.046581406
282 50 304 78 0.046515476
633 49 657 79 0.046399698
182 228 208 258 0.045751017
614 103 637 132 0.045505796
613 207 635 234 0.045409348
868 337 888 362 0.04527013
561 303 584 332 0.04514972
919 200 943 228 0.044872593
465 76 488 105 0.044854816
199 103 222 132 0.044731986
155 232 177 261 0.044704054
543 104 567 133 0.044451684
902 403 926 433 0.044323105
310 103 334 134 0.04422557
813 459 838 489 0.043927405
282 153 309 186 0.04392003
897 128 921 158 0.04372633
714 50 736 78 0.043526664
358 285 384 315 0.043334108
181 27 205 57 0.043238163
643 226 667 256 0.042988367
745 173 770 206 0.042645037
563 53 586 82 0.042592995
543 381 566 409 0.04226604
663 128 685 155 0.041781694
993 223 1017 255 0.04148089
82 225 104 252 0.041446317
108 182 131 209 0.04138697
617 227 638 253 0.040785335
970 153 992 182 0.040409803
770 75 793 103 0.040028628
921 175 946 206 0.039827615
716 181 738 210 0.03974025
0 274 21 306 0.03955838
36 459 62 490 0.039102398
766 232 787 258 0.038990255
479 121 507 156 0.038633898
509 329 531 358 0.038613666
714 75 736 102 0.038381986
669 76 691 104 0.038125325
408 45 432 75 0.03800461
898 382 923 412 0.037973493
801 304 822 330 0.037736572
483 26 509 57 0.037708532
260 77 281 104 0.037598934
665 182 686 208 0.03757867
902 76 927 107 0.0375148
280 122 306 152 0.0373675
27 149 52 178 0.03694651
638 72 661 102 0.036718816
710 302 734 333 0.036689572
638 25 661 53 0.036667712
660 403 683 432 0.036627293
0 97 22 130 0.0363655
538 307 561 337 0.036093522
540 357 562 385 0.035953972
741 56 762 82 0.035916016
719 149 742 177 0.0358922
538 50 561 80 0.035808314
921 452 946 482 0.035735253
592 76 617 106 0.035543025
509 49 535 82 0.035461776
50 150 74 179 0.035315912
255 153 281 187 0.03524504
693 332 714 360 0.03517292
511 204 536 233 0.035163082
76 50 98 78 0.035031963
52 102 74 129 0.03497665
996 97 1018 128 0.034965202
131 232 155 262 0.034684043
742 459 765 486 0.03461598
435 144 460 174 0.034462657
664 150 686 177 0.034313418
109 73 132 103 0.034312814
975 427 999 458 0.03399795
561 355 582 383 0.033989795
815 427 839 456 0.033476777
794 255 816 285 0.033461668
709 279 732 308 0.03337252
226 203 253 236 0.033240825
945 202 970 231 0.033119492
229 96 252 125 0.032716833
790 53 814 81 0.032643996
635 404 660 435 0.03264119
895 151 917 179 0.032108687
278 247 303 279 0.032058038
307 50 330 79 0.03191068
992 406 1015 440 0.031620197
644 255 666 283 0.031387836
73 25 95 52 0.03128143
694 228 717 256 0.031129247
355 379 379 410 0.031090548
389 43 414 74 0.031079208
75 147 99 176 0.031005787
149 122 171 151 0.030738998
770 52 794 80 0.030696519
24 102 48 132 0.030593602
403 75 428 107 0.03049334
565 331 588 360 0.030430418
536 207 559 234 0.03038567
618 330 640 357 0.03012881
486 272 510 301 0.02997632
670 50 692 79 0.029968707
48 127 72 156 0.029863235
785 21 810 52 0.029753786
846 23 870 53 0.029693814
772 151 795 179 0.02953449
261 97 284 126 0.0295326
505 409 533 441 0.029194107
259 127 282 156 0.02872365
106 250 131 282 0.028640443
246 272 273 305 0.028386999
669 456 692 484 0.028285395
822 233 843 260 0.028255597
541 401 567 432 0.028230991
941 171 968 205 0.02820207
102 145 126 174 0.028121773
307 22 332 52 0.028087491
773 355 796 383 0.02795337
354 148 378 178 0.027752442
25 247 50 279 0.027523173
695 386 718 414 0.027467463
767 300 789 326 0.02744175
131 21 155 51 0.02741931
849 450 878 484 0.027390141
128 54 152 83 0.027300296
333 74 357 106 0.02680196
819 21 844 51 0.026796954
587 50 613 82 0.026735116
100 228 124 257 0.026561324
148 48 173 78 0.02628327
126 178 150 207 0.026143743
400 117 431 155 0.025953898
434 77 459 107 0.025896607
794 428 819 457 0.025722627
866 208 890 236 0.02566844
589 402 615 433 0.02562334
873 123 900 155 0.025036551
969 73 992 103 0.024913702
746 203 769 231 0.024627829
715 452 741 483 0.024597809
355 126 380 156 0.024475714
998 122 1021 154 0.024362436
713 21 738 53 0.024001226
183 80 207 107 0.02392656
186 124 213 157 0.023869524
687 454 712 485 0.023797428
914 299 937 328 0.02377129
22 72 46 101 0.023757568
995 353 1017 385 0.023726467
795 231 816 258 0.023565883
201 47 224 75 0.023452593
974 274 1002 311 0.023283014
133 151 156 180 0.023265935
742 3 769 33 0.02314253
510 282 533 309 0.023082867
99 200 122 230 0.023006767
758 425 782 455 0.022788964
588 278 612 308 0.022655722
736 329 763 363 0.022523269
505 97 532 130 0.02235899
236 24 259 53 0.022143438
821 151 843 178 0.022128658
587 305 610 334 0.021879738
468 329 492 359 0.021825932
946 302 968 330 0.021688655
358 99 383 132 0.021637075
566 23 591 54 0.021599948
298 210 358 280 0.021581104
75 179 99 208 0.021204522
50 179 74 208 0.020928964
993 248 1017 281 0.020662816
616 23 639 50 0.020472083
670 304 692 330 0.02027476
76 74 97 101 0.020147154
104 21 126 50 0.020041853
