2_Demonstration_Demonstrators_2_41
41
388 366 487 528 0.981216
207 184 252 241 0.9218676
396 185 434 233 0.91344595
641 453 676 499 0.6308451
825 503 868 553 0.5604591
960 506 996 552 0.30757213
752 422 786 468 0.29940775
256 92 286 132 0.22371697
949 428 977 463 0.1980901
863 504 892 540 0.17288356
810 27 887 127 0.10489274
696 448 732 493 0.09581935
753 278 785 319 0.09567442
766 503 789 533 0.05872258
929 429 954 462 0.056748383
513 542 546 585 0.056209955
720 347 750 387 0.05492981
506 210 544 254 0.05420467
925 526 964 572 0.045936063
795 401 823 438 0.0450932
888 429 915 461 0.042377714
885 506 913 545 0.04066154
960 405 997 449 0.039584998
918 276 955 324 0.03918339
988 529 1016 569 0.03609036
891 452 919 486 0.034274023
739 500 770 537 0.027223952
795 528 825 566 0.026393803
399 227 445 289 0.026296852
987 427 1021 471 0.026158193
604 327 634 365 0.024211649
987 264 1018 309 0.023476576
937 470 1007 558 0.022790434
889 327 920 371 0.022121403
434 286 478 349 0.022014568
584 423 621 479 0.021805335
884 264 963 364 0.02163706
818 327 848 364 0.021051088
786 422 817 465 0.020973155
872 411 903 449 0.020826885
559 549 594 597 0.020266853
