2_Demonstration_Political_Rally_2_410
88
640 451 727 554 0.9972332
249 501 319 587 0.9860563
7 526 62 599 0.92087543
736 463 792 536 0.83995754
176 483 233 554 0.8366827
548 513 597 583 0.783676
854 413 894 467 0.6600917
467 454 503 501 0.5533164
493 483 540 543 0.5222915
359 438 390 477 0.43179038
407 488 440 532 0.26338306
259 419 286 453 0.251924
759 307 791 347 0.21615854
91 393 120 430 0.21608259
306 382 330 413 0.20690681
144 516 185 568 0.17625192
712 335 749 388 0.12321832
157 386 181 418 0.12002104
928 451 957 487 0.10986296
948 438 976 474 0.10802632
889 296 921 336 0.095305674
1 400 35 448 0.09099472
992 423 1021 465 0.09029201
456 409 481 445 0.08704247
208 408 234 440 0.082198836
813 431 845 472 0.08094216
381 450 409 488 0.077942796
109 450 143 495 0.07475902
763 352 808 412 0.06864579
586 417 627 469 0.068212755
176 388 201 418 0.067133255
530 385 562 423 0.05729897
594 379 625 418 0.0562339
416 429 443 465 0.056036647
490 338 522 379 0.054620627
368 353 393 386 0.053190675
894 131 927 172 0.050976172
439 388 463 421 0.05037694
976 209 1010 257 0.048631404
133 357 159 391 0.04774712
332 452 362 490 0.046596617
278 414 305 448 0.04649624
331 386 356 418 0.04534579
454 482 504 548 0.04519394
814 527 858 585 0.042858243
658 574 709 631 0.041024666
597 320 631 364 0.03915712
47 407 73 442 0.037344392
919 326 951 369 0.036669582
409 383 437 420 0.036377076
307 433 331 464 0.035797384
835 145 869 185 0.03540604
310 453 339 492 0.03466257
420 490 466 551 0.03357563
231 411 256 444 0.03353715
896 509 940 562 0.033517558
509 427 538 466 0.033346973
482 411 512 450 0.032364648
790 301 823 344 0.031624053
943 476 975 517 0.031102115
76 335 101 370 0.030891668
723 398 762 448 0.029429184
758 478 830 570 0.029290102
161 538 210 598 0.029248761
383 375 409 410 0.02897126
460 139 489 177 0.028823556
941 545 980 602 0.028329363
171 426 205 467 0.028256174
970 447 1005 493 0.027736135
856 516 912 591 0.025536591
132 406 158 439 0.025506278
539 425 572 469 0.025221085
603 348 640 397 0.025206858
478 561 530 626 0.024535306
514 141 543 178 0.024086744
722 129 749 165 0.023376448
867 333 906 388 0.023050865
338 363 361 394 0.02258109
604 465 651 531 0.022397297
957 632 1005 691 0.022158962
756 216 794 268 0.021634001
574 366 643 456 0.021069847
385 407 410 440 0.020946827
431 201 459 238 0.020842245
6 362 37 407 0.020707076
874 202 908 248 0.02064057
724 343 786 427 0.02062333
888 424 922 467 0.020322995
