2_Demonstration_Protesters_2_779
42
4 336 120 493 0.9915421
973 412 1015 469 0.93060535
554 400 638 503 0.8977977
611 337 654 391 0.5526561
117 416 165 482 0.44796365
666 410 710 468 0.27420023
427 337 463 382 0.2507854
941 503 977 546 0.24292049
842 418 879 462 0.17689885
921 521 957 564 0.116528906
894 388 929 435 0.11242267
493 474 536 526 0.104802415
483 303 513 342 0.08309607
611 241 640 278 0.08120194
751 390 789 441 0.075049505
555 343 585 389 0.0688698
840 344 877 393 0.06709015
703 334 740 383 0.066558786
920 419 954 465 0.060557846
409 428 456 486 0.057333253
761 343 793 384 0.05427891
943 401 980 453 0.046087053
865 371 899 418 0.0394914
741 330 772 372 0.03603911
326 316 405 415 0.035298597
451 329 486 371 0.033842053
818 325 857 374 0.026816996
271 392 309 440 0.026648145
663 339 699 389 0.02547979
377 497 411 538 0.02452221
895 522 930 566 0.023672327
736 626 765 666 0.023119858
818 401 854 446 0.023063986
452 447 484 494 0.022878451
402 304 442 359 0.02282617
936 545 973 593 0.022173405
306 389 374 475 0.02166608
511 438 582 528 0.020996736
960 375 998 424 0.020782333
970 547 1007 597 0.020748543
787 222 820 266 0.020555485
638 442 677 498 0.020486487
