2_Demonstration_Political_Rally_2_741
42
581 498 611 534 0.4858959
213 384 282 467 0.2702411
788 458 817 494 0.2618581
710 435 734 466 0.19010645
273 405 315 460 0.17961761
105 500 146 551 0.15152125
120 376 189 460 0.0944867
670 410 693 439 0.085221455
542 413 564 441 0.07585124
811 455 837 489 0.07366494
558 410 586 443 0.062160723
640 409 661 438 0.056945737
922 342 952 378 0.05620912
692 449 721 485 0.05381394
615 410 639 441 0.05162502
773 475 798 505 0.049291965
665 452 692 484 0.04712304
742 436 769 470 0.0420284
581 426 613 465 0.04115174
476 525 512 574 0.039585605
585 373 610 404 0.038862277
537 457 563 490 0.03803977
711 380 738 414 0.03725214
711 476 741 512 0.036123645
925 436 952 469 0.03575814
686 405 713 437 0.034153465
221 477 262 523 0.03352588
156 314 267 438 0.03187726
512 458 536 488 0.031477652
867 495 908 546 0.02937991
533 361 558 393 0.027659455
669 353 696 385 0.024901563
942 499 982 548 0.023567276
560 482 624 553 0.02320099
297 355 337 414 0.02252173
868 455 903 495 0.022196673
530 478 561 519 0.022132182
115 323 155 371 0.021623075
245 255 290 316 0.021265822
921 481 950 519 0.020763032
666 378 693 410 0.020195436
614 378 640 408 0.020159418
