2_Demonstration_Demonstration_Or_Protest_2_367
41
389 245 460 336 0.9896291
251 257 303 319 0.73655117
504 240 554 298 0.25401446
627 244 668 295 0.24074593
328 232 363 281 0.19317976
115 249 145 287 0.1837269
940 331 1023 433 0.17367798
181 298 213 337 0.1613036
41 249 71 288 0.1072377
705 195 733 231 0.07030165
283 229 334 295 0.06944793
261 172 289 207 0.065564714
858 235 900 294 0.057006128
75 243 105 281 0.053509925
630 283 678 345 0.053355005
773 355 817 406 0.04855485
223 223 255 263 0.043588273
154 294 186 332 0.041513223
483 126 516 168 0.04076036
828 191 908 304 0.038698006
98 444 136 503 0.038113102
275 186 317 234 0.0359202
536 612 582 665 0.034885976
200 199 229 240 0.032394666
96 309 131 352 0.031913467
462 201 601 357 0.031856563
82 358 111 397 0.031225514
20 -1 63 42 0.030054599
200 284 231 323 0.028696714
680 514 734 575 0.02664945
153 147 188 191 0.026266262
20 266 57 318 0.026262116
82 271 113 309 0.025262356
722 350 812 454 0.023696002
856 413 896 465 0.023661938
42 191 79 236 0.022786405
71 203 103 244 0.022340463
294 21 335 66 0.022305569
856 359 904 418 0.022111231
3 402 29 448 0.021630168
381 664 414 706 0.020638825
