2_Demonstration_Protesters_2_131
149
404 575 431 611 0.20549822
463 539 485 569 0.20390339
604 512 629 545 0.19754459
556 485 580 516 0.14751685
663 561 686 588 0.10615512
557 542 579 568 0.10571867
562 561 584 589 0.089030124
434 484 458 514 0.08606511
255 594 280 624 0.085497014
488 542 511 572 0.08387115
720 563 742 591 0.08256505
772 486 793 512 0.081722066
307 611 333 644 0.07823986
512 540 535 569 0.07690651
677 462 699 488 0.07357125
591 567 613 593 0.0712359
720 491 740 517 0.07072025
309 538 329 563 0.065960206
201 429 228 460 0.065039776
483 409 510 444 0.06333126
308 562 329 588 0.063314445
180 591 203 621 0.062429238
181 537 203 566 0.061403044
339 565 362 593 0.059300493
283 560 306 587 0.058607414
205 557 230 587 0.057742782
623 591 647 621 0.0571045
951 562 977 597 0.056879267
512 488 534 517 0.05435201
718 539 741 567 0.05424981
668 510 693 540 0.053497124
339 513 361 541 0.052968472
19 484 43 514 0.051168963
282 615 306 648 0.049330927
125 617 149 646 0.048514545
721 439 743 468 0.047661696
237 588 261 618 0.047588043
517 431 540 460 0.045098256
158 588 184 620 0.04458822
359 512 382 540 0.0440099
442 538 466 569 0.043929562
154 537 175 564 0.043798257
753 267 789 315 0.04365086
592 586 615 614 0.042966746
206 615 231 645 0.04016024
234 509 256 536 0.040041633
415 466 439 495 0.040015604
716 619 742 651 0.03947382
362 587 387 618 0.0389788
411 539 433 565 0.038585775
75 594 105 630 0.038343366
696 512 718 540 0.037885316
492 482 515 512 0.037723005
284 513 306 540 0.037541013
442 508 466 537 0.036444336
749 486 771 515 0.03629107
105 489 130 519 0.036205094
357 329 382 361 0.036182966
488 582 511 611 0.03578261
311 517 331 542 0.034375772
233 538 255 564 0.03391102
748 586 770 615 0.03317939
262 563 285 589 0.03262992
362 536 385 563 0.032494344
739 17 845 133 0.03176038
163 515 186 544 0.0316798
664 540 690 570 0.031662077
645 486 666 512 0.031578276
386 541 407 567 0.031491134
271 180 314 233 0.031203086
697 534 719 564 0.030988462
313 482 334 508 0.030875735
332 484 353 510 0.030295542
564 466 588 496 0.029575052
31 587 57 618 0.0295558
210 492 231 517 0.029550396
697 563 718 591 0.02947571
646 542 671 573 0.029183514
130 561 153 590 0.029140987
230 564 253 592 0.029103285
430 126 464 168 0.02903094
223 410 251 445 0.028862039
280 329 307 362 0.028296322
977 510 1002 542 0.027905852
540 465 566 496 0.02779613
58 511 81 539 0.027643643
739 565 762 594 0.027580677
182 561 205 589 0.027550472
792 489 813 516 0.027425274
337 535 359 562 0.027020266
457 615 483 648 0.026988976
693 487 716 515 0.026987819
281 589 305 620 0.026959458
744 616 770 649 0.026764847
828 560 852 589 0.026673928
668 485 692 513 0.026629636
378 608 405 641 0.026507795
279 273 316 321 0.026440429
745 508 768 537 0.026425445
469 463 491 491 0.026372952
184 461 206 487 0.026263079
198 378 224 410 0.0257329
667 582 691 611 0.025689479
304 245 339 287 0.025612326
206 590 231 619 0.025612189
125 587 149 618 0.025518809
693 439 715 467 0.025454206
616 564 639 591 0.02544776
258 539 282 567 0.025128724
873 537 895 565 0.025030214
19 532 44 561 0.025021147
386 512 408 540 0.02489122
229 609 256 642 0.024828644
255 509 279 539 0.024571829
470 429 494 459 0.024469703
745 463 766 491 0.024368804
8 516 29 546 0.024280513
591 434 614 462 0.023855861
329 585 355 617 0.023692936
894 485 919 516 0.02365596
898 591 924 623 0.023470797
136 540 158 567 0.02336347
411 513 434 539 0.023018898
45 565 70 594 0.02289251
461 589 483 617 0.022604331
438 587 464 618 0.022556856
920 20 1028 139 0.022487171
847 563 870 591 0.022484528
767 461 792 492 0.022442555
542 582 566 611 0.02201499
622 460 642 486 0.021991225
461 485 482 513 0.021975653
637 463 658 489 0.021910729
853 512 875 540 0.021857759
633 607 662 643 0.021783788
492 385 520 419 0.021126602
125 513 147 541 0.021040421
873 559 893 585 0.021022346
282 488 303 513 0.020938402
494 509 518 539 0.020909084
648 509 673 541 0.020821078
872 514 894 541 0.020709567
58 431 84 463 0.02069457
261 490 283 516 0.020488957
153 559 177 589 0.020370996
280 432 302 459 0.020191738
613 490 635 518 0.020161811
262 431 285 459 0.020125948
700 135 748 192 0.020001912
