2_Demonstration_Protesters_2_817
30
301 568 329 601 0.5478863
481 597 519 640 0.16801155
358 568 383 598 0.16732149
382 558 410 590 0.13939571
535 109 573 157 0.12208689
331 564 359 598 0.11549132
457 141 534 237 0.10783883
299 608 333 652 0.097657606
406 559 432 590 0.07233221
708 574 776 651 0.06860589
591 139 641 192 0.06529069
619 240 655 285 0.056072652
513 548 550 590 0.05075084
498 196 596 309 0.04234657
433 554 461 588 0.032246746
677 249 717 292 0.032181807
536 116 616 205 0.031396434
93 505 132 547 0.030671505
257 569 288 609 0.029506069
406 581 435 615 0.02659823
483 529 559 610 0.026453085
666 219 706 266 0.026169516
563 609 591 646 0.025016652
364 543 391 574 0.023940263
611 185 654 240 0.02343857
668 88 702 137 0.022418017
609 221 688 310 0.022389123
564 559 588 590 0.022179525
536 609 566 646 0.021116162
641 39 673 79 0.020904262
