2_Demonstration_Political_Rally_2_867
91
72 512 105 552 0.70170265
332 536 371 587 0.41581413
180 559 217 609 0.36355153
648 486 678 526 0.29538757
483 500 510 536 0.21512796
923 371 948 403 0.16162753
99 347 127 385 0.15718162
149 357 178 393 0.14822498
63 450 90 486 0.13811588
796 434 823 469 0.12825684
432 504 460 538 0.12745744
755 591 799 648 0.110022634
459 501 494 543 0.10912835
943 373 968 405 0.1063865
921 508 958 554 0.10164383
176 409 201 443 0.098148674
658 540 685 575 0.097277366
154 409 182 444 0.09092206
905 547 948 600 0.090886004
182 502 216 545 0.09037379
944 452 976 491 0.087726295
919 480 951 519 0.08627647
821 509 850 545 0.08259938
123 506 150 541 0.08050976
44 407 69 436 0.08029179
125 351 155 390 0.07770149
613 486 640 522 0.075606994
439 526 469 563 0.074452825
387 503 412 537 0.07295506
198 528 238 578 0.072578095
116 326 146 366 0.069555104
846 636 903 693 0.059930827
411 487 442 525 0.05947509
354 511 382 545 0.056623876
791 506 817 538 0.05611033
79 379 103 410 0.0545994
818 403 843 434 0.05402451
774 411 799 444 0.051772077
51 386 77 417 0.050919984
0 387 21 417 0.04786242
2 514 23 545 0.04364079
270 559 304 603 0.042701922
896 381 923 413 0.042304937
170 348 199 385 0.040671572
375 531 407 573 0.039351795
309 528 342 572 0.03846159
880 594 933 658 0.03823675
151 585 180 623 0.03776424
130 408 160 445 0.03717885
13 531 46 569 0.03705399
873 402 901 436 0.034987807
27 427 54 460 0.032780576
818 607 853 649 0.03260653
510 483 538 524 0.031874917
176 450 208 491 0.03120544
724 383 749 415 0.030680466
158 559 188 598 0.029649746
79 404 103 434 0.029241288
485 553 513 588 0.02840821
771 529 797 562 0.02762737
737 402 762 436 0.027553463
29 388 54 420 0.026602428
844 436 869 468 0.0265642
698 462 723 493 0.026139935
270 602 307 651 0.025702342
915 436 982 515 0.025023483
244 369 280 413 0.024654973
0 326 27 369 0.02454393
609 534 639 571 0.024492858
438 456 464 489 0.024222735
690 535 718 570 0.024154738
412 526 440 562 0.023923209
778 486 803 517 0.023865769
709 512 734 543 0.02364337
955 322 986 358 0.02360005
713 481 737 513 0.023470946
844 407 867 436 0.023176145
288 512 317 548 0.022983955
506 536 536 574 0.022943405
68 541 105 586 0.022429537
556 480 583 516 0.022395803
714 563 744 599 0.022232777
52 581 81 617 0.022211215
773 362 795 390 0.021854034
197 403 227 439 0.021626342
740 564 770 600 0.021457836
815 447 843 483 0.02114828
453 547 490 589 0.021126918
190 548 261 631 0.020993857
768 589 845 674 0.020734997
132 561 162 598 0.020423034
