2_Demonstration_Demonstration_Or_Protest_2_914
67
260 42 290 81 0.64456654
202 91 233 133 0.24614954
42 48 70 83 0.17916672
284 148 311 183 0.15256879
169 69 202 115 0.12197418
819 154 851 193 0.10139922
235 48 262 83 0.07940222
300 311 325 343 0.068984635
147 121 176 157 0.068446435
78 47 107 84 0.057690717
177 118 204 152 0.05534839
134 96 161 130 0.05240957
249 362 274 394 0.05222963
867 97 896 131 0.049899813
795 77 822 109 0.04645769
130 147 163 188 0.04510256
513 309 534 335 0.044266634
917 117 949 155 0.04402701
363 46 388 77 0.043192565
798 127 826 163 0.043172263
408 102 433 133 0.040310323
303 23 332 59 0.03938572
689 130 716 164 0.038445577
562 331 589 364 0.03756941
384 51 409 82 0.036234573
384 102 408 134 0.036209274
246 28 306 100 0.036129303
29 25 58 60 0.035232816
431 358 459 391 0.034659885
581 403 607 438 0.034309942
363 149 388 180 0.034236062
743 120 771 153 0.034132384
953 20 995 67 0.034099277
413 153 441 186 0.033901546
841 125 870 165 0.032254104
379 123 406 157 0.031875648
223 75 251 111 0.0315352
772 97 797 128 0.030945214
183 355 209 389 0.02928565
942 99 975 138 0.028874047
412 360 437 391 0.028550524
721 121 747 155 0.02843819
75 123 108 161 0.028406128
594 311 613 336 0.027647592
298 170 329 207 0.027507287
362 97 389 132 0.026435886
865 147 898 192 0.026197372
493 309 514 336 0.0257093
97 96 125 130 0.025067732
52 180 81 216 0.024550922
893 76 927 116 0.024239184
364 335 386 362 0.024189543
534 311 557 339 0.023932343
462 327 484 354 0.023624392
303 126 332 163 0.023169216
381 330 403 357 0.022816338
969 87 998 126 0.022328164
406 51 436 87 0.021974785
97 29 126 64 0.02188215
180 149 209 186 0.021693934
275 358 302 391 0.021572134
387 279 411 308 0.021546174
383 359 409 392 0.021469628
922 24 958 65 0.021075176
621 330 644 359 0.021037787
252 282 275 310 0.020696359
400 409 429 445 0.020571122
