2_Demonstration_Political_Rally_2_891
31
494 39 645 222 0.99862146
308 273 442 452 0.9882798
32 379 73 433 0.7281475
185 394 228 451 0.34063494
103 339 136 381 0.31899643
7 465 55 527 0.15838903
26 257 50 290 0.15550828
44 254 71 290 0.09806248
118 222 147 260 0.09765018
77 342 110 388 0.07184098
104 297 131 331 0.063853286
235 299 267 344 0.05709029
182 353 218 398 0.053137258
65 504 105 564 0.042142283
372 156 457 261 0.0415127
94 557 131 602 0.03980779
63 371 101 424 0.03856621
160 251 185 285 0.03726638
122 282 149 316 0.036469992
69 251 97 288 0.036069144
49 320 83 363 0.035216942
250 198 287 252 0.033512466
178 302 202 333 0.032726318
188 222 226 268 0.02681505
3 324 33 367 0.02609776
213 386 262 452 0.02524989
92 398 134 448 0.02313038
224 292 292 382 0.02240935
149 349 179 387 0.022283198
9 271 37 308 0.020739263
19 301 56 345 0.020390643
