2_Demonstration_Political_Rally_2_329
138
755 400 834 505 0.99371946
486 317 563 410 0.98123115
140 341 199 417 0.977289
310 311 373 388 0.9693843
936 290 984 350 0.96262866
127 233 168 285 0.96045357
271 202 305 245 0.83357376
196 193 232 236 0.80434424
878 342 928 407 0.72017986
812 205 846 248 0.5700452
74 133 110 179 0.5073382
469 247 503 290 0.4112841
8 193 41 236 0.40270847
937 209 969 251 0.3375087
130 177 159 215 0.31932083
988 245 1019 291 0.31064776
769 176 798 213 0.30707303
701 331 737 377 0.30161962
329 193 356 229 0.23315322
497 559 548 611 0.2300467
28 121 58 159 0.22635452
834 175 860 208 0.1885109
379 279 412 325 0.18690903
876 152 901 183 0.1861692
655 241 683 277 0.18440388
508 412 553 472 0.1507065
617 205 641 239 0.13435729
567 253 593 287 0.13122165
323 398 357 443 0.1292914
71 206 102 245 0.10354105
45 200 75 241 0.10290672
899 270 931 313 0.10167192
539 258 566 292 0.08791387
899 172 925 205 0.087827474
927 528 979 590 0.08729502
658 304 685 338 0.086674035
841 225 867 259 0.083444506
540 121 566 153 0.07633833
509 254 540 292 0.07608444
786 152 815 188 0.07262264
249 424 302 494 0.07057881
226 94 255 129 0.06913107
413 556 450 603 0.067189485
947 149 974 182 0.06638531
970 152 992 181 0.0652114
767 252 797 292 0.06387742
849 273 877 310 0.061208025
124 102 150 135 0.05955137
180 152 209 189 0.057491187
867 233 893 267 0.05743638
224 220 255 259 0.056242533
757 555 805 616 0.055632252
172 95 200 130 0.05388116
187 50 212 81 0.053324368
267 319 308 370 0.05273548
609 277 639 318 0.050795157
360 176 385 209 0.048578788
847 127 870 155 0.0481371
667 199 692 230 0.047981426
363 153 388 184 0.047959637
484 123 512 156 0.047589686
739 225 763 256 0.04626578
884 427 922 475 0.04610842
106 66 136 103 0.04525857
575 233 599 262 0.043627173
836 69 864 105 0.043355707
591 119 620 153 0.04144973
533 230 555 258 0.039836287
870 130 896 161 0.038737085
75 109 103 143 0.03872983
892 102 917 133 0.03863666
405 227 433 263 0.0383792
2 99 25 133 0.03692201
173 120 203 158 0.03650115
310 80 333 110 0.034085777
751 271 778 308 0.033484716
49 107 76 142 0.033324618
25 264 59 310 0.033109035
988 450 1024 499 0.033039786
635 202 662 236 0.03277834
33 350 71 396 0.031285934
968 171 995 204 0.030885678
809 515 858 574 0.03074941
999 167 1025 203 0.029397307
388 77 409 105 0.029216481
332 225 359 260 0.028717838
564 105 589 138 0.028330095
435 252 462 289 0.027796203
846 365 896 428 0.02776929
640 325 669 361 0.027722767
256 149 285 187 0.027656564
788 293 826 341 0.02760853
456 577 495 617 0.027544718
520 199 546 233 0.026968624
154 151 185 191 0.02684221
967 424 1000 465 0.026785834
97 163 132 206 0.026432065
295 440 334 492 0.026078718
773 125 800 158 0.025644993
204 74 229 106 0.0252783
512 121 538 154 0.02512698
955 210 1004 269 0.02511998
778 230 803 262 0.025047844
305 196 333 234 0.024926424
874 442 936 519 0.024642726
747 148 771 180 0.024482306
95 568 141 617 0.024404237
146 472 188 533 0.024379317
409 79 432 108 0.02435162
896 75 921 105 0.024280882
-3 69 20 104 0.024164615
691 199 715 230 0.023896663
405 200 431 232 0.023879334
715 4 749 39 0.023854967
825 95 851 128 0.023517761
175 212 212 259 0.023358844
255 270 291 315 0.02332158
917 249 947 286 0.023198232
382 177 406 208 0.023164965
717 256 743 291 0.022967977
332 80 356 109 0.022917932
690 229 715 262 0.022851652
394 289 437 347 0.022577813
91 344 131 401 0.022569684
361 78 381 105 0.022457318
252 93 281 128 0.022079319
657 403 699 456 0.02150725
821 245 853 284 0.021469047
387 201 411 232 0.021315947
890 124 915 157 0.020836346
225 178 254 219 0.02068973
120 288 160 341 0.020628517
24 300 58 345 0.02038126
993 323 1023 367 0.020239053
427 296 467 350 0.02023435
356 250 390 293 0.020210087
422 346 462 401 0.02019503
662 352 699 394 0.02012435
