2_Demonstration_Demonstration_Or_Protest_2_79
41
795 592 825 627 0.14585936
596 587 616 614 0.12629084
727 591 751 623 0.119192414
955 328 991 378 0.11110876
915 456 942 491 0.09509285
822 538 846 569 0.09502225
557 614 583 646 0.086666256
747 543 769 571 0.07795996
669 565 692 594 0.075709105
779 608 805 640 0.07397338
817 560 842 591 0.060932398
690 562 712 589 0.05885537
648 563 669 591 0.05529273
504 479 531 513 0.05283216
771 9 820 57 0.052478563
870 431 893 461 0.05099734
544 593 569 622 0.05091065
643 540 664 567 0.04932626
846 565 871 598 0.048268404
508 639 537 675 0.04473111
899 637 929 671 0.039973713
472 577 504 619 0.0386555
869 568 893 599 0.03783819
512 509 540 544 0.032255266
592 537 615 566 0.031994656
905 432 929 463 0.02997467
843 610 873 646 0.029898817
518 588 544 622 0.029747395
643 510 664 537 0.028583178
613 630 647 669 0.028064476
761 557 785 587 0.027854789
974 394 1009 447 0.02609635
806 511 829 541 0.024693469
769 460 794 491 0.024157127
690 490 711 517 0.022991939
691 582 715 612 0.022723129
991 478 1024 532 0.021795074
816 485 841 516 0.02031101
871 496 906 540 0.020295212
938 21 1012 109 0.020214643
566 564 588 593 0.020051263
