2_Demonstration_Demonstrators_2_170
50
931 170 1008 263 0.9921226
867 188 926 261 0.93796885
320 127 371 198 0.8720866
740 143 798 216 0.70870537
598 101 643 157 0.6006994
45 104 83 147 0.54658514
868 326 918 387 0.37959582
548 272 581 317 0.18291365
239 95 268 135 0.16826199
70 168 100 207 0.15839486
98 310 127 347 0.1458668
947 339 981 380 0.12386852
480 197 519 250 0.09449084
985 23 1020 73 0.09166389
526 141 564 192 0.07990669
644 40 679 84 0.06492021
188 101 221 143 0.058714118
116 324 147 365 0.057518993
459 165 499 213 0.055325475
219 220 259 275 0.05477321
156 353 191 398 0.05435081
552 168 585 211 0.048316687
714 115 750 161 0.044037525
414 49 447 94 0.0437938
148 174 180 214 0.040435467
994 93 1024 137 0.03676921
585 136 624 186 0.03604346
691 44 724 87 0.03538379
334 329 366 369 0.035379503
531 41 565 84 0.03385966
687 115 722 162 0.032359987
3 102 31 143 0.03219345
104 198 132 235 0.032189727
560 73 595 119 0.03180595
185 134 224 182 0.031347513
893 321 968 401 0.030455034
660 108 699 165 0.030430203
164 199 229 277 0.02911773
507 215 543 264 0.028085707
740 103 774 143 0.027345842
914 -4 950 33 0.026887672
729 295 774 350 0.024555452
528 250 565 298 0.024227677
45 195 73 230 0.022644708
558 118 595 165 0.022478344
864 272 917 337 0.020443395
799 90 831 136 0.020282662
437 142 476 191 0.020225342
177 481 207 524 0.02013047
119 219 153 263 0.020043481
