2_Demonstration_Protesters_2_559
36
821 252 881 325 0.6297556
685 153 730 215 0.34558043
459 152 523 230 0.24723011
321 147 385 224 0.17837021
918 213 978 287 0.104053274
440 256 488 318 0.10384904
723 416 783 496 0.101980925
613 136 659 193 0.09551155
300 220 353 284 0.07524592
703 118 739 162 0.07157368
829 171 879 231 0.06468771
842 121 881 169 0.050213147
888 154 924 200 0.049960833
163 168 213 231 0.04958254
6 20 77 122 0.048238415
789 138 832 195 0.043636244
600 258 657 324 0.04100576
330 194 415 292 0.040923465
559 210 601 268 0.037395038
575 368 618 423 0.03677095
393 285 476 390 0.03648452
397 130 438 181 0.03598222
657 138 700 198 0.035865415
531 135 576 191 0.035318483
600 208 656 277 0.034882855
683 304 727 363 0.030260429
505 187 565 270 0.02799927
788 388 830 439 0.02756229
858 174 917 249 0.02683602
992 245 1026 298 0.025453445
513 265 592 363 0.023749735
760 113 808 180 0.023686197
886 429 918 467 0.021708347
882 262 926 317 0.021384165
24 178 64 229 0.020208359
437 444 512 534 0.02007408
