2_Demonstration_Demonstration_Or_Protest_2_895
151
494 362 531 408 0.704236
207 376 242 423 0.5783164
679 333 704 365 0.4735565
280 302 304 332 0.4099067
118 273 146 308 0.3748162
621 333 646 364 0.32424608
54 295 84 333 0.30498147
214 402 258 462 0.29947993
365 324 393 361 0.27043992
816 302 842 332 0.24580865
375 341 408 383 0.23242478
584 423 613 460 0.23011203
580 354 608 387 0.21966292
260 305 284 336 0.19681662
440 308 463 337 0.185864
537 283 559 311 0.17905957
610 276 635 308 0.175809
201 282 224 312 0.15806244
791 427 817 463 0.14567971
601 478 632 518 0.14400287
302 280 325 311 0.1434298
185 271 208 303 0.13689959
941 300 971 336 0.13579254
411 307 437 338 0.13501737
35 280 59 310 0.13383886
248 325 272 356 0.12882483
837 350 866 386 0.12573889
792 333 818 363 0.11890197
618 256 642 287 0.11411426
634 346 661 379 0.11304546
920 280 942 308 0.11211434
871 308 894 339 0.0987991
638 246 662 279 0.097818464
556 275 578 303 0.09760605
590 598 619 637 0.09483122
691 308 715 337 0.09115366
642 382 670 417 0.09075994
637 456 661 489 0.08896729
569 406 595 439 0.08671575
669 256 693 287 0.08370668
151 273 176 304 0.078796335
969 302 994 334 0.0717662
990 322 1016 358 0.06790093
336 281 358 310 0.066356115
814 324 840 356 0.0656533
590 306 618 339 0.06562761
772 358 796 390 0.06414773
969 278 994 310 0.06361724
460 355 488 391 0.06353421
740 354 768 389 0.062763706
769 283 792 313 0.05977949
870 378 900 415 0.056806903
312 358 337 389 0.056750618
586 329 614 364 0.055631302
604 433 634 472 0.053315945
796 281 821 313 0.051577173
920 406 948 440 0.051000245
563 378 585 407 0.049696658
564 338 587 369 0.049219035
459 281 483 311 0.048035257
48 451 88 505 0.047779005
332 303 355 333 0.04749605
482 255 506 284 0.04711412
786 375 814 409 0.04500402
900 274 927 307 0.044794366
456 324 482 356 0.044547174
0 253 22 286 0.044396803
744 252 766 281 0.04427893
515 295 546 333 0.044266604
595 260 617 291 0.043558255
766 427 796 467 0.043501325
764 232 787 259 0.043282297
722 278 745 308 0.0429844
522 141 552 177 0.04243839
837 304 864 338 0.042363573
717 325 742 357 0.042262323
254 283 279 314 0.041218605
659 398 687 433 0.040715277
326 379 357 420 0.040312827
229 303 258 339 0.03992968
353 431 385 473 0.03958549
305 388 342 437 0.039492667
546 259 569 288 0.039425973
182 372 212 412 0.039040778
865 259 887 289 0.038768977
740 277 764 308 0.038641084
540 329 567 364 0.038346328
48 263 75 296 0.038216848
744 300 769 331 0.037971266
800 252 826 282 0.037259065
948 248 974 281 0.036509197
974 354 1006 397 0.036239345
151 300 181 337 0.035977796
508 2 533 31 0.03556786
617 382 645 416 0.035419714
890 325 919 359 0.03536221
350 399 378 435 0.034710657
184 399 221 449 0.03420653
484 304 514 338 0.033909794
379 430 411 473 0.033669777
413 124 444 163 0.03361579
891 352 919 387 0.032905035
389 277 412 306 0.032238584
968 250 996 285 0.03141213
436 354 463 388 0.030807845
485 327 519 368 0.030626018
204 319 237 359 0.030365242
922 320 952 357 0.029466707
868 353 894 385 0.029395826
152 370 184 410 0.028967239
432 405 464 447 0.028748814
356 278 378 306 0.02870774
97 416 157 492 0.028508684
237 256 263 288 0.02842386
821 231 845 260 0.028314441
840 426 872 463 0.027892655
643 505 671 540 0.027504673
922 353 955 395 0.027395079
272 392 314 446 0.027212176
535 432 562 464 0.027083548
408 256 432 285 0.02672655
669 306 693 336 0.026684694
246 347 276 386 0.026549865
303 329 327 359 0.02638866
693 480 721 513 0.025619479
737 330 765 363 0.025582979
547 477 578 515 0.025178384
197 97 223 131 0.025130227
512 253 534 282 0.02507511
723 254 745 283 0.024443708
562 303 588 336 0.024160022
440 281 463 311 0.024137776
120 318 157 360 0.023966279
108 297 139 335 0.023903754
739 423 778 471 0.023765493
621 233 645 262 0.023309253
657 482 683 513 0.022833183
484 429 512 464 0.022206903
184 299 212 336 0.022143189
123 352 157 391 0.022132069
640 303 664 334 0.022105077
405 424 440 468 0.021983681
560 455 589 490 0.02192318
334 326 360 358 0.021624058
54 177 80 210 0.021408351
512 430 539 463 0.021251062
794 484 822 520 0.020915655
844 279 868 310 0.020877374
428 200 453 232 0.020503724
558 225 584 255 0.020354372
291 262 315 291 0.020315886
