2_Demonstration_Protesters_2_684
189
948 471 978 509 0.40878844
846 387 874 422 0.2770458
910 410 933 440 0.2099125
201 380 225 410 0.15570065
254 298 280 330 0.15271074
866 513 890 542 0.14415991
437 429 461 458 0.11264077
233 287 255 317 0.099098414
816 458 841 488 0.096018665
870 433 892 461 0.08932071
722 408 746 437 0.088916466
24 314 55 350 0.08735434
357 383 380 411 0.08566759
414 486 442 521 0.08456522
310 410 332 438 0.084418096
335 405 356 432 0.083945595
873 302 897 331 0.0837445
589 278 613 307 0.0827599
224 412 246 440 0.082069516
468 386 491 415 0.08026027
306 431 329 461 0.079863496
303 384 325 410 0.079036914
259 378 281 404 0.07682146
189 360 212 390 0.07591013
5 510 30 549 0.07469828
685 245 715 282 0.07422323
409 384 432 411 0.07335651
686 540 709 570 0.072757065
563 333 587 364 0.0715924
694 379 718 410 0.071257375
335 329 359 358 0.07098566
900 512 922 541 0.0700655
540 434 562 463 0.06939696
725 431 749 460 0.06938708
463 407 487 437 0.06914942
559 460 580 487 0.068295166
490 334 513 364 0.06676347
544 326 568 358 0.063149
740 408 764 437 0.062382344
104 493 125 520 0.06037633
898 335 925 368 0.06024328
589 305 613 335 0.058878817
517 362 540 392 0.057139844
333 306 359 337 0.05693129
78 311 102 340 0.05381005
310 494 332 520 0.053204145
226 431 250 461 0.05199651
179 306 202 334 0.051304217
769 300 792 329 0.05076135
414 407 437 435 0.05030295
876 484 901 513 0.050153945
744 482 768 512 0.048507463
696 406 720 436 0.047765315
922 512 948 543 0.047759894
745 385 767 413 0.047629755
288 362 309 389 0.04699425
850 462 873 491 0.04590783
595 387 618 415 0.045710415
673 357 697 387 0.045653313
151 351 174 381 0.04548297
766 382 790 411 0.04537263
719 385 741 413 0.045295607
134 334 159 365 0.04493553
921 334 945 364 0.04486506
533 381 556 409 0.04473014
107 379 129 410 0.04270538
647 464 669 491 0.04269517
616 334 638 362 0.0419185
483 400 505 428 0.041809365
587 329 612 359 0.041716058
207 558 233 588 0.04113118
312 305 335 334 0.040951442
124 387 147 417 0.039096434
890 278 913 306 0.038932335
307 53 333 86 0.038034923
340 358 362 385 0.03782671
179 330 205 360 0.0377332
234 511 259 541 0.03729097
820 336 842 364 0.036955204
233 356 257 387 0.036923867
870 460 895 490 0.036258977
524 412 546 440 0.036249526
353 516 376 543 0.03568693
469 281 490 306 0.035542503
156 584 180 615 0.035113443
724 357 745 384 0.03468622
618 462 639 488 0.034517907
669 559 694 589 0.033993874
659 484 684 515 0.03352522
719 458 743 487 0.033348285
232 456 259 488 0.032804396
725 333 750 363 0.032673176
464 309 485 336 0.032646276
820 305 841 331 0.032449894
389 384 414 414 0.032414544
926 462 953 497 0.032207817
828 506 851 536 0.03166898
230 485 255 516 0.03127721
385 408 407 435 0.031244872
846 569 879 609 0.031100295
520 303 544 333 0.03072729
612 484 635 512 0.030673446
440 310 461 337 0.030671498
922 385 945 416 0.030658718
72 605 98 637 0.030403318
210 286 232 315 0.030117618
851 301 875 330 0.029892942
614 406 636 433 0.02953752
822 480 847 511 0.02952666
614 436 637 464 0.029179614
128 489 151 519 0.029165335
802 337 823 364 0.02905233
766 406 789 435 0.028683422
671 381 696 411 0.028646914
568 309 592 339 0.028492793
305 363 328 391 0.028451238
24 409 49 439 0.027993089
900 463 923 493 0.027972238
462 329 485 359 0.027835825
646 566 670 595 0.027721893
598 536 620 564 0.02754781
874 355 900 387 0.027376635
848 483 873 514 0.02731781
948 384 974 417 0.027240481
235 536 259 565 0.02706723
559 438 583 469 0.02699775
554 483 578 512 0.026834559
535 358 559 388 0.026756562
769 360 793 390 0.026732832
438 383 459 410 0.026648432
443 360 465 388 0.02614729
881 259 906 289 0.026019624
795 283 818 312 0.025910705
876 328 902 361 0.02590493
289 411 312 440 0.02590052
540 282 564 309 0.025851643
23 380 47 410 0.025601879
949 353 973 384 0.025520634
568 408 591 436 0.025304746
50 284 71 310 0.025270188
391 332 413 359 0.02524414
43 436 68 467 0.025130093
826 284 846 310 0.02495821
849 525 877 557 0.024821486
442 329 464 357 0.024558757
644 331 667 361 0.024247762
278 304 303 334 0.024246635
387 360 411 390 0.023999095
491 460 516 493 0.023953514
846 551 920 631 0.023811651
313 284 333 311 0.023698546
972 280 996 311 0.023683675
309 331 333 360 0.023660615
664 435 685 462 0.02362461
975 333 1002 366 0.023601344
80 384 104 415 0.023593105
182 284 205 313 0.023588628
260 409 284 438 0.023559408
750 283 772 311 0.023502449
929 256 951 284 0.023470502
516 434 540 464 0.023210077
613 280 638 312 0.023168828
281 282 306 312 0.022761658
844 334 869 364 0.02267208
740 460 766 490 0.022660384
84 488 107 518 0.022634307
742 360 765 389 0.022563983
774 335 796 362 0.022421557
133 538 156 567 0.022152042
356 304 379 334 0.022052431
154 384 176 413 0.021683924
612 304 636 334 0.021460291
206 335 230 365 0.021370959
486 279 509 308 0.02131879
828 401 857 436 0.021176543
669 331 692 359 0.021166172
464 482 488 513 0.02107879
332 285 356 314 0.020969374
83 360 108 391 0.02090759
614 354 638 383 0.020770825
646 203 670 233 0.020767123
437 284 457 309 0.02058197
971 537 1003 577 0.020560266
847 359 871 388 0.02051526
413 306 435 333 0.020409873
6 378 27 408 0.020305121
645 384 668 413 0.020260323
670 309 693 337 0.020168351
892 305 916 334 0.020022178
