2_Demonstration_Demonstration_Or_Protest_2_120
165
10 489 77 566 0.7679652
991 474 1017 511 0.44285563
821 512 848 546 0.41091567
786 475 813 509 0.36236656
197 411 225 447 0.32558247
716 427 737 453 0.3254804
709 557 745 598 0.2937118
894 384 918 415 0.29045704
632 506 663 542 0.27092025
665 440 685 466 0.23658997
971 404 994 434 0.19885372
936 477 963 510 0.18231098
461 239 485 271 0.1717824
900 506 936 551 0.16935495
580 353 602 383 0.16903009
269 302 295 334 0.1433719
901 331 924 359 0.14124535
921 615 953 657 0.13764788
952 385 975 414 0.1361302
182 259 206 291 0.13213542
821 433 843 461 0.13051845
818 454 845 489 0.128967
103 301 128 332 0.12761433
478 297 506 329 0.1179642
847 429 872 460 0.117331505
280 328 311 366 0.11683277
342 298 373 338 0.11678157
874 385 897 414 0.11416932
171 224 195 255 0.113430806
968 586 1006 630 0.11107997
253 410 286 446 0.11057142
124 301 148 333 0.10128462
280 279 303 308 0.09713148
301 349 325 381 0.093049675
864 550 899 596 0.09223551
104 328 129 360 0.090299286
827 301 847 326 0.08843706
843 455 867 485 0.08363965
971 331 992 358 0.08187789
234 233 255 262 0.07929749
201 259 225 290 0.07646319
273 451 307 495 0.07596722
916 383 939 414 0.073052935
896 459 920 489 0.06905956
793 574 830 619 0.06554695
938 625 975 672 0.06367163
869 353 893 381 0.06320443
697 406 720 435 0.060288742
102 252 126 282 0.059951004
897 356 921 384 0.05958091
747 378 769 406 0.058130123
973 355 996 386 0.057151996
50 195 78 229 0.05672471
303 274 326 304 0.05658361
845 357 867 384 0.05633609
695 538 720 569 0.05624887
892 562 927 605 0.055205204
339 254 360 281 0.055153895
866 405 889 434 0.05377802
868 453 894 486 0.053049613
569 332 592 362 0.05289496
225 404 259 445 0.052621663
201 155 225 187 0.051848363
154 282 178 311 0.051286392
624 530 651 564 0.051181618
741 639 772 679 0.051038526
799 355 819 379 0.05088642
917 352 940 381 0.050251238
870 499 904 542 0.04980785
656 506 682 538 0.04979749
967 623 1010 679 0.04942828
255 330 283 366 0.048631106
465 280 491 312 0.04858885
819 361 840 387 0.0485506
993 372 1018 406 0.048245836
707 382 730 411 0.047324114
48 156 71 187 0.046491995
79 254 104 284 0.04643578
124 255 147 284 0.0459411
509 276 534 306 0.04535102
942 433 967 463 0.045045458
208 303 233 336 0.04498828
101 400 130 435 0.044499002
254 253 277 283 0.044425137
481 252 504 282 0.042906154
659 557 686 590 0.042338394
771 549 800 587 0.042254478
696 431 717 458 0.041580662
760 407 786 439 0.041162524
946 504 976 544 0.040124863
896 429 921 460 0.039426927
775 301 796 327 0.039346397
647 436 668 464 0.037932698
74 198 101 232 0.03705256
202 383 232 421 0.036885865
954 331 976 359 0.03672865
951 356 976 387 0.036517993
969 506 997 542 0.035403784
616 437 637 465 0.03494281
639 349 661 377 0.03414507
149 325 175 359 0.033672936
840 529 869 570 0.0334017
846 380 868 408 0.032819103
175 303 200 335 0.032794796
972 285 995 314 0.03252067
337 356 360 388 0.03237838
798 381 820 407 0.032291297
796 408 822 440 0.032279924
850 336 870 362 0.032178566
81 354 106 386 0.03185867
973 424 1001 461 0.031793494
532 458 554 486 0.031736847
83 278 109 311 0.031106735
122 429 161 474 0.030641505
843 479 868 511 0.030355955
353 256 376 285 0.030067421
22 254 48 286 0.029366085
6 399 31 437 0.02908579
897 309 920 336 0.029057037
150 454 185 498 0.029028654
354 355 382 390 0.028887756
120 346 149 382 0.02854542
989 403 1015 438 0.028145814
331 378 354 408 0.027932364
183 172 209 205 0.027382024
392 255 414 284 0.026524074
30 171 59 207 0.026512317
785 530 821 571 0.025884835
946 556 973 591 0.025703039
920 310 942 337 0.02566658
248 464 293 520 0.025664767
156 208 180 241 0.025417857
353 228 376 258 0.024866818
212 229 234 259 0.02452928
51 272 76 303 0.024401749
763 357 784 383 0.024311338
149 350 179 387 0.024064155
695 555 763 635 0.023828711
701 360 723 389 0.023654634
844 578 872 616 0.023650462
100 150 124 182 0.023647254
56 224 80 254 0.023390152
2 303 27 339 0.02290217
625 329 647 358 0.02288613
858 608 893 653 0.02275765
226 277 249 305 0.022442669
487 487 514 520 0.022245048
736 482 765 517 0.022236157
102 200 127 232 0.022081785
234 405 301 482 0.021954745
656 532 683 565 0.02146206
462 325 492 362 0.021160193
507 301 533 332 0.02101067
570 431 592 459 0.020950923
307 378 332 410 0.020872343
384 275 409 308 0.020853776
156 157 178 188 0.020801987
428 298 457 332 0.020777764
772 335 794 361 0.020766465
763 383 785 411 0.020726843
586 433 609 462 0.020652601
351 5 383 38 0.020637752
305 301 331 335 0.0204235
409 275 434 306 0.02036289
640 408 661 434 0.020080358
