2_Demonstration_Protesters_2_618
61
147 67 187 120 0.9941373
317 85 364 146 0.990682
705 47 747 102 0.9850153
243 48 285 102 0.9825209
363 163 419 233 0.98040694
481 15 523 67 0.9747922
521 168 571 229 0.97464186
937 157 984 219 0.97000253
823 228 892 312 0.962519
610 147 660 214 0.9622157
967 49 1005 98 0.93506414
603 12 643 62 0.92726225
462 259 515 328 0.9158335
450 188 495 242 0.89191294
252 234 305 302 0.89031816
-1 162 35 223 0.8163835
2 17 39 71 0.8014886
576 225 622 281 0.58022416
882 6 925 56 0.51577306
809 0 849 41 0.17079978
295 26 326 66 0.16495119
842 11 879 56 0.15313017
482 94 525 156 0.15218318
195 38 228 82 0.1334631
5 96 34 139 0.10957985
195 130 234 179 0.085534714
192 285 241 347 0.082088806
52 165 89 221 0.07231798
335 261 385 323 0.06589937
198 224 242 279 0.054383118
381 334 418 383 0.047228653
19 311 55 356 0.04501142
554 -2 593 41 0.04458515
810 142 860 204 0.044020083
662 23 700 71 0.043081187
398 -1 437 35 0.042436697
104 113 138 156 0.038215287
990 342 1026 399 0.037847158
220 255 268 323 0.037754707
940 13 984 70 0.037266225
759 405 805 460 0.036254812
77 245 113 293 0.03516693
988 93 1023 145 0.034767684
37 325 94 396 0.033562545
142 167 180 214 0.03200051
179 172 213 215 0.03196912
230 164 263 207 0.030469328
666 196 702 244 0.030180037
366 48 404 98 0.028079284
103 2 140 41 0.026928503
331 166 375 224 0.025032328
198 -1 234 37 0.024574915
729 138 780 208 0.02339795
154 19 184 59 0.022514427
328 17 361 58 0.022325296
399 268 434 320 0.021223854
728 17 772 70 0.021088818
531 91 576 142 0.020774292
339 398 429 507 0.020721272
154 198 228 289 0.02054524
144 274 224 366 0.02019003
