2_Demonstration_Demonstrators_2_196
234
408 617 431 648 0.274062
128 719 157 753 0.26239505
822 659 853 697 0.23415548
388 614 412 646 0.21207622
691 612 715 643 0.20568612
661 512 688 543 0.18493181
30 610 63 652 0.16585769
261 645 286 674 0.16138332
53 686 83 723 0.15913692
336 634 362 667 0.14917804
488 587 511 616 0.14636073
576 405 600 435 0.14064687
284 582 310 615 0.12465172
623 538 647 569 0.114780724
361 716 387 747 0.10398883
433 586 457 614 0.102375716
617 611 638 637 0.09911481
356 611 381 644 0.09539677
671 697 699 731 0.09514606
332 509 355 539 0.094063275
454 488 479 519 0.09216472
407 454 432 485 0.091257
18 723 50 759 0.09106092
430 539 455 570 0.08969298
358 667 382 696 0.08803245
588 644 610 673 0.08337047
489 461 509 487 0.08315978
484 608 508 639 0.08090277
365 456 387 485 0.07926096
392 437 416 467 0.0791987
24 585 52 619 0.07894894
234 664 258 694 0.07866257
285 407 305 433 0.078395076
77 707 107 741 0.078168295
145 636 169 666 0.07668196
310 689 334 720 0.07630555
310 514 332 543 0.07549009
537 434 559 459 0.07500558
483 327 506 358 0.07460091
744 591 768 621 0.07325463
441 382 465 411 0.0724295
637 659 661 689 0.071738474
431 610 455 640 0.07062504
668 590 691 620 0.070569195
385 456 407 485 0.06935389
365 687 389 718 0.06891459
691 542 713 570 0.06829036
443 337 465 365 0.06751508
232 719 260 751 0.0665342
940 656 970 694 0.06622572
284 461 306 488 0.06597174
566 388 590 417 0.06565105
921 634 949 670 0.065357104
330 354 352 383 0.0639689
98 665 123 695 0.062323652
264 562 286 591 0.06225324
282 387 304 413 0.061842397
436 668 458 695 0.061663818
622 438 644 466 0.06127378
644 383 670 416 0.060232673
570 565 596 596 0.06009239
276 654 301 686 0.058703523
464 334 485 363 0.058659434
492 407 517 438 0.058247857
13 666 39 700 0.057134632
380 486 403 516 0.056742836
235 611 258 641 0.056385238
568 642 593 674 0.05608257
93 689 119 720 0.055564664
145 688 170 718 0.05548808
385 255 407 285 0.055408653
763 612 788 644 0.055227716
133 664 160 697 0.05486455
201 684 226 716 0.054711163
335 532 359 562 0.052723173
398 169 430 210 0.05268803
465 558 490 587 0.051841177
189 664 212 692 0.05131878
719 638 742 667 0.050764028
541 380 562 407 0.05019116
619 642 641 669 0.050028943
438 432 460 460 0.050008044
540 410 561 435 0.050002605
290 434 310 459 0.049787235
988 421 1020 469 0.048277427
582 584 604 612 0.04821533
520 359 539 382 0.046657607
818 512 845 547 0.04643275
410 479 437 513 0.04582494
747 533 770 563 0.045464966
147 731 177 763 0.045303922
358 535 382 566 0.04516691
50 533 73 563 0.04492008
642 590 666 620 0.043793462
509 609 533 640 0.043773312
260 413 281 439 0.043320425
505 711 546 754 0.043165732
409 686 434 718 0.04271471
436 301 457 328 0.04207879
129 614 156 649 0.041706994
303 435 327 464 0.041500892
417 555 444 588 0.040558662
512 381 533 407 0.040360566
261 585 285 616 0.040130284
898 635 923 667 0.039616693
477 635 504 667 0.039039794
232 513 252 540 0.038862545
456 538 482 569 0.0388096
377 535 401 564 0.038501773
536 638 560 668 0.037965402
415 663 438 692 0.037568055
763 666 786 694 0.03704683
665 639 689 668 0.037015323
536 355 557 381 0.036868513
539 584 561 611 0.035691377
335 713 361 745 0.035429187
735 431 761 463 0.03531439
535 539 559 570 0.03530012
152 484 171 510 0.03509296
667 403 693 436 0.034937482
719 506 743 536 0.034843076
620 692 646 723 0.034337252
149 554 178 590 0.033898205
227 435 250 461 0.03374319
455 353 477 381 0.033590186
915 717 942 748 0.03346991
770 538 795 569 0.033335783
635 305 665 342 0.03315015
306 564 331 594 0.032908104
666 354 695 388 0.032723732
714 615 737 645 0.03262522
76 640 105 674 0.03239476
416 413 438 439 0.032321423
284 532 306 561 0.03230248
404 331 427 361 0.03229178
565 430 587 456 0.03207818
565 332 591 362 0.0318759
517 433 540 461 0.031614415
77 437 98 464 0.03114448
432 406 455 434 0.030131465
304 609 332 644 0.029946072
764 686 788 718 0.029589893
260 482 283 510 0.029569581
303 411 324 437 0.029558903
259 537 281 564 0.029455392
332 432 356 461 0.029305337
206 713 235 747 0.029240206
77 666 107 701 0.028814076
494 386 518 414 0.028813075
976 716 1011 754 0.028635826
488 509 514 541 0.028592002
336 558 358 586 0.02856044
188 588 213 620 0.028512845
458 435 483 464 0.028419254
342 591 365 620 0.0277277
588 507 613 536 0.027651135
635 610 657 638 0.027588235
669 457 695 489 0.027445948
252 687 277 718 0.027263403
638 356 664 387 0.027066246
558 537 587 570 0.027062818
760 718 786 749 0.026860865
561 486 584 514 0.026548553
76 491 99 518 0.026539244
253 431 275 456 0.026467167
540 485 563 513 0.026345212
618 406 640 435 0.026275398
381 380 403 407 0.026269639
730 193 760 232 0.026266648
613 180 640 212 0.02620512
229 561 250 588 0.026005516
199 641 224 673 0.02586021
235 638 258 668 0.025603365
338 412 358 437 0.02546865
434 463 458 493 0.025467573
585 324 611 355 0.0253248
743 635 767 663 0.025133131
793 579 821 614 0.02508158
661 660 687 690 0.025062438
50 510 73 540 0.025009423
944 258 971 291 0.024954056
639 714 666 746 0.024632202
521 557 545 586 0.024559176
126 537 151 569 0.02453807
514 661 540 691 0.02442892
719 534 742 563 0.024375068
561 711 591 743 0.02435579
104 728 136 763 0.024306187
793 640 817 671 0.024306176
991 606 1021 652 0.024263438
355 279 377 307 0.024234403
694 482 720 516 0.024167892
926 687 952 718 0.024149928
593 537 616 566 0.02412751
516 458 539 487 0.024083637
543 508 566 536 0.023794284
560 508 585 538 0.02376317
434 714 461 746 0.02363476
537 658 564 690 0.023612378
330 691 354 720 0.023588646
718 661 744 691 0.023584802
517 336 539 364 0.02343149
426 636 450 665 0.023424713
356 226 381 259 0.023345089
588 694 612 724 0.023224602
287 688 314 722 0.023203941
409 309 430 335 0.02308417
332 378 353 404 0.02284566
392 309 415 338 0.022751361
314 634 341 668 0.022493616
207 487 229 513 0.022347504
104 515 126 542 0.02232319
335 306 354 330 0.022034219
204 605 231 639 0.021766078
557 353 581 381 0.021729507
404 255 428 284 0.021708231
361 508 386 539 0.02147425
232 534 253 562 0.021387802
314 488 336 515 0.021227306
363 384 385 410 0.02110627
816 580 844 614 0.020959083
307 666 333 698 0.02070559
389 358 411 386 0.020680873
7 633 34 669 0.020391475
620 324 647 357 0.020351205
411 281 433 309 0.020166164
661 238 693 276 0.020161133
706 716 737 747 0.02016014
226 455 250 484 0.02014194
461 255 485 285 0.020110235
535 457 560 486 0.0200789
890 561 920 599 0.020071667
8 559 29 591 0.020050444
878 638 901 668 0.020047305
