2_Demonstration_Demonstrators_2_195
28
689 78 786 198 0.9788552
392 189 458 280 0.97426087
328 203 371 258 0.87249994
212 192 263 259 0.23355639
192 261 240 314 0.17663284
837 86 912 192 0.09910246
12 278 57 337 0.09672369
153 258 195 313 0.08846288
333 263 372 311 0.078992076
282 217 310 257 0.07832091
932 -2 982 43 0.05671807
630 1 677 50 0.04332121
669 179 755 281 0.042851068
45 218 77 256 0.037361506
480 148 516 192 0.036828555
479 97 509 136 0.032932002
467 71 498 112 0.030401262
171 214 220 275 0.030316142
559 125 594 167 0.028199017
539 248 574 290 0.02806779
600 162 659 241 0.026180832
1 195 31 241 0.025551092
839 12 882 60 0.023648975
444 211 495 276 0.02291912
62 375 128 470 0.020907912
130 244 166 298 0.020426411
216 142 269 207 0.020380491
255 356 287 397 0.020259162
