2_Demonstration_Demonstration_Or_Protest_2_665
23
491 461 678 704 0.99732506
381 565 474 691 0.9290462
789 571 853 655 0.8509369
857 494 915 585 0.68363047
324 572 366 629 0.18050784
698 567 741 624 0.108857654
959 1003 1021 1090 0.091035694
177 387 218 442 0.08328803
747 604 788 656 0.06540754
803 486 848 552 0.06537906
778 477 812 526 0.058870118
745 514 785 565 0.054079276
958 62 1012 134 0.046078905
973 831 1026 911 0.04256617
935 448 975 499 0.03472064
954 501 1008 578 0.03347754
712 1211 757 1270 0.033469107
925 1087 987 1173 0.032132108
500 1216 544 1266 0.030896802
766 530 814 594 0.029610727
904 1050 950 1111 0.029170625
10 1026 216 1260 0.02093474
316 568 396 674 0.020039119
