2_Demonstration_Demonstration_Or_Protest_2_98
298
366 489 395 524 0.7332345
558 486 589 525 0.67640394
520 530 549 567 0.44310856
820 519 850 559 0.31028172
612 557 638 590 0.29398233
405 21 428 51 0.2654747
382 409 406 439 0.25548974
586 330 609 359 0.23506744
298 207 321 235 0.21905987
201 427 227 458 0.21244563
390 380 414 411 0.1589982
123 402 155 441 0.15693142
536 388 567 425 0.15662271
289 569 316 604 0.1538595
583 271 608 302 0.14230959
719 276 742 304 0.14179936
415 79 436 106 0.13612744
415 460 442 495 0.13322523
44 499 73 534 0.13307835
387 354 411 386 0.13099392
968 224 990 253 0.12654443
326 460 353 493 0.12039711
335 559 363 593 0.11595025
486 228 506 254 0.110290736
252 97 273 124 0.106532484
339 279 364 311 0.10530318
603 581 633 617 0.102927014
688 253 713 283 0.09971617
228 382 251 412 0.09912167
98 510 124 540 0.099110484
553 564 584 604 0.09832406
128 258 150 286 0.0975677
518 253 540 279 0.09708937
55 183 78 212 0.09670871
492 305 514 333 0.094731316
509 123 531 150 0.094383486
329 429 354 459 0.092284754
100 531 131 568 0.08773346
925 143 948 172 0.086713694
157 257 179 284 0.08523616
211 309 236 341 0.082200795
670 255 692 283 0.08066491
225 409 250 440 0.080658406
440 272 463 300 0.07819702
635 148 655 174 0.07644074
573 130 594 158 0.07588945
488 455 514 486 0.075803146
634 539 660 572 0.07375858
401 552 432 589 0.07159779
254 376 282 410 0.07054878
282 514 305 545 0.07037847
635 277 658 306 0.07032408
489 564 520 601 0.069483735
332 535 357 564 0.068817094
307 286 330 315 0.068693906
211 281 232 306 0.068174124
950 300 974 330 0.06811612
839 457 862 486 0.067687355
18 451 43 484 0.06742103
410 204 432 231 0.06483207
431 478 457 511 0.0643982
210 96 230 122 0.06409642
534 72 557 101 0.06384309
17 336 42 367 0.06370768
540 462 566 495 0.06341244
487 208 509 235 0.06320211
636 306 659 335 0.06284222
510 152 532 180 0.062434923
-1 511 22 544 0.062308755
224 553 251 589 0.061933544
152 384 181 420 0.06138605
466 454 489 484 0.06137878
510 552 540 590 0.061103154
623 130 645 159 0.0609876
536 549 565 588 0.06081571
365 423 390 454 0.059898686
867 259 887 286 0.058802903
643 257 666 285 0.05847332
186 405 210 435 0.058262736
509 455 536 490 0.05752512
71 602 103 637 0.05635284
176 503 205 541 0.056262348
870 600 900 634 0.05591588
532 232 554 259 0.054269306
177 384 199 415 0.05061899
180 74 202 101 0.049620926
588 184 610 210 0.048958264
773 353 799 384 0.04757294
773 308 795 335 0.04734948
236 82 258 109 0.04734636
611 486 637 520 0.047318153
163 154 186 182 0.04707593
823 308 844 334 0.046518076
586 102 606 127 0.046148278
458 280 480 308 0.045885015
211 384 234 413 0.04553074
587 459 611 490 0.045477793
253 431 279 462 0.04531136
870 455 894 484 0.0445094
742 306 763 334 0.044499278
842 588 872 625 0.0441787
104 180 126 209 0.043879315
103 77 125 104 0.043770906
665 235 686 261 0.043597512
958 207 980 235 0.04351728
25 276 49 307 0.043498676
492 102 514 131 0.043488413
282 481 305 511 0.042748377
866 147 887 174 0.04158653
491 327 514 355 0.041434933
200 450 229 484 0.041193344
410 261 434 291 0.040995605
768 74 788 99 0.04055658
917 231 938 258 0.040552206
79 78 101 105 0.040485367
942 549 976 593 0.040225983
42 533 74 569 0.040181875
400 399 425 431 0.0401102
646 231 669 258 0.039985865
304 511 330 544 0.0393084
814 149 835 177 0.038909394
486 478 516 514 0.038759205
49 302 74 332 0.038593758
865 552 895 588 0.038569905
285 458 307 488 0.0384215
734 483 762 519 0.038082577
55 253 77 281 0.038040236
542 306 566 337 0.037696254
949 457 974 488 0.037177347
463 304 485 333 0.037035007
204 355 228 384 0.036750253
971 331 996 365 0.03674134
109 259 132 289 0.036646478
944 132 967 162 0.03664298
254 125 279 155 0.036452208
23 234 45 261 0.036370028
118 583 144 618 0.036127202
562 385 588 418 0.036078006
788 429 811 459 0.035904787
234 128 257 156 0.03576145
251 408 278 440 0.035752658
466 203 488 231 0.035572883
156 204 178 231 0.035158385
388 153 410 181 0.034993824
1 479 26 516 0.03449669
774 331 798 359 0.034239758
777 410 801 439 0.034222826
818 279 839 306 0.03384274
487 285 511 314 0.033591107
290 282 313 311 0.033565287
261 507 286 540 0.033213515
69 197 95 230 0.0328727
74 232 98 260 0.03281581
155 229 176 255 0.032788698
149 433 175 465 0.03246114
211 537 235 568 0.032416973
308 183 332 213 0.032339357
714 577 741 611 0.03226273
76 255 98 284 0.032257706
464 180 487 208 0.03216512
793 131 815 159 0.031890426
353 295 378 326 0.03184593
7 384 34 421 0.03179083
509 174 531 201 0.031780574
4 226 25 256 0.031724006
999 274 1022 307 0.03165978
899 128 922 159 0.031484246
570 184 591 211 0.031292595
718 229 740 256 0.031025728
616 233 638 259 0.030931402
846 176 869 204 0.030798286
286 433 309 462 0.03069868
230 452 263 492 0.030307695
158 455 185 488 0.029676974
359 259 381 285 0.029474067
178 458 203 489 0.029374065
566 309 592 340 0.029227864
261 532 284 563 0.0291762
227 234 251 264 0.028983247
823 327 846 356 0.028976418
206 229 231 259 0.028926294
969 455 993 486 0.028840574
160 483 187 516 0.028730096
25 482 58 524 0.02863273
491 249 513 278 0.028627105
77 310 100 338 0.028591156
716 328 741 359 0.02844913
408 586 435 619 0.028444905
615 179 637 206 0.028344868
799 233 823 262 0.027875017
337 510 362 541 0.027765037
587 507 613 540 0.027542517
794 307 815 333 0.027441481
7 257 30 290 0.027415711
531 97 554 126 0.027110305
826 437 849 466 0.027024405
746 584 774 617 0.026908325
820 52 841 79 0.0268834
431 436 456 467 0.026851691
777 100 798 126 0.026730096
717 302 743 332 0.026624145
403 224 427 253 0.026622351
921 80 944 108 0.026512051
764 529 791 560 0.02637042
175 259 197 287 0.026325734
488 177 513 207 0.026212543
894 555 920 590 0.026153328
586 382 610 413 0.02612533
275 377 301 410 0.0260168
55 76 76 103 0.025900068
182 97 204 124 0.025864284
408 503 435 534 0.025851358
410 176 433 206 0.025811756
393 79 417 109 0.025677385
256 482 283 517 0.025503837
332 179 356 209 0.025327604
468 77 491 104 0.025326965
746 204 769 232 0.02528368
593 532 619 564 0.025199251
584 148 605 174 0.025089916
766 483 794 519 0.02484488
797 283 818 310 0.024685683
279 126 302 154 0.024604663
48 280 73 310 0.024466407
130 309 155 338 0.024455547
383 464 408 495 0.024158992
838 478 865 511 0.024087144
161 177 185 206 0.023957983
719 453 746 485 0.023956615
74 400 103 436 0.02382909
439 307 463 337 0.02378997
568 72 591 102 0.023771917
390 279 413 309 0.023701573
155 358 182 388 0.023679249
435 151 457 179 0.023671336
972 282 995 312 0.023657257
514 281 538 310 0.023225129
27 78 50 105 0.023202436
798 562 822 591 0.023100592
769 453 795 485 0.02305792
801 205 822 230 0.023056578
201 482 227 515 0.023042277
494 155 516 183 0.022839595
0 125 23 156 0.022821529
123 509 151 543 0.022800898
258 283 281 311 0.022688195
689 200 712 229 0.0226477
135 232 156 258 0.022521216
284 250 307 278 0.022497315
468 228 490 256 0.02242746
947 328 971 359 0.022401731
749 182 771 208 0.022399394
803 509 847 566 0.022380171
538 152 559 179 0.022373108
839 24 863 55 0.022269458
610 329 632 358 0.022244917
409 155 430 183 0.022242757
874 19 902 52 0.022234464
359 203 382 232 0.022230575
128 103 151 132 0.022229413
255 583 281 615 0.02220862
922 481 950 515 0.022172697
768 254 790 281 0.022165162
337 100 359 127 0.02216043
640 178 660 204 0.022154856
845 308 867 334 0.022105232
773 378 799 409 0.02206048
819 586 846 622 0.022054119
640 507 665 538 0.021994784
356 52 379 81 0.021947123
51 153 74 180 0.021845924
389 258 411 286 0.021706257
444 407 467 436 0.02167514
108 94 132 124 0.021636482
567 435 592 466 0.021456797
667 609 693 639 0.02140565
922 203 945 231 0.021359794
181 228 202 255 0.021319076
202 581 234 621 0.021307569
820 257 841 284 0.021294147
157 126 179 153 0.02127582
587 437 613 467 0.021151664
161 54 184 84 0.021146769
511 206 534 234 0.021035727
968 428 991 460 0.020924192
157 103 179 130 0.020842623
309 478 334 510 0.020823615
206 204 231 233 0.020786326
111 425 138 461 0.020750286
458 482 487 517 0.020677013
466 98 492 130 0.020669749
154 559 180 593 0.020580145
927 327 951 356 0.020557886
178 582 207 618 0.020241918
666 98 687 124 0.020185955
773 280 795 308 0.020109372
893 455 920 488 0.02010019
744 258 765 285 0.02000855
