2_Demonstration_Demonstrators_2_329
62
859 165 898 213 0.9706424
204 48 250 108 0.96853876
249 96 314 177 0.8972527
110 26 151 76 0.71353155
138 103 180 158 0.7048194
789 202 826 249 0.69768214
943 179 975 219 0.6269075
711 167 738 202 0.620407
375 102 404 141 0.2574693
692 230 718 263 0.18380733
24 1 61 38 0.12946422
591 149 614 178 0.121939674
606 200 628 230 0.11443521
988 216 1017 256 0.0982546
733 169 759 203 0.090577535
324 152 358 197 0.090435416
958 348 987 385 0.08479522
690 155 721 194 0.08208906
595 228 619 260 0.07889466
966 195 994 230 0.07320936
766 147 791 179 0.06009885
649 407 680 447 0.058086585
936 293 966 331 0.05744267
664 149 687 180 0.056669995
189 418 306 551 0.047351714
757 330 787 366 0.041604925
641 174 666 205 0.040733237
709 196 737 229 0.03891834
916 126 943 160 0.03721657
590 177 615 209 0.036021642
785 276 816 312 0.03507064
842 351 878 392 0.034657177
564 179 587 210 0.03411729
377 133 411 177 0.03411392
354 146 385 186 0.033157572
708 274 740 309 0.032351077
569 146 593 179 0.032303777
891 425 926 471 0.031326786
1 8 36 50 0.03132531
59 16 100 62 0.030182824
637 197 662 230 0.029782377
189 184 229 236 0.028866433
89 104 149 171 0.028467825
543 200 573 238 0.027671855
318 71 356 119 0.02644907
50 110 90 157 0.026337244
558 221 585 256 0.02528147
120 57 161 107 0.025023403
680 128 709 164 0.024702111
792 327 821 362 0.024268867
994 293 1023 334 0.024083614
642 96 671 133 0.023897994
739 247 769 283 0.023889039
737 199 762 231 0.02343792
890 224 919 259 0.023316389
814 271 841 305 0.022812562
794 245 825 283 0.022327267
266 41 301 82 0.022291895
400 112 438 163 0.022237841
946 330 976 369 0.021882895
640 228 668 263 0.020844275
764 300 794 336 0.02008567
