2_Demonstration_Political_Rally_2_135
58
942 651 998 722 0.29075244
415 641 455 691 0.18936874
21 1078 81 1156 0.14168021
156 549 193 598 0.13918018
270 526 307 575 0.09692069
71 674 112 727 0.09474681
811 458 856 518 0.08691028
42 658 81 709 0.079079024
884 447 939 522 0.07709834
971 395 1026 472 0.069257624
264 382 297 425 0.06375
534 534 582 597 0.059688784
5 1029 43 1084 0.059586976
457 645 499 699 0.05698332
653 442 701 508 0.054911144
526 365 587 442 0.053517025
348 343 386 393 0.05043651
935 583 981 639 0.050092336
339 571 376 616 0.04975461
798 533 847 597 0.04910574
603 438 663 517 0.048819058
5 616 41 670 0.04828578
389 685 429 737 0.04376799
462 691 505 746 0.041920435
49 312 89 360 0.03986497
734 483 779 536 0.038353793
440 1156 489 1213 0.037770588
148 645 186 691 0.036336116
175 567 219 622 0.035423815
188 384 227 430 0.03325462
528 406 622 521 0.032727383
40 949 84 1006 0.032409016
75 610 114 658 0.032090932
318 693 353 738 0.03142268
498 616 539 675 0.031360768
0 447 40 506 0.029624347
67 569 106 618 0.02953246
388 417 426 464 0.029019678
503 338 549 397 0.027144225
956 501 1003 561 0.026793938
147 604 193 662 0.026684683
421 409 464 460 0.026631756
23 1084 125 1231 0.026120514
265 571 305 619 0.024698863
506 255 546 306 0.024489978
159 377 199 425 0.024280638
767 484 816 543 0.02420596
969 347 1018 411 0.02348719
317 346 357 397 0.022915028
128 271 164 314 0.022185845
8 954 51 1015 0.021618089
334 605 376 656 0.021429496
452 406 499 461 0.02131635
613 514 665 581 0.021277973
35 617 75 668 0.021272851
59 341 101 390 0.02091214
896 341 941 394 0.020137485
460 582 502 633 0.020090822
