2_Demonstration_Protesters_2_179
24
154 197 183 233 0.72666454
831 150 864 193 0.3373524
518 199 545 232 0.33020544
864 127 894 163 0.29957238
642 158 670 193 0.25314996
845 193 884 244 0.09294498
533 179 560 213 0.08235699
819 218 855 262 0.079773925
68 268 95 304 0.061256573
697 147 726 185 0.05938186
785 167 817 207 0.04581852
78 322 103 355 0.037578184
488 197 519 234 0.03365434
966 197 993 232 0.033094916
925 230 962 279 0.031465914
796 202 825 240 0.029602006
525 213 562 256 0.025582084
645 248 676 288 0.025388896
467 178 494 210 0.025220891
98 229 122 259 0.024126722
886 142 917 181 0.022475332
146 181 204 251 0.02133114
556 171 586 208 0.021074677
414 129 439 161 0.02017321
