2_Demonstration_Political_Rally_2_107
44
165 588 227 667 0.8458138
515 545 579 630 0.5369547
617 531 701 622 0.40935656
225 487 259 527 0.18700159
738 548 772 591 0.13171956
888 590 925 635 0.123605385
402 518 436 565 0.111533016
241 561 282 616 0.109845385
196 553 271 644 0.08430162
144 522 222 617 0.08333788
848 484 880 525 0.08009631
763 501 794 538 0.07623377
279 487 310 528 0.07511997
282 599 352 677 0.06964045
953 382 980 415 0.06727277
798 485 826 522 0.063535884
942 474 970 509 0.05967809
451 99 576 286 0.053752087
966 398 996 436 0.04572222
952 587 982 626 0.044662375
385 477 413 513 0.04133116
745 483 775 524 0.040955722
247 493 286 542 0.040253397
772 414 804 456 0.038263366
436 357 462 392 0.035969034
200 456 238 501 0.033092827
763 535 795 575 0.032848246
529 515 650 660 0.03047776
916 529 943 563 0.029830586
895 484 919 517 0.029745447
759 572 798 623 0.029649971
706 543 777 633 0.028653424
434 402 501 497 0.02829949
703 498 738 551 0.02744938
816 503 845 540 0.026777396
921 584 953 626 0.02564789
823 429 851 463 0.025357895
924 634 962 679 0.025075084
900 508 926 542 0.02488316
872 465 900 501 0.023048846
380 594 426 652 0.022972232
819 461 846 496 0.021404127
284 457 311 491 0.020954316
492 348 521 387 0.020017155
