2_Demonstration_Protesters_2_460
89
278 235 316 284 0.9159513
482 234 519 279 0.85180587
639 54 680 106 0.8348576
785 67 814 104 0.7372572
325 194 362 242 0.71326345
807 178 843 224 0.60689026
72 84 102 124 0.4953266
881 203 910 240 0.3831801
935 168 965 208 0.29122487
943 71 971 105 0.29074317
892 67 921 101 0.23879528
842 70 871 105 0.22729214
971 102 997 137 0.19725204
521 145 574 209 0.19288409
92 95 122 131 0.18413334
133 176 163 213 0.15591495
29 56 58 94 0.145705
173 74 197 104 0.12865868
534 232 569 273 0.11345663
709 68 737 103 0.09948113
474 97 508 140 0.09896075
689 43 720 83 0.09884744
810 9 843 45 0.097826526
0 147 25 187 0.0955321
51 66 81 108 0.095317245
834 91 869 135 0.08766302
597 116 631 157 0.0706913
990 97 1017 133 0.070097245
922 93 952 132 0.0654237
151 156 179 192 0.06274114
141 294 174 340 0.05868983
870 68 899 104 0.05813299
818 67 846 104 0.057070058
180 52 205 83 0.056241557
437 47 466 85 0.05437879
302 19 329 53 0.04901945
227 228 255 264 0.048429575
202 128 226 160 0.04268745
224 299 260 348 0.04268299
662 247 690 281 0.04212172
893 94 928 134 0.04203474
995 71 1020 106 0.04200468
965 67 994 103 0.03958208
692 272 721 307 0.03953692
668 17 707 64 0.03927503
739 172 768 208 0.038726006
306 67 330 99 0.037077185
740 67 770 102 0.03672959
108 170 138 208 0.036549933
768 11 807 54 0.03617838
199 206 223 238 0.0360996
159 94 186 128 0.035735674
400 100 427 135 0.033268034
927 222 957 259 0.033177443
80 263 120 314 0.03301234
131 70 155 101 0.032616176
975 198 1003 233 0.0325345
17 99 50 139 0.032362457
633 194 665 241 0.03226198
760 167 789 204 0.03203497
503 117 546 166 0.031582244
155 49 179 81 0.03152333
258 67 285 101 0.03127315
730 0 769 43 0.030670213
769 72 817 130 0.0305454
313 120 335 150 0.030337239
713 268 745 306 0.0302413
121 100 148 135 0.029185764
9 -4 53 41 0.029000765
349 276 379 313 0.028770173
889 170 922 210 0.028488278
945 114 975 151 0.027962849
170 250 199 289 0.02726604
967 173 996 212 0.026842821
392 224 428 267 0.025369303
356 151 385 189 0.024183
708 91 742 133 0.023686316
502 220 572 296 0.023673259
282 48 311 86 0.023650445
913 154 971 228 0.023174249
57 74 117 144 0.022575624
234 75 258 107 0.0223649
4 70 29 104 0.02197841
282 101 307 133 0.021911757
327 158 356 196 0.021411063
176 224 204 262 0.021277618
233 125 257 156 0.020556927
325 248 359 287 0.020381555
721 304 755 347 0.02016967
