25_Soldier_Patrol_Soldier_Patrol_25_325
101
285 194 324 246 0.9429832
101 205 146 261 0.9407406
432 122 482 183 0.93452734
542 197 573 237 0.77342004
394 219 429 263 0.602225
240 301 271 340 0.37557128
675 206 706 245 0.3589979
769 279 791 307 0.25789276
303 304 332 343 0.23826604
481 223 521 272 0.1603996
824 303 847 331 0.11268151
458 246 492 291 0.11074659
407 44 446 94 0.0939088
752 285 774 313 0.0923384
890 326 916 358 0.080576815
794 400 820 434 0.08033241
580 457 610 495 0.07622307
489 404 528 450 0.06649678
559 348 588 387 0.06469759
209 403 245 450 0.054795943
690 430 716 464 0.052493185
640 337 665 368 0.05007965
565 476 601 523 0.049590327
914 361 939 392 0.047365326
561 412 589 446 0.046597112
747 356 775 392 0.04593887
818 328 847 363 0.044327952
697 300 722 332 0.04392059
401 385 428 419 0.043578602
529 583 565 632 0.04219496
659 454 689 492 0.04140211
814 409 840 443 0.041222487
773 377 800 412 0.040831782
586 279 617 318 0.040338058
639 406 664 438 0.039840266
897 351 923 384 0.03956221
426 433 463 477 0.039174818
144 344 180 388 0.03719248
331 378 357 411 0.036722694
534 456 565 501 0.03646768
408 276 441 318 0.03635595
722 379 749 412 0.036316413
942 434 967 467 0.03578109
353 400 385 439 0.035397466
115 261 149 305 0.03532567
872 314 894 340 0.035304382
430 348 457 383 0.035197645
618 335 642 365 0.03400818
591 178 617 211 0.033900805
951 156 978 191 0.033746485
768 438 792 469 0.033391215
562 296 591 333 0.032976933
875 352 902 386 0.03292914
663 350 686 380 0.032666337
513 200 548 243 0.032612473
800 335 826 368 0.03169637
613 283 639 317 0.03163245
924 446 955 486 0.031090256
313 427 340 461 0.029964723
282 322 312 360 0.029689295
639 284 665 316 0.029423574
434 270 467 313 0.029273156
592 357 619 392 0.029177923
668 281 692 311 0.028772706
717 284 740 314 0.028187895
505 328 534 365 0.027907
119 298 149 335 0.02787866
352 247 382 286 0.027809743
842 432 869 468 0.027774625
247 350 279 389 0.027504764
845 379 869 410 0.02678671
179 121 216 169 0.026667498
431 194 462 233 0.026433002
745 435 768 463 0.026233854
176 202 213 247 0.026137017
304 357 332 393 0.026061084
458 399 490 436 0.025999095
791 455 817 489 0.02525899
475 477 511 519 0.025243904
389 327 416 362 0.025216265
540 274 568 311 0.024961807
646 429 672 461 0.02493045
325 507 356 543 0.024599707
387 430 416 467 0.023960393
470 117 507 170 0.02380816
321 477 352 515 0.022860508
275 374 305 411 0.022545727
619 403 646 437 0.02239865
788 278 810 307 0.022317493
683 249 708 279 0.022114754
544 330 572 367 0.022025116
281 281 308 317 0.021969669
182 475 211 510 0.021692298
458 299 490 339 0.021510316
431 404 463 442 0.021489127
796 430 822 464 0.021414947
387 356 414 389 0.021078842
344 22 383 70 0.020784477
400 2 433 38 0.02057711
713 434 739 467 0.020462513
875 432 903 467 0.020048177
