25_Soldier_Patrol_Soldier_Patrol_25_436
20
343 108 412 196 0.17471889
74 69 111 117 0.091836765
514 38 549 85 0.066931345
848 142 895 206 0.05060817
928 48 1011 168 0.049829338
791 174 873 301 0.04529662
184 117 224 168 0.044574097
592 19 678 117 0.03956294
684 117 718 166 0.036837596
256 122 289 167 0.03557903
246 202 276 239 0.03460171
527 4 566 46 0.03393132
417 140 473 210 0.03286743
107 14 136 48 0.026233384
302 116 450 316 0.02618544
502 20 572 113 0.023935378
847 81 931 192 0.022997541
718 114 752 164 0.021676945
376 47 413 92 0.021238495
486 138 521 184 0.020217745
