25_Soldier_Patrol_Soldier_Patrol_25_374
21
225 278 276 347 0.99046725
52 287 100 353 0.96083826
503 77 545 134 0.8009626
912 250 980 330 0.52915174
364 271 405 324 0.24139018
707 362 741 410 0.156726
481 196 522 250 0.060493678
152 405 186 449 0.060408216
767 324 802 366 0.058078773
36 197 69 239 0.049565095
143 477 176 520 0.04416396
353 189 420 274 0.039002627
733 366 767 413 0.03747022
805 337 893 451 0.036384918
276 342 318 396 0.032396413
921 668 952 707 0.029148385
555 179 585 219 0.026837293
461 71 493 112 0.026329726
355 318 390 364 0.023564907
94 220 134 274 0.023436759
919 565 1004 661 0.02319646
