25_Soldier_Patrol_Soldier_Patrol_25_747
26
415 199 447 240 0.6187185
328 128 368 180 0.482617
305 202 338 245 0.30472106
227 203 257 238 0.25917476
200 271 249 336 0.15211089
206 221 245 270 0.1345605
372 151 402 190 0.050887156
301 168 338 215 0.035471335
356 231 384 267 0.033879712
249 176 277 212 0.032171767
923 201 952 240 0.031073537
271 344 311 390 0.030942578
274 279 309 322 0.0303096
156 181 180 212 0.02971564
2 424 37 477 0.028251696
45 458 77 501 0.027515026
288 127 314 161 0.027196432
258 379 289 418 0.02633571
951 31 986 82 0.024205139
387 222 420 262 0.024160583
268 537 303 578 0.023175802
277 0 317 38 0.022484308
150 366 184 410 0.022402037
412 161 438 194 0.021956507
315 105 346 143 0.021185841
863 128 1023 353 0.02069237
