25_Soldier_Patrol_Soldier_Patrol_25_463
50
807 118 841 159 0.6376553
358 185 391 228 0.43506032
789 138 832 193 0.43238905
279 206 306 240 0.1867786
736 124 770 166 0.11325827
196 380 226 417 0.09646854
594 274 624 314 0.077377275
131 298 159 337 0.07429406
338 200 367 236 0.072576545
765 122 798 166 0.06576649
543 79 590 138 0.057939265
362 143 388 178 0.056883175
944 148 972 187 0.054851424
182 147 206 177 0.053884163
260 223 286 256 0.053707793
393 388 435 436 0.05345675
907 201 943 243 0.053117856
313 247 348 289 0.051215604
157 247 183 281 0.050111666
575 327 609 368 0.04191727
176 254 202 287 0.040515892
490 376 518 411 0.040493503
178 175 204 209 0.037529375
553 124 605 186 0.037240013
833 135 866 176 0.036910187
322 221 355 257 0.03576562
203 250 229 283 0.03566321
402 430 444 478 0.035612717
276 248 308 287 0.031209143
256 375 283 408 0.029306317
308 153 338 190 0.029211877
342 381 375 418 0.027771976
254 146 284 183 0.026951922
956 169 991 215 0.026839383
708 138 776 218 0.026456986
564 159 624 237 0.026189547
227 376 256 411 0.026128123
207 319 241 361 0.025740642
406 199 440 242 0.023575585
865 127 895 167 0.022859147
279 126 304 157 0.022698032
226 120 253 154 0.021984251
197 275 222 307 0.02159199
921 128 950 168 0.021255651
430 175 458 212 0.021034705
717 102 749 141 0.02075335
403 277 431 314 0.020394659
231 228 258 260 0.02021717
207 100 232 132 0.020166516
373 209 408 255 0.020136807
