25_Soldier_Patrol_Soldier_Patrol_25_527
28
334 205 378 257 0.6956719
743 206 789 262 0.5178427
110 288 145 333 0.4785436
689 156 731 210 0.3700493
868 158 907 207 0.26789567
156 236 195 292 0.15912469
507 281 538 317 0.102869384
155 326 188 368 0.091285445
781 273 812 316 0.08207515
596 376 639 437 0.07458312
829 238 871 292 0.0479078
333 282 365 322 0.04668631
516 377 560 433 0.03840629
412 277 443 315 0.03782204
302 113 344 168 0.03699797
859 258 935 373 0.035516277
312 201 342 242 0.029971322
308 258 332 290 0.029103043
713 183 751 232 0.027997548
129 205 171 264 0.027429037
787 147 825 193 0.026505124
392 354 426 397 0.025705365
388 278 420 318 0.024706006
159 118 204 172 0.024388142
535 303 568 344 0.02357373
639 153 686 216 0.023439376
383 189 420 235 0.022344088
723 298 770 362 0.02017286
