25_Soldier_Patrol_Soldier_Patrol_25_174
25
636 205 670 248 0.23196054
206 155 234 189 0.18843666
378 262 452 345 0.09030818
103 40 130 75 0.07709417
371 77 400 114 0.06468897
90 130 132 179 0.05884987
209 307 247 352 0.05459113
208 225 234 258 0.049478814
48 172 80 215 0.047179088
392 143 428 188 0.04291166
414 215 449 257 0.039543528
254 127 284 164 0.038402874
298 172 329 211 0.033667326
300 97 330 134 0.030461047
122 123 157 166 0.029471532
25 20 57 58 0.029360132
182 168 213 204 0.02840151
129 93 163 136 0.02681858
2 193 33 239 0.026761828
284 146 313 183 0.026726587
334 251 363 288 0.026145937
380 198 414 238 0.024176281
226 206 252 239 0.023047743
434 122 474 170 0.022014093
82 23 113 62 0.020370455
