25_Soldier_Patrol_Soldier_Patrol_25_1026
31
195 208 250 276 0.65349793
455 251 484 287 0.09880224
379 239 409 280 0.09827979
305 222 336 261 0.084344245
525 356 549 387 0.06742438
140 291 226 405 0.058412496
589 337 613 368 0.046466723
530 408 558 442 0.04641196
323 249 357 291 0.040337626
565 335 591 368 0.03675645
517 374 541 405 0.036448706
359 271 386 308 0.03138327
538 272 566 310 0.029270608
156 192 191 238 0.029122176
426 303 454 341 0.028482005
18 105 64 168 0.028476842
581 233 604 261 0.027088461
402 245 433 287 0.025569936
3 187 39 250 0.025376283
65 43 110 101 0.024869695
235 342 272 392 0.02481851
609 353 634 384 0.023814479
695 206 719 237 0.022499975
435 274 464 309 0.022296695
630 152 655 183 0.02199603
520 301 542 332 0.021553114
80 187 117 236 0.02147768
914 0 947 32 0.020940822
531 131 556 162 0.02057519
646 302 670 332 0.020533847
479 249 507 285 0.020039588
