25_Soldier_Patrol_Soldier_Patrol_25_1029
55
260 363 310 427 0.966989
248 178 287 228 0.960378
154 197 201 257 0.95029247
877 160 918 211 0.84541273
122 439 182 514 0.7810827
741 142 793 210 0.78051996
477 183 519 231 0.5764547
580 138 610 176 0.5327997
613 300 647 343 0.515482
663 204 687 235 0.38733494
510 392 549 443 0.35145673
660 298 697 344 0.34092426
553 401 593 451 0.19207041
985 248 1019 299 0.14346896
559 326 586 362 0.12797455
39 610 92 668 0.08438308
610 206 639 244 0.07068513
399 116 431 159 0.067325614
862 218 899 264 0.062702194
840 242 882 295 0.05752327
715 184 750 227 0.054405913
589 219 618 256 0.053133283
40 556 91 620 0.041007258
743 335 770 370 0.04063894
624 289 678 359 0.03833394
692 200 717 233 0.036272943
559 199 588 235 0.035382997
834 302 882 368 0.035070475
688 400 718 439 0.034608245
604 127 639 168 0.03381553
906 61 1012 183 0.033092234
90 571 139 638 0.03145192
642 180 669 214 0.031026624
592 279 628 324 0.030043896
536 117 568 158 0.030038852
642 219 670 255 0.0295393
566 124 627 197 0.028579514
720 331 749 369 0.028333182
400 172 431 210 0.028180115
357 617 413 670 0.027363095
793 17 839 70 0.026036425
945 299 1003 383 0.025387812
840 251 915 354 0.024965452
227 343 272 402 0.02493681
790 378 829 428 0.024464944
818 -3 917 105 0.024422508
693 144 726 185 0.023113078
732 624 781 669 0.022008708
459 114 494 157 0.021650342
841 95 878 144 0.021443954
742 377 778 422 0.021222208
848 171 886 216 0.020861767
683 224 711 258 0.020608239
831 320 918 434 0.020534093
714 380 748 425 0.020271588
