25_Soldier_Patrol_Soldier_Patrol_25_734
47
548 382 586 429 0.46695486
387 252 420 293 0.38872653
178 306 205 342 0.18497609
502 305 537 352 0.13084736
530 231 561 269 0.115715034
157 431 183 462 0.1115891
803 375 849 432 0.09854419
360 229 387 266 0.09312516
581 329 613 367 0.06760498
606 371 643 422 0.06712584
569 429 604 472 0.06611149
384 407 411 440 0.057290304
558 488 596 534 0.05389586
299 398 331 438 0.0485166
468 425 506 471 0.04719909
479 334 524 390 0.040388737
772 372 810 423 0.039716963
575 366 617 420 0.039458964
20 443 55 489 0.038840987
168 451 197 487 0.03840609
431 227 457 263 0.0368462
814 447 861 501 0.036374107
676 579 707 619 0.034010563
280 387 306 422 0.031047186
357 427 387 463 0.031047048
124 525 151 559 0.02986004
465 310 494 347 0.027848495
893 427 924 469 0.027409382
0 560 27 607 0.026364734
629 354 666 406 0.026122844
507 275 537 313 0.025763808
256 450 291 494 0.025762014
920 475 953 517 0.025736857
405 402 436 441 0.02566644
789 419 830 468 0.025042964
298 317 337 369 0.02457434
558 251 587 288 0.023379143
550 584 585 630 0.023251705
224 325 253 364 0.023165394
1 495 28 536 0.022739153
796 397 865 480 0.022641538
166 527 197 566 0.022640126
224 537 253 572 0.022245642
157 378 185 419 0.02095649
589 272 620 310 0.020369286
197 428 227 464 0.02034883
424 389 463 440 0.020202065
