25_Soldier_Patrol_Soldier_Patrol_25_761
103
164 61 208 116 0.85885805
493 98 531 148 0.7866519
689 90 722 129 0.75515455
308 82 346 129 0.66720366
872 136 929 204 0.47475305
150 138 188 187 0.32064745
930 90 965 134 0.2108548
4 165 56 239 0.2059407
771 187 801 224 0.1399658
309 54 341 94 0.13849476
231 88 264 132 0.13722502
983 187 1019 243 0.110635564
732 229 761 266 0.10824366
738 88 770 128 0.10377978
327 194 356 231 0.09583022
435 323 460 356 0.08748548
944 5 998 65 0.08495222
764 121 794 159 0.08293215
411 155 442 191 0.082283646
282 221 309 257 0.08103292
356 65 386 106 0.07284119
703 184 740 227 0.07222769
347 0 386 39 0.07073466
893 8 933 54 0.0688316
249 113 283 156 0.06821721
308 247 333 280 0.06712065
795 100 827 142 0.0652731
610 4 646 45 0.06194432
309 165 341 209 0.05959919
229 165 269 212 0.05834326
251 202 288 249 0.057387676
988 82 1023 140 0.05643237
300 451 329 490 0.05361583
45 403 79 450 0.053111177
353 150 385 192 0.052663423
701 115 738 157 0.052086584
529 89 561 133 0.046549186
96 718 134 759 0.045759104
761 71 790 110 0.045543794
99 38 133 81 0.044411976
430 70 462 111 0.043871403
79 3 110 36 0.04348901
641 137 675 180 0.04322958
741 41 776 84 0.042806562
208 -2 244 34 0.041896965
840 71 874 115 0.041693002
198 144 234 190 0.04110965
638 223 670 266 0.040134415
6 115 47 168 0.040079556
845 379 877 419 0.03894485
274 483 304 521 0.037584495
948 305 979 346 0.037123896
65 351 99 393 0.036750328
126 120 162 171 0.03657105
986 339 1018 389 0.036196493
259 398 286 431 0.035942197
129 610 160 650 0.03431087
397 282 422 315 0.034255706
384 152 411 188 0.03250304
71 95 106 138 0.032087415
477 2 519 45 0.031976227
414 94 445 131 0.031210355
303 295 331 332 0.03092836
558 70 593 114 0.030924266
604 191 643 237 0.030607356
230 259 263 301 0.030450268
972 236 1010 290 0.030310262
863 4 903 50 0.02985527
889 154 963 255 0.029449303
302 21 334 59 0.028579418
329 378 357 413 0.027816586
690 2 726 41 0.027429624
122 66 156 109 0.027267635
663 2 695 37 0.027162641
248 443 286 488 0.026646297
282 433 314 472 0.025878998
918 299 949 339 0.02561415
585 297 612 333 0.025417041
246 0 288 40 0.025336292
414 329 443 365 0.024965657
373 8 413 53 0.02478829
233 644 278 696 0.02446792
795 270 834 317 0.024305843
742 143 774 182 0.02411546
812 1 849 38 0.024027664
283 44 313 83 0.024013165
682 49 723 103 0.023506528
202 49 231 90 0.023493279
408 196 439 235 0.022996549
506 47 541 88 0.022981696
227 50 261 93 0.022970403
538 150 568 189 0.022242418
809 58 855 116 0.02189098
285 150 316 191 0.021786649
324 405 357 449 0.021356322
457 64 488 105 0.02125792
607 118 648 166 0.021152731
465 95 494 135 0.020904602
563 119 595 159 0.020839026
839 113 882 165 0.020780802
903 419 942 466 0.02062721
988 139 1021 194 0.02045099
65 143 99 188 0.020171061
