31_Waiter_Waitress_Waiter_Waitress_31_420
33
464 180 29 43 0.9985019 
651 219 28 34 0.99821895 
916 211 30 39 0.99709487 
583 217 28 34 0.9966118 
692 239 25 31 0.99650913 
332 300 23 28 0.9946784 
373 299 22 27 0.9898317 
551 219 24 34 0.9839489 
535 204 22 29 0.9832508 
194 287 19 24 0.97591496 
489 216 24 31 0.97337466 
240 314 20 26 0.97177833 
696 208 23 28 0.96180904 
41 218 22 27 0.944501 
535 230 21 27 0.9211242 
868 306 22 28 0.90185803 
145 264 17 20 0.86836076 
279 317 19 21 0.8221082 
407 230 19 28 0.7982128 
120 296 19 22 0.73591864 
415 214 21 31 0.62176883 
883 306 21 29 0.43773708 
201 325 16 23 0.12602669 
869 277 9 13 0.10556611 
301 305 17 22 0.09207589 
524 203 20 29 0.086683206 
347 219 18 25 0.083982766 
140 269 16 19 0.083596915 
515 204 16 27 0.0342083 
563 215 26 34 0.030979332 
386 284 18 23 0.02697346 
1012 305 11 18 0.02321855 
293 296 15 20 0.022279058 
