31_Waiter_Waitress_Waiter_Waitress_31_162
22
469 371 221 275 0.9995753 
17 714 17 21 0.6971011 
213 718 10 13 0.28581554 
310 720 12 16 0.17884439 
260 724 12 14 0.13792032 
241 712 10 13 0.10660704 
125 936 51 61 0.09696335 
44 713 15 19 0.075398825 
89 721 15 17 0.0721583 
372 720 14 19 0.049133558 
382 477 33 34 0.037601423 
924 193 40 46 0.03624305 
279 726 11 14 0.035708174 
293 834 14 17 0.033771202 
70 700 13 15 0.030766249 
456 239 48 74 0.030356152 
260 743 15 18 0.03012139 
84 729 16 19 0.030032676 
131 965 44 48 0.028421743 
311 712 11 14 0.025453413 
209 722 12 15 0.025095353 
358 887 43 52 0.020040022 
