31_Waiter_Waitress_Waiter_Waitress_31_351
22
303 163 137 193 0.99976414 
870 74 48 67 0.9990231 
139 147 26 42 0.968308 
780 196 21 30 0.42966497 
838 157 14 18 0.29292825 
157 149 25 33 0.2751753 
18 183 25 30 0.2310185 
538 175 16 18 0.14688309 
816 328 9 12 0.09929748 
723 124 16 20 0.08426578 
86 144 25 45 0.06719964 
689 271 27 31 0.053235713 
483 165 13 20 0.039756715 
831 158 16 19 0.038939007 
774 169 12 16 0.033305123 
528 145 13 18 0.030259846 
243 173 38 51 0.0300853 
51 159 18 24 0.027282702 
786 324 13 13 0.025059672 
501 180 12 17 0.024993874 
189 115 27 37 0.024277164 
676 95 14 19 0.021311674 
